1.000000000000000000e+00 0.000000000000000000e+00 2.926019895731714793e-04 0.000000000000000000e+00
2.000000000000000000e+00 0.000000000000000000e+00 6.101341779512508721e-04 0.000000000000000000e+00
4.000000000000000000e+00 1.000000000000000000e+00 1.253327938141453237e-03 6.016652809883476952e-05
8.000000000000000000e+00 1.000000000000000000e+00 4.559929593974878723e-03 1.927623248631730329e-04
9.000000000000000000e+00 1.000000000000000000e+00 1.957904046713269605e-02 1.250373992326615780e-03
1.100000000000000000e+01 2.000000000000000000e+00 1.271418795952537206e-01 1.267895819753579387e-02
1.700000000000000000e+01 2.000000000000000000e+00 1.635908282486940313e-01 1.664756974379686533e-02
1.700000000000000000e+01 3.000000000000000000e+00 2.074761659888346987e-01 2.154888072114776593e-02
1.700000000000000000e+01 4.000000000000000000e+00 2.612148233494396843e-01 2.740033736224998379e-02
2.000000000000000000e+01 5.000000000000000000e+00 3.269543121750471126e-01 3.422462494065865030e-02
2.100000000000000000e+01 6.000000000000000000e+00 4.053057454414387140e-01 4.200917445686877527e-02
2.300000000000000000e+01 7.000000000000000000e+00 6.064097956645372323e-01 6.022715447616781154e-02
2.300000000000000000e+01 8.000000000000000000e+00 7.311301796340141657e-01 7.059352332754696702e-02
2.300000000000000000e+01 9.000000000000000000e+00 8.730231547615353582e-01 8.174621437816040337e-02
2.300000000000000000e+01 1.100000000000000000e+01 1.032309396791603939e+00 9.375530688485772535e-02
2.400000000000000000e+01 1.100000000000000000e+01 1.610705244310466355e+00 1.350180519561104964e-01
2.400000000000000000e+01 1.100000000000000000e+01 2.069327503272137214e+00 6.693667428102602346e-02
2.400000000000000000e+01 1.200000000000000000e+01 2.316391144287946791e+00 8.271222563017824325e-02
2.400000000000000000e+01 1.300000000000000000e+01 3.113003527050083097e+00 1.485205154798804605e-01
2.500000000000000000e+01 1.300000000000000000e+01 3.682748177277871626e+00 2.122750909111317530e-01
2.600000000000000000e+01 1.600000000000000000e+01 3.978608637050323082e+00 2.515313520628583710e-01
2.800000000000000000e+01 1.600000000000000000e+01 4.593513418113578162e+00 2.434641390744654299e-01
2.900000000000000000e+01 2.000000000000000000e+01 5.240895422372446433e+00 3.502902493594659550e-01
2.900000000000000000e+01 2.100000000000000000e+01 6.269305768386233879e+00 5.431236364503566616e-01
3.000000000000000000e+01 2.200000000000000000e+01 6.623689840806918916e+00 6.133116301956558214e-01
3.300000000000000000e+01 2.300000000000000000e+01 6.981324288122727317e+00 6.852477906685846554e-01
3.400000000000000000e+01 2.200000000000000000e+01 7.339227872017623611e+00 6.564469309999164670e-01
3.500000000000000000e+01 2.100000000000000000e+01 7.695311388340460468e+00 6.245772948965319094e-01
3.600000000000000000e+01 1.900000000000000000e+01 8.392227829574752107e+00 5.528876321459300636e-01
3.700000000000000000e+01 1.800000000000000000e+01 8.728915996803564781e+00 5.140371554840801327e-01
3.800000000000000000e+01 1.700000000000000000e+01 9.370479661484012013e+00 5.391716010261256020e-01
3.900000000000000000e+01 1.600000000000000000e+01 9.673806199479507484e+00 5.022146343244330291e-01
3.800000000000000000e+01 1.300000000000000000e+01 1.003162405372210664e+01 5.434552108536505610e-01
3.700000000000000000e+01 1.400000000000000000e+01 9.780132172103137123e+00 6.205440610164602022e-01
3.400000000000000000e+01 1.200000000000000000e+01 8.269335498122071471e+00 5.735036961423021218e-01
3.200000000000000000e+01 1.300000000000000000e+01 8.237864103257070525e+00 8.594556930862344846e-01
3.300000000000000000e+01 1.200000000000000000e+01 8.490816737117819812e+00 7.201593566349857589e-01
3.200000000000000000e+01 1.100000000000000000e+01 8.520536860796223522e+00 6.065435046652473128e-01
3.200000000000000000e+01 6.000000000000000000e+00 9.160052103196372641e+00 1.898078490617542413e-01
2.800000000000000000e+01 5.000000000000000000e+00 7.891518960212581035e+00 3.383446245754077181e-02
2.400000000000000000e+01 5.000000000000000000e+00 6.095978550426404574e+00 8.719858677222336318e-02
2.400000000000000000e+01 5.000000000000000000e+00 6.638956174244588837e+00 2.302912373869590579e-01
2.600000000000000000e+01 3.000000000000000000e+00 7.827186251606272016e+00 1.865011924962016177e-01
2.500000000000000000e+01 1.000000000000000000e+00 6.829380442225731151e+00 7.422079784366922284e-02
2.500000000000000000e+01 1.000000000000000000e+00 6.491754091862880216e+00 8.086446811663448864e-02
2.700000000000000000e+01 4.000000000000000000e+00 6.812854691055357570e+00 9.280789910345166316e-02
2.900000000000000000e+01 4.000000000000000000e+00 7.142583871117781591e+00 6.671814887761623198e-04
2.600000000000000000e+01 4.000000000000000000e+00 5.664971693479411208e+00 2.084707722812712341e-03
2.600000000000000000e+01 5.000000000000000000e+00 5.341280503197044283e+00 3.081015645529605780e-03
2.800000000000000000e+01 5.000000000000000000e+00 5.020235808078652440e+00 4.440704232899186227e-03
2.900000000000000000e+01 5.000000000000000000e+00 4.701279117144667730e+00 6.357164076114484724e-03
2.800000000000000000e+01 6.000000000000000000e+00 4.384931741315445386e+00 9.089014312051255789e-03
2.600000000000000000e+01 7.000000000000000000e+00 3.946198788037484917e+00 2.466994976487121155e-02
2.700000000000000000e+01 7.000000000000000000e+00 3.832977966798003955e+00 4.491392735101448763e-02
2.900000000000000000e+01 7.000000000000000000e+00 4.030426454615541054e+00 5.922321454228501175e-02
3.100000000000000000e+01 7.000000000000000000e+00 4.232340741980699761e+00 7.679185278717419461e-02
3.100000000000000000e+01 7.000000000000000000e+00 4.371577775344417383e+00 1.504839897020688599e-01
3.100000000000000000e+01 8.000000000000000000e+00 4.825441903078408146e+00 2.157778888733382083e-01
3.300000000000000000e+01 9.000000000000000000e+00 5.064150368540524916e+00 2.521334819251928039e-01
3.400000000000000000e+01 9.000000000000000000e+00 5.566802439074911568e+00 3.295333105165120235e-01
3.300000000000000000e+01 1.000000000000000000e+01 5.608981660098043776e+00 4.101737923799062546e-01
3.300000000000000000e+01 1.000000000000000000e+01 5.994395562859176074e+00 3.268152627777929364e-01
3.300000000000000000e+01 1.100000000000000000e+01 6.631402531223987040e+00 1.784119554473408698e-01
3.300000000000000000e+01 1.200000000000000000e+01 6.807204289074079817e+00 2.273739352158023752e-01
3.600000000000000000e+01 1.200000000000000000e+01 7.155614534130902094e+00 2.524323297769539010e-01
3.300000000000000000e+01 1.000000000000000000e+01 7.852613253465575482e+00 9.824961870616874537e-02
3.300000000000000000e+01 1.000000000000000000e+01 8.461096301795013375e+00 1.868833373658364549e-01
3.200000000000000000e+01 1.000000000000000000e+01 9.220370863861237609e+00 4.222207181316717239e-01
2.900000000000000000e+01 9.000000000000000000e+00 9.274246898666989480e+00 5.045319247464842283e-01
3.000000000000000000e+01 9.000000000000000000e+00 9.554190428448642081e+00 5.571690901856857225e-01
3.100000000000000000e+01 8.000000000000000000e+00 1.008899949982006561e+01 5.506451927175247674e-01
2.800000000000000000e+01 5.000000000000000000e+00 9.574708480065407201e+00 2.723447797695773831e-01
3.000000000000000000e+01 5.000000000000000000e+00 9.304223091657554789e+00 1.836149946287139734e-01
2.900000000000000000e+01 6.000000000000000000e+00 9.025300928830203517e+00 9.434660284059324942e-02
2.900000000000000000e+01 7.000000000000000000e+00 8.740377027734897553e+00 1.026001172743488121e-01
3.200000000000000000e+01 9.000000000000000000e+00 8.945653044534610743e+00 1.111020397127484016e-01
3.300000000000000000e+01 9.000000000000000000e+00 8.839661141727077620e+00 2.354595630522566402e-02
3.000000000000000000e+01 9.000000000000000000e+00 7.047461319868307150e+00 5.854437680313164666e-02
3.100000000000000000e+01 9.000000000000000000e+00 7.205164103010078591e+00 7.116431533673733822e-02
3.100000000000000000e+01 1.000000000000000000e+01 7.357914241294041702e+00 8.572124875355659201e-02
2.500000000000000000e+01 9.000000000000000000e+00 4.877163891230464010e+00 1.682213497894586296e-01
2.600000000000000000e+01 9.000000000000000000e+00 5.185813447451941727e+00 2.514889502410825317e-01
2.600000000000000000e+01 9.000000000000000000e+00 4.856416335507335980e+00 3.003569023621273093e-01
2.400000000000000000e+01 1.000000000000000000e+01 4.645435128450897899e+00 5.249508834015705894e-01
2.300000000000000000e+01 1.000000000000000000e+01 4.624430608179169511e+00 5.333662688239648730e-01
2.300000000000000000e+01 8.000000000000000000e+00 5.234290547412600247e+00 5.115969633756690671e-01
2.100000000000000000e+01 3.000000000000000000e+00 4.646221992787967991e+00 6.599181256086042446e-02
2.100000000000000000e+01 4.000000000000000000e+00 4.946851986139066071e+00 7.573946949685197993e-02
2.300000000000000000e+01 4.000000000000000000e+00 5.244444306367825881e+00 8.592745438847465556e-02
2.400000000000000000e+01 4.000000000000000000e+00 5.536217933943806457e+00 9.661976165505820058e-02
2.700000000000000000e+01 4.000000000000000000e+00 5.820875732490368826e+00 1.078796797169819383e-01
2.800000000000000000e+01 5.000000000000000000e+00 6.096194653976885647e+00 1.198555256592124252e-01
2.800000000000000000e+01 4.000000000000000000e+00 6.118005643293486173e+00 4.422595160698809119e-02
2.800000000000000000e+01 4.000000000000000000e+00 6.095302566920256737e+00 6.681261313212553954e-02
2.800000000000000000e+01 5.000000000000000000e+00 6.525303508926523222e+00 9.445814447894448906e-02
2.800000000000000000e+01 6.000000000000000000e+00 6.918127108462178931e+00 1.257114564868351270e-01
3.100000000000000000e+01 6.000000000000000000e+00 7.103492978567561345e+00 1.421826250333099451e-01
3.300000000000000000e+01 7.000000000000000000e+00 7.282506385201083177e+00 1.590989724801111782e-01
3.400000000000000000e+01 7.000000000000000000e+00 7.456381742085834041e+00 1.762982151748267445e-01
3.700000000000000000e+01 7.000000000000000000e+00 7.627085947144517597e+00 1.938200885691654940e-01
3.500000000000000000e+01 7.000000000000000000e+00 7.136701856933797217e+00 1.403583625291736636e-01
3.700000000000000000e+01 8.000000000000000000e+00 7.307080022689133258e+00 1.574441070734817760e-01
3.700000000000000000e+01 8.000000000000000000e+00 7.663445101710972374e+00 9.001375627371087373e-02
3.800000000000000000e+01 8.000000000000000000e+00 7.853374135999597883e+00 1.079566714876164096e-01
3.700000000000000000e+01 1.000000000000000000e+01 6.994209845544753890e+00 1.735454989277294136e-01
3.400000000000000000e+01 1.100000000000000000e+01 4.612890805116686366e+00 2.467404388825961692e-01
3.400000000000000000e+01 1.200000000000000000e+01 5.242329273849604121e+00 2.150694186665964291e-01
3.400000000000000000e+01 1.300000000000000000e+01 5.077187167059319606e+00 2.496143698477504280e-01
3.400000000000000000e+01 1.200000000000000000e+01 6.001130220703979390e+00 3.115046147647132502e-01
3.400000000000000000e+01 1.200000000000000000e+01 6.763228180678483525e+00 2.990288001460512657e-01
3.500000000000000000e+01 1.200000000000000000e+01 7.155362708465850652e+00 3.438484205419482520e-01
3.500000000000000000e+01 1.100000000000000000e+01 7.866107671042236404e+00 3.877126811716274934e-01
3.600000000000000000e+01 1.100000000000000000e+01 8.599038972187367236e+00 4.362072352607961889e-01
3.600000000000000000e+01 9.000000000000000000e+00 1.011481815948505236e+01 4.657584172686085600e-01
3.800000000000000000e+01 7.000000000000000000e+00 1.087491665621035430e+01 3.417080050305927319e-01
3.900000000000000000e+01 9.000000000000000000e+00 1.124052500888660511e+01 3.780972388603164314e-01
3.900000000000000000e+01 7.000000000000000000e+00 1.109822932425603348e+01 2.106688666015103517e-01
4.000000000000000000e+01 8.000000000000000000e+00 1.176977317669184586e+01 2.675129870004964716e-01
4.000000000000000000e+01 1.000000000000000000e+01 1.189502743910720994e+01 3.242628527324775689e-01
3.600000000000000000e+01 8.000000000000000000e+00 1.024918530925818416e+01 1.937832914518133609e-01
2.900000000000000000e+01 6.000000000000000000e+00 8.841951598662205924e+00 2.047170763001628646e-01
2.600000000000000000e+01 7.000000000000000000e+00 7.796273487104635080e+00 1.621529048486398117e-01
2.500000000000000000e+01 8.000000000000000000e+00 7.522686795969462104e+00 1.940153626641331619e-01
2.500000000000000000e+01 9.000000000000000000e+00 7.749115728180290041e+00 2.280558236016823337e-01
2.500000000000000000e+01 9.000000000000000000e+00 7.213724145859425896e+00 2.994978762104442693e-01
2.300000000000000000e+01 1.000000000000000000e+01 6.915458687374689717e+00 4.039134328512007377e-01
2.300000000000000000e+01 8.000000000000000000e+00 6.877588307687100055e+00 2.617296147604942780e-01
1.800000000000000000e+01 8.000000000000000000e+00 5.051729935749480482e+00 2.155218990459389361e-01
1.800000000000000000e+01 7.000000000000000000e+00 5.653902452892626940e+00 5.045145888832966441e-02
1.800000000000000000e+01 8.000000000000000000e+00 5.682706202295801923e+00 1.073759978773094065e-01
2.000000000000000000e+01 9.000000000000000000e+00 5.488064725637599395e+00 1.628117972925256784e-01
2.300000000000000000e+01 1.100000000000000000e+01 5.756514582865534635e+00 2.305922634123296344e-01
2.300000000000000000e+01 1.100000000000000000e+01 5.614246627296396674e+00 3.466510940985356171e-01
2.300000000000000000e+01 1.100000000000000000e+01 5.332090356571042022e+00 4.278786232816507162e-01
2.500000000000000000e+01 1.100000000000000000e+01 5.436949039683870666e+00 4.686460224666591512e-01
2.500000000000000000e+01 1.000000000000000000e+01 4.650939034536158090e+00 3.387762617960450862e-01
2.500000000000000000e+01 8.000000000000000000e+00 4.473733392140518461e+00 2.298005317468873876e-01
2.600000000000000000e+01 8.000000000000000000e+00 4.821684463944885479e+00 2.240741128063737653e-01
2.100000000000000000e+01 8.000000000000000000e+00 3.036382100845062215e+00 3.011976795575377341e-01
2.000000000000000000e+01 8.000000000000000000e+00 3.078128344335675504e+00 3.020173551178025328e-01
2.000000000000000000e+01 7.000000000000000000e+00 3.005734888504786984e+00 2.626568294338844090e-01
2.100000000000000000e+01 7.000000000000000000e+00 3.238144228293372340e+00 2.894104981953735667e-01
2.000000000000000000e+01 7.000000000000000000e+00 3.242608974665150967e+00 2.410266009677507759e-01
2.000000000000000000e+01 8.000000000000000000e+00 3.785344852420113870e+00 1.857134176003653048e-01
2.000000000000000000e+01 8.000000000000000000e+00 5.232044067135164234e+00 1.826164785998325157e-01
2.100000000000000000e+01 9.000000000000000000e+00 5.520239434666316392e+00 2.064311892703162010e-01
2.300000000000000000e+01 1.000000000000000000e+01 5.803384229396074012e+00 2.312494762558707784e-01
2.400000000000000000e+01 9.000000000000000000e+00 6.848719574240137220e+00 2.269004333023279252e-01
2.700000000000000000e+01 1.000000000000000000e+01 6.586519203510497356e+00 2.535604019743847304e-01
2.700000000000000000e+01 1.000000000000000000e+01 6.518601676141497769e+00 2.058329596219296564e-01
2.800000000000000000e+01 1.000000000000000000e+01 6.715686179344522166e+00 2.341220918544693330e-01
2.900000000000000000e+01 9.000000000000000000e+00 6.901842284878864753e+00 1.629812504495500580e-01
3.000000000000000000e+01 9.000000000000000000e+00 6.581250529602539423e+00 1.923345290236170568e-01
3.200000000000000000e+01 9.000000000000000000e+00 7.204223081374479420e+00 2.343184479632286488e-01
3.500000000000000000e+01 9.000000000000000000e+00 7.347293650177094904e+00 2.713635322704652797e-01
3.400000000000000000e+01 1.100000000000000000e+01 7.408932156759924226e+00 4.325581991114308966e-01
3.400000000000000000e+01 1.100000000000000000e+01 7.553074353947783592e+00 3.725569971091450272e-01
3.300000000000000000e+01 1.100000000000000000e+01 6.709175610960286029e+00 4.106987841700840414e-01
3.000000000000000000e+01 9.000000000000000000e+00 5.213608933775711662e+00 2.079105672214339451e-01
3.000000000000000000e+01 9.000000000000000000e+00 4.903114807805726727e+00 2.377576087943142624e-01
2.900000000000000000e+01 1.000000000000000000e+01 5.054969667379504372e+00 3.342965271964126184e-01
3.200000000000000000e+01 9.000000000000000000e+00 5.304799509404127811e+00 2.662546133969246331e-01
2.800000000000000000e+01 9.000000000000000000e+00 4.163923470429780949e+00 2.526312312996694676e-01
2.700000000000000000e+01 1.000000000000000000e+01 3.980036310976359459e+00 2.837962099436300289e-01
2.700000000000000000e+01 1.100000000000000000e+01 4.306191991208132563e+00 3.164756241566447081e-01
2.800000000000000000e+01 1.100000000000000000e+01 4.851384013845025045e+00 2.084163879332871783e-01
2.700000000000000000e+01 9.000000000000000000e+00 7.834744634571728206e+00 2.539343653179728655e-01
2.600000000000000000e+01 9.000000000000000000e+00 8.233479223074166242e+00 2.629136773649796144e-01
2.700000000000000000e+01 8.000000000000000000e+00 8.786994862321082067e+00 2.399802782842026250e-01
2.700000000000000000e+01 9.000000000000000000e+00 9.051900561875344309e+00 2.797043299606857270e-01
2.900000000000000000e+01 1.000000000000000000e+01 9.309750899108818700e+00 3.220932123060452623e-01
3.100000000000000000e+01 1.000000000000000000e+01 1.003929667934850123e+01 3.525552648481197204e-01
3.000000000000000000e+01 1.100000000000000000e+01 9.991290648686545595e+00 4.368690764932468551e-01
3.000000000000000000e+01 1.100000000000000000e+01 9.706314114831489093e+00 3.756745669868459814e-01
2.900000000000000000e+01 1.100000000000000000e+01 9.107323000466761798e+00 4.445828377306325074e-01
2.900000000000000000e+01 1.000000000000000000e+01 9.466798532104414576e+00 3.004557699468154430e-01
3.100000000000000000e+01 1.000000000000000000e+01 8.640468851601545097e+00 2.215390413986517981e-01
3.000000000000000000e+01 9.000000000000000000e+00 7.802733230359885752e+00 1.353361010039074996e-01
2.900000000000000000e+01 8.000000000000000000e+00 7.094490747066036995e+00 7.027559430437516075e-02
2.800000000000000000e+01 8.000000000000000000e+00 6.360302277136871574e+00 1.092087516536347364e-01
2.800000000000000000e+01 8.000000000000000000e+00 5.488535722845290898e+00 1.334365268778133773e-01
2.600000000000000000e+01 8.000000000000000000e+00 4.105282275107076551e+00 3.013152837176705234e-01
2.600000000000000000e+01 7.000000000000000000e+00 4.443644132862020868e+00 3.237111444026657958e-01
2.500000000000000000e+01 7.000000000000000000e+00 4.164913178751720402e+00 2.541490069123508722e-01
2.300000000000000000e+01 5.000000000000000000e+00 3.948687301827017659e+00 1.750913319857630990e-01
2.500000000000000000e+01 5.000000000000000000e+00 4.537837034677818515e+00 2.095074643027402539e-01
2.500000000000000000e+01 5.000000000000000000e+00 4.846858885530950012e+00 1.254082885718097451e-01
2.500000000000000000e+01 6.000000000000000000e+00 5.163699773785387137e+00 1.399016814611051540e-01
2.600000000000000000e+01 5.000000000000000000e+00 4.990173279596580080e+00 5.367988871391785738e-02
2.600000000000000000e+01 5.000000000000000000e+00 4.819099493431053816e+00 6.670163847927965128e-02
2.700000000000000000e+01 7.000000000000000000e+00 6.439363085190357161e+00 1.527843251224161314e-01
2.900000000000000000e+01 7.000000000000000000e+00 6.747857006345026498e+00 1.725417850252819740e-01
3.000000000000000000e+01 7.000000000000000000e+00 7.335640384275341042e+00 2.132116157840762138e-01
3.000000000000000000e+01 7.000000000000000000e+00 8.133686115457859245e+00 1.752402948683510486e-01
3.100000000000000000e+01 6.000000000000000000e+00 8.833613472622600327e+00 1.241166606551867002e-01
3.200000000000000000e+01 8.000000000000000000e+00 8.552387660177066309e+00 1.454678906173109687e-01
3.300000000000000000e+01 8.000000000000000000e+00 8.963030944494839503e+00 1.950165103338170336e-01
3.300000000000000000e+01 8.000000000000000000e+00 8.665527204489718471e+00 2.231697275171075356e-01
3.100000000000000000e+01 8.000000000000000000e+00 7.867434501003724101e+00 1.515123260632519619e-01
3.200000000000000000e+01 8.000000000000000000e+00 7.564798611557842278e+00 1.795023350090982628e-01
3.300000000000000000e+01 8.000000000000000000e+00 7.760232334543299082e+00 2.092150831352843077e-01
3.400000000000000000e+01 8.000000000000000000e+00 8.159178758408712540e+00 2.717292275288396008e-01
3.500000000000000000e+01 9.000000000000000000e+00 7.867732736538648908e+00 3.036264476979461668e-01
3.500000000000000000e+01 1.000000000000000000e+01 7.792388888989462359e+00 3.668926708694149608e-01
3.900000000000000000e+01 1.000000000000000000e+01 8.010649901769916426e+00 2.961540732274334786e-01
4.000000000000000000e+01 9.000000000000000000e+00 8.233107636961221942e+00 2.212146990707586913e-01
3.800000000000000000e+01 1.000000000000000000e+01 7.466011796378157150e+00 2.446665292222465204e-01
3.500000000000000000e+01 1.100000000000000000e+01 6.433714833641605679e+00 1.927651341040176880e-01
3.100000000000000000e+01 1.000000000000000000e+01 5.166692692152653699e+00 2.722090515569879354e-01
3.200000000000000000e+01 1.000000000000000000e+01 5.430411707856072745e+00 2.045561885856841677e-01
3.200000000000000000e+01 1.000000000000000000e+01 5.483827849971381951e+00 2.713607756552348649e-01
3.200000000000000000e+01 1.000000000000000000e+01 5.570364951276381760e+00 3.477410023001697437e-01
3.300000000000000000e+01 8.000000000000000000e+00 7.821281179192619781e+00 3.832711666127982530e-01
3.400000000000000000e+01 7.000000000000000000e+00 8.968255769465383054e+00 4.076303510720400425e-01
3.400000000000000000e+01 6.000000000000000000e+00 8.854648717535559044e+00 3.411715018191772142e-01
3.300000000000000000e+01 5.000000000000000000e+00 9.337017673721694777e+00 2.452420450198428137e-01
2.700000000000000000e+01 1.000000000000000000e+00 9.987678920221933154e+00 2.546567841862798845e-02
2.500000000000000000e+01 1.000000000000000000e+00 9.092969561431784697e+00 4.504125444146197393e-02
2.400000000000000000e+01 2.000000000000000000e+00 8.781377457804298459e+00 5.244585530038389787e-02
2.400000000000000000e+01 3.000000000000000000e+00 7.972953279834021245e+00 8.133987493911229438e-02
2.300000000000000000e+01 4.000000000000000000e+00 7.632131456319991791e+00 8.774702742403749089e-02
2.500000000000000000e+01 5.000000000000000000e+00 6.935431452568260546e+00 9.918029474406279966e-02
2.200000000000000000e+01 5.000000000000000000e+00 5.717977378803748678e+00 3.600273230327572307e-03
2.000000000000000000e+01 5.000000000000000000e+00 4.472870384898458340e+00 7.280915386362030693e-03
2.100000000000000000e+01 5.000000000000000000e+00 4.698311056086909687e+00 1.418314835486863233e-02
2.200000000000000000e+01 7.000000000000000000e+00 4.307843611687037111e+00 1.957934310517631116e-02
2.100000000000000000e+01 9.000000000000000000e+00 3.911751131759730882e+00 2.664905597087992642e-02
2.100000000000000000e+01 1.100000000000000000e+01 4.106288045567511702e+00 4.709098135190719486e-02
2.400000000000000000e+01 1.100000000000000000e+01 4.299811047773517636e+00 7.802660246568868252e-02
2.500000000000000000e+01 1.100000000000000000e+01 4.399310835960663191e+00 9.808363163307866339e-02
2.400000000000000000e+01 1.200000000000000000e+01 4.005640838286554484e+00 1.214473042737192338e-01
2.300000000000000000e+01 1.300000000000000000e+01 3.730592838961316549e+00 1.780225552178131831e-01
2.200000000000000000e+01 1.400000000000000000e+01 3.133292939250708287e+00 2.863929769570703887e-01
2.300000000000000000e+01 1.400000000000000000e+01 2.789084493823806632e+00 3.282979812337565861e-01
2.400000000000000000e+01 1.400000000000000000e+01 3.131134607924224600e+00 4.203912813635583556e-01
2.600000000000000000e+01 1.400000000000000000e+01 3.321197833529749399e+00 3.688456575765138856e-01
2.700000000000000000e+01 1.400000000000000000e+01 3.736899027016272079e+00 3.655257238959591093e-01
3.100000000000000000e+01 1.400000000000000000e+01 3.944347618055501936e+00 4.335715944770993646e-01
3.100000000000000000e+01 1.400000000000000000e+01 4.559968971579434260e+00 5.819484601512890931e-01
3.100000000000000000e+01 1.400000000000000000e+01 4.933180338950970523e+00 6.541073666433951939e-01
3.100000000000000000e+01 1.100000000000000000e+01 5.531231120035220883e+00 3.356294562051503894e-01
3.300000000000000000e+01 1.000000000000000000e+01 5.836164189860269857e+00 2.676510470596423774e-01
3.300000000000000000e+01 1.100000000000000000e+01 6.144745105882800651e+00 3.034869444992142618e-01
3.400000000000000000e+01 1.100000000000000000e+01 6.457925595218219961e+00 3.411203226349998063e-01
3.500000000000000000e+01 1.100000000000000000e+01 6.776083671693932331e+00 3.805133831083403195e-01
3.600000000000000000e+01 1.000000000000000000e+01 7.099828321496012506e+00 3.197144696393116603e-01
3.700000000000000000e+01 9.000000000000000000e+00 7.429767977484545760e+00 2.566211362861153256e-01
3.800000000000000000e+01 1.000000000000000000e+01 8.685451946733019568e+00 3.444453316943315024e-01
3.800000000000000000e+01 1.100000000000000000e+01 9.053697170167721353e+00 3.844507081033849971e-01
3.900000000000000000e+01 1.100000000000000000e+01 9.426123934615279865e+00 4.247079141391159052e-01
3.700000000000000000e+01 8.000000000000000000e+00 9.424533142561275056e+00 2.620378384686037898e-01
3.700000000000000000e+01 9.000000000000000000e+00 9.787788643170097558e+00 2.924150793631767331e-01
4.000000000000000000e+01 9.000000000000000000e+00 1.014545143392212090e+01 3.238263623914973688e-01
3.800000000000000000e+01 9.000000000000000000e+00 9.501641560292297228e+00 2.544194520244583702e-01
3.700000000000000000e+01 1.000000000000000000e+01 9.344484974632262464e+00 1.783883840318320479e-01
3.200000000000000000e+01 9.000000000000000000e+00 9.634435620545231060e+00 2.499225380301803578e-01
3.300000000000000000e+01 9.000000000000000000e+00 9.926072702777645418e+00 2.803492150031292596e-01
3.200000000000000000e+01 8.000000000000000000e+00 9.222595406942838636e+00 2.100589715135167401e-01
3.200000000000000000e+01 8.000000000000000000e+00 8.799475678711965898e+00 2.696193932264165372e-01
3.200000000000000000e+01 6.000000000000000000e+00 9.404802268407891574e+00 2.005754211890529159e-01
3.300000000000000000e+01 6.000000000000000000e+00 9.926780754422653175e+00 2.712147638307001452e-01
3.200000000000000000e+01 5.000000000000000000e+00 9.430579637213174493e+00 2.476190718578402672e-01
2.600000000000000000e+01 4.000000000000000000e+00 6.483580032054398146e+00 3.695640510143669566e-01
2.700000000000000000e+01 3.000000000000000000e+00 6.180072099955943976e+00 2.875218997929687714e-01
2.700000000000000000e+01 1.000000000000000000e+00 6.055793163649985544e+00 1.018440478310870395e-01
2.700000000000000000e+01 1.000000000000000000e+00 6.238675935098447312e+00 6.016652809883476952e-05
2.800000000000000000e+01 1.000000000000000000e+00 6.420918492303753666e+00 8.889451418664315329e-05
2.500000000000000000e+01 1.000000000000000000e+00 6.187263905361573890e+00 2.528570488920877258e-03
2.500000000000000000e+01 1.000000000000000000e+00 5.630515005552735097e+00 4.917373370327484013e-03
2.600000000000000000e+01 1.000000000000000000e+00 5.358110664599974982e+00 6.733158871884912730e-03
2.600000000000000000e+01 2.000000000000000000e+00 5.088869219708144875e+00 9.149358069796734161e-03
2.700000000000000000e+01 5.000000000000000000e+00 4.821893043566451986e+00 1.234766455428624489e-02
2.600000000000000000e+01 6.000000000000000000e+00 5.507643405590807006e+00 4.011247611178395817e-02
2.600000000000000000e+01 7.000000000000000000e+00 5.249257992087381197e+00 4.818572631508852289e-02
2.700000000000000000e+01 7.000000000000000000e+00 5.486682030816759870e+00 5.693355551618275306e-02
2.800000000000000000e+01 7.000000000000000000e+00 5.723489682107065768e+00 6.636115544862762616e-02
2.700000000000000000e+01 8.000000000000000000e+00 5.163738364800407155e+00 1.128159630350744486e-01
2.700000000000000000e+01 9.000000000000000000e+00 5.390194908883342073e+00 1.279593716128359093e-01
2.800000000000000000e+01 9.000000000000000000e+00 5.615178318639128641e+00 1.453215531971125407e-01
2.900000000000000000e+01 8.000000000000000000e+00 5.838733513875802750e+00 6.361962167097705290e-02
3.100000000000000000e+01 8.000000000000000000e+00 6.061484296707571495e+00 8.324204570459892150e-02
3.100000000000000000e+01 9.000000000000000000e+00 6.283452775837647941e+00 1.070981064931475490e-01
3.200000000000000000e+01 9.000000000000000000e+00 6.729496267344869054e+00 1.676972700095141489e-01
3.200000000000000000e+01 1.100000000000000000e+01 7.184078570882748593e+00 2.442062314482156271e-01
3.100000000000000000e+01 1.200000000000000000e+01 7.157582980984507515e+00 3.319496396994224829e-01
3.300000000000000000e+01 1.600000000000000000e+01 6.903286529845845010e+00 3.784227321916974751e-01
3.300000000000000000e+01 1.600000000000000000e+01 6.653535213179920582e+00 4.254235656121400644e-01
3.200000000000000000e+01 1.600000000000000000e+01 6.168163106567697618e+00 5.194268068162026797e-01
3.300000000000000000e+01 1.500000000000000000e+01 6.696986525873725782e+00 5.096145285182265283e-01
3.300000000000000000e+01 1.200000000000000000e+01 7.026210201685356260e+00 2.016786103789784956e-01
3.300000000000000000e+01 1.300000000000000000e+01 6.811464320116130011e+00 2.323280126355666275e-01
3.300000000000000000e+01 1.400000000000000000e+01 7.095541144166406688e+00 2.656833519960520307e-01
3.100000000000000000e+01 1.300000000000000000e+01 6.467486438610221100e+00 2.785243864293387439e-01
3.200000000000000000e+01 1.200000000000000000e+01 7.439958339181294455e+00 4.242889044498800999e-01
3.200000000000000000e+01 1.100000000000000000e+01 7.238482963353332522e+00 3.822648863602431391e-01
3.200000000000000000e+01 1.100000000000000000e+01 7.333109706202074918e+00 5.015134942474811508e-01
3.200000000000000000e+01 1.000000000000000000e+01 6.933120661942758112e+00 5.235603048038894869e-01
3.300000000000000000e+01 1.100000000000000000e+01 7.824357996793866121e+00 5.921122040586935809e-01
3.600000000000000000e+01 1.000000000000000000e+01 8.122663438933024338e+00 5.365862509327571361e-01
3.700000000000000000e+01 1.000000000000000000e+01 8.420551485558117832e+00 4.800576114937059602e-01
3.800000000000000000e+01 1.000000000000000000e+01 8.717949395213762998e+00 5.201064599631025631e-01
3.900000000000000000e+01 7.000000000000000000e+00 9.014403254713096558e+00 2.533686188322000765e-01
3.800000000000000000e+01 8.000000000000000000e+00 8.897578151170241867e+00 2.182221573418438032e-01
3.900000000000000000e+01 8.000000000000000000e+00 8.687627788319222333e+00 2.399659129693934856e-01
4.000000000000000000e+01 9.000000000000000000e+00 8.473511263802784299e+00 2.611622795163533461e-01
3.800000000000000000e+01 9.000000000000000000e+00 7.758893665576882981e+00 1.799158049120046510e-01
3.500000000000000000e+01 8.000000000000000000e+00 7.950242461200512700e+00 1.091305153954288676e-01
3.500000000000000000e+01 9.000000000000000000e+00 7.729979700295593226e+00 1.341239410777249064e-01
3.600000000000000000e+01 9.000000000000000000e+00 7.513139196379476026e+00 1.623426159883145925e-01
3.600000000000000000e+01 1.000000000000000000e+01 7.798764321808308253e+00 1.938037228927709799e-01
3.600000000000000000e+01 1.100000000000000000e+01 8.390793074956572895e+00 2.656565366353222934e-01
3.400000000000000000e+01 9.000000000000000000e+00 7.517200526716336206e+00 2.808881328099152030e-01
3.500000000000000000e+01 9.000000000000000000e+00 8.915008107882650634e+00 3.442340118597784770e-01
3.000000000000000000e+01 7.000000000000000000e+00 8.340199239964775302e+00 2.768551625340336386e-01
3.000000000000000000e+01 6.000000000000000000e+00 8.161225516628565657e+00 2.038284612196432644e-01
3.400000000000000000e+01 6.000000000000000000e+00 8.470902606357178399e+00 1.280198572060354534e-01
3.500000000000000000e+01 7.000000000000000000e+00 8.772170201433144854e+00 1.515234654622747423e-01
3.400000000000000000e+01 8.000000000000000000e+00 8.568682633195445320e+00 1.764853793557373818e-01
3.300000000000000000e+01 9.000000000000000000e+00 8.635832570232127026e+00 2.292400873361650770e-01
3.700000000000000000e+01 1.000000000000000000e+01 8.940883348537232322e+00 3.111369262341503461e-01
3.700000000000000000e+01 9.000000000000000000e+00 8.700208205759114577e+00 2.366271537690345927e-01
3.600000000000000000e+01 7.000000000000000000e+00 9.158210931296119739e+00 1.593214347832326294e-01
3.600000000000000000e+01 9.000000000000000000e+00 8.889714647898800948e+00 1.822822407595832972e-01
3.500000000000000000e+01 9.000000000000000000e+00 8.342782895148253886e+00 2.340747155206135410e-01
3.500000000000000000e+01 9.000000000000000000e+00 8.785985586677476533e+00 1.896328642281532861e-01
3.400000000000000000e+01 1.000000000000000000e+01 8.016665073017451348e+00 2.207468698242538441e-01
3.500000000000000000e+01 1.100000000000000000e+01 7.745869467588040180e+00 2.547249946149862665e-01
3.600000000000000000e+01 1.400000000000000000e+01 7.480118783371097813e+00 1.895534169523189483e-01
3.700000000000000000e+01 1.400000000000000000e+01 7.221064242355801355e+00 2.243001086992772453e-01
3.600000000000000000e+01 1.500000000000000000e+01 6.969762709408732881e+00 2.610592055325827721e-01
3.600000000000000000e+01 1.500000000000000000e+01 6.993787975480168839e+00 3.377286894334873835e-01
3.500000000000000000e+01 1.600000000000000000e+01 6.773980451761389077e+00 3.766177979270184384e-01
3.200000000000000000e+01 1.600000000000000000e+01 5.674600842169178705e+00 3.905577288787923651e-01
3.300000000000000000e+01 1.500000000000000000e+01 5.988075011954731686e+00 3.237473457803038412e-01
3.300000000000000000e+01 1.500000000000000000e+01 6.308254880229585915e+00 2.546312270106224074e-01
3.400000000000000000e+01 1.400000000000000000e+01 6.962082247546362623e+00 2.157219339307319406e-01
3.200000000000000000e+01 1.400000000000000000e+01 7.428030175344193964e+00 4.011883637786973766e-01
3.300000000000000000e+01 1.400000000000000000e+01 7.745200103659310997e+00 4.686952662810028314e-01
3.200000000000000000e+01 1.400000000000000000e+01 7.198208333109310075e+00 6.930824245563220742e-01
3.300000000000000000e+01 1.200000000000000000e+01 7.827336889780342588e+00 6.381711077808974730e-01
3.300000000000000000e+01 1.300000000000000000e+01 8.144295520419891687e+00 7.085154094793281176e-01
3.200000000000000000e+01 1.200000000000000000e+01 8.604604785643179099e+00 6.985972045195800728e-01
3.500000000000000000e+01 8.000000000000000000e+00 8.745913813924376612e+00 3.946908587583951578e-01
3.500000000000000000e+01 8.000000000000000000e+00 9.060571210202263970e+00 3.241563338280428197e-01
3.600000000000000000e+01 7.000000000000000000e+00 9.371779132987308358e+00 2.532162469558323914e-01
3.700000000000000000e+01 8.000000000000000000e+00 9.678297849340776082e+00 2.796577974352729146e-01
3.800000000000000000e+01 7.000000000000000000e+00 1.027360480604286863e+01 2.288247084934191544e-01
3.800000000000000000e+01 6.000000000000000000e+00 1.034499290075551592e+01 1.634984857908177713e-01
3.000000000000000000e+01 4.000000000000000000e+00 7.638477360613046940e+00 6.716072003547707281e-02
2.900000000000000000e+01 4.000000000000000000e+00 6.843800207298847305e+00 1.222944010006912219e-01
3.000000000000000000e+01 4.000000000000000000e+00 7.075173317212805735e+00 1.445263646270167901e-01
3.100000000000000000e+01 4.000000000000000000e+00 7.308203815868063558e+00 1.682285560576123051e-01
3.100000000000000000e+01 5.000000000000000000e+00 8.022765756105860291e+00 2.444439937440937571e-01
3.100000000000000000e+01 5.000000000000000000e+00 7.771243541253687326e+00 2.701012724416844146e-01
2.300000000000000000e+01 1.000000000000000000e+00 6.137993139637700324e+00 9.089191541697900015e-03
2.200000000000000000e+01 1.000000000000000000e+00 6.356262498319407150e+00 3.141592653589793394e-02
2.100000000000000000e+01 2.000000000000000000e+00 6.310254763981617998e+00 4.513014895564861767e-02
2.100000000000000000e+01 2.000000000000000000e+00 6.455502346747329590e+00 6.744319069314634596e-02
2.200000000000000000e+01 2.000000000000000000e+00 7.251465492364526533e+00 9.379158955321834079e-02
2.000000000000000000e+01 1.000000000000000000e+00 6.466259151298306307e+00 4.917373370327484013e-03
2.200000000000000000e+01 1.000000000000000000e+00 6.425981009905302521e+00 1.207827045580309872e-02
2.400000000000000000e+01 2.000000000000000000e+00 6.822051352807646296e+00 2.559674529218235184e-02
2.200000000000000000e+01 2.000000000000000000e+00 5.176350265965655950e+00 4.545419306324101349e-02
2.200000000000000000e+01 3.000000000000000000e+00 4.785685404842743296e+00 5.304654304211659649e-02
2.200000000000000000e+01 3.000000000000000000e+00 3.997399100220732304e+00 6.854198706141269304e-02
2.200000000000000000e+01 3.000000000000000000e+00 3.807345969872548253e+00 9.095017260739027276e-02
2.400000000000000000e+01 3.000000000000000000e+00 3.527335190600592529e+00 1.050928044864740118e-01
2.400000000000000000e+01 4.000000000000000000e+00 3.762703154014505280e+00 1.404165738551290191e-02
2.700000000000000000e+01 4.000000000000000000e+00 3.890698391518794708e+00 1.856897048127589128e-02
2.800000000000000000e+01 4.000000000000000000e+00 4.026055255960189427e+00 2.416982105951490448e-02
2.900000000000000000e+01 4.000000000000000000e+00 4.169949423999113058e+00 3.094834078418472190e-02
2.900000000000000000e+01 4.000000000000000000e+00 3.491246119306400608e+00 4.828089503226281470e-02
2.800000000000000000e+01 4.000000000000000000e+00 3.255627715643402809e+00 9.768336559200146985e-02
2.800000000000000000e+01 5.000000000000000000e+00 3.474338013797711788e+00 1.127888033257984646e-01
2.700000000000000000e+01 5.000000000000000000e+00 4.034767588618007217e+00 1.157111046086256034e-01
2.800000000000000000e+01 8.000000000000000000e+00 4.330937556249322640e+00 1.334463157784702703e-01
2.900000000000000000e+01 8.000000000000000000e+00 4.950922996667236120e+00 1.719510440894169157e-01
3.000000000000000000e+01 7.000000000000000000e+00 6.286339264415227390e+00 1.477736878584739177e-01
3.300000000000000000e+01 7.000000000000000000e+00 6.494528117200063733e+00 1.866475202077498008e-01
3.300000000000000000e+01 9.000000000000000000e+00 6.852649248980526409e+00 2.073162190143465478e-01
3.400000000000000000e+01 9.000000000000000000e+00 7.213593410821309782e+00 2.288625380628880046e-01
3.300000000000000000e+01 8.000000000000000000e+00 8.504037664405959873e+00 1.351457745622363094e-01
3.500000000000000000e+01 8.000000000000000000e+00 8.846464286349137396e+00 1.616960983251104489e-01
3.400000000000000000e+01 9.000000000000000000e+00 9.320255238268707387e+00 2.557716274117201594e-01
3.400000000000000000e+01 1.000000000000000000e+01 9.975568292732562625e+00 3.010445065558398081e-01
3.600000000000000000e+01 9.000000000000000000e+00 1.024161845320343289e+01 2.338059308638660572e-01
3.500000000000000000e+01 1.100000000000000000e+01 9.261994196214276442e+00 2.983131176203264179e-01
3.300000000000000000e+01 1.200000000000000000e+01 9.003667855112375662e+00 4.031022858227267247e-01
3.300000000000000000e+01 1.100000000000000000e+01 9.245577778418470061e+00 2.362115891961557024e-01
3.300000000000000000e+01 1.100000000000000000e+01 8.991026055191641220e+00 1.605758905348655396e-01
2.900000000000000000e+01 1.100000000000000000e+01 7.955566533296186904e+00 3.582472161168211988e-01
3.100000000000000000e+01 1.000000000000000000e+01 8.431991100194554889e+00 3.357345335834461264e-01
3.000000000000000000e+01 8.000000000000000000e+00 7.640035220016613060e+00 2.400104558248808140e-01
2.800000000000000000e+01 8.000000000000000000e+00 6.830957005498078161e+00 3.635966076785582257e-01
2.900000000000000000e+01 8.000000000000000000e+00 6.557768799367241996e+00 4.085742504691787791e-01
2.900000000000000000e+01 9.000000000000000000e+00 5.237323465812873557e+00 4.388312040970601124e-01
3.000000000000000000e+01 7.000000000000000000e+00 5.905947576679404065e+00 3.464561738540642977e-01
3.100000000000000000e+01 9.000000000000000000e+00 6.130119739764946729e+00 3.794783617485724125e-01
3.100000000000000000e+01 1.000000000000000000e+01 5.857796753201768958e+00 4.109331359559333374e-01
3.200000000000000000e+01 9.000000000000000000e+00 6.081843417406471275e+00 2.368345023741400823e-01
3.300000000000000000e+01 1.000000000000000000e+01 6.306303475181371354e+00 2.568124564445814495e-01
3.500000000000000000e+01 1.000000000000000000e+01 6.531522287798181559e+00 1.739510661069534891e-01
3.900000000000000000e+01 1.200000000000000000e+01 6.758079335955318179e+00 1.882659842655437787e-01
3.900000000000000000e+01 1.200000000000000000e+01 6.717879522024587935e+00 1.145353283041944253e-01
3.900000000000000000e+01 1.200000000000000000e+01 6.686691635480451978e+00 3.170798640294721776e-02
3.800000000000000000e+01 1.300000000000000000e+01 6.673366358665595577e+00 5.589840964500595449e-02
3.900000000000000000e+01 1.400000000000000000e+01 6.925057530323723398e+00 7.268977480766287969e-02
3.900000000000000000e+01 1.500000000000000000e+01 7.184711050027551948e+00 9.320048225734832437e-02
3.800000000000000000e+01 1.500000000000000000e+01 6.459875220595711731e+00 1.178089614598823442e-01
3.500000000000000000e+01 1.800000000000000000e+01 5.828876380298238402e+00 2.209280860021545223e-01
3.700000000000000000e+01 1.800000000000000000e+01 7.491696284716354626e+00 5.069505865140661038e-01
3.700000000000000000e+01 1.800000000000000000e+01 7.361794325729012378e+00 5.812687874258675169e-01
3.700000000000000000e+01 1.600000000000000000e+01 7.626610117168782565e+00 5.318025872104208407e-01
3.700000000000000000e+01 1.800000000000000000e+01 8.338762600500947642e+00 7.781274937124019742e-01
3.300000000000000000e+01 1.300000000000000000e+01 8.869854075431470974e+00 6.301353235330082736e-01
3.400000000000000000e+01 1.000000000000000000e+01 9.683681999410238106e+00 4.414405028720424506e-01
3.400000000000000000e+01 1.000000000000000000e+01 9.836378955482370401e+00 4.829536817020581019e-01
3.500000000000000000e+01 1.000000000000000000e+01 1.019283975553070398e+01 4.241721550138682906e-01
3.500000000000000000e+01 1.000000000000000000e+01 1.086605632905824415e+01 3.973867668175710133e-01
3.700000000000000000e+01 9.000000000000000000e+00 1.118336514345880772e+01 3.281140355659679098e-01
3.800000000000000000e+01 9.000000000000000000e+00 1.148778227052467571e+01 3.568253639622030460e-01
3.800000000000000000e+01 7.000000000000000000e+00 1.128306194501288928e+01 1.824001242598494721e-01
4.000000000000000000e+01 7.000000000000000000e+00 1.106547445215700698e+01 9.907838700786844588e-02
4.000000000000000000e+01 7.000000000000000000e+00 1.059619702462141255e+01 1.419840046539658507e-01
4.100000000000000000e+01 7.000000000000000000e+00 1.103459364283705035e+01 2.426952892084048297e-01
3.800000000000000000e+01 8.000000000000000000e+00 9.468789915867722229e+00 2.967031880862710524e-01
3.700000000000000000e+01 9.000000000000000000e+00 8.869751109070946882e+00 1.492517573698362854e-01
3.700000000000000000e+01 8.000000000000000000e+00 8.951354630630746101e+00 1.174490738332724798e-01
3.700000000000000000e+01 1.000000000000000000e+01 8.650121905431079838e+00 1.405479637029871109e-01
3.800000000000000000e+01 1.000000000000000000e+01 8.352696673491077917e+00 1.655006253457942667e-01
3.500000000000000000e+01 1.100000000000000000e+01 7.499477867484194427e+00 2.490406733707703768e-01
3.000000000000000000e+01 1.000000000000000000e+01 5.243404761166183370e+00 2.388898576062020440e-01
3.000000000000000000e+01 1.000000000000000000e+01 5.595104040834137038e+00 2.275626217234245630e-01
3.100000000000000000e+01 1.000000000000000000e+01 5.906244634496549573e+00 1.561517141704670819e-01
3.000000000000000000e+01 1.100000000000000000e+01 5.732823174458721915e+00 1.857904380241753584e-01
3.000000000000000000e+01 1.000000000000000000e+01 6.613439005265401960e+00 2.375395096665030015e-01
3.600000000000000000e+01 1.100000000000000000e+01 6.828871439141722455e+00 3.244900727641813476e-01
3.500000000000000000e+01 1.200000000000000000e+01 7.033245852528446029e+00 4.193350078434201489e-01
3.400000000000000000e+01 1.100000000000000000e+01 7.380345213763061629e+00 5.078888481192522786e-01
3.800000000000000000e+01 9.000000000000000000e+00 7.698458882144517901e+00 3.480214610649963181e-01
3.800000000000000000e+01 8.000000000000000000e+00 7.816042165660953778e+00 3.112547611149540372e-01
4.000000000000000000e+01 9.000000000000000000e+00 8.405716671512976745e+00 3.802520734428692650e-01
4.300000000000000000e+01 8.000000000000000000e+00 8.693203257178675258e+00 3.140627390732952384e-01
4.300000000000000000e+01 7.000000000000000000e+00 9.532694823203570422e+00 1.970592043396938442e-01
4.300000000000000000e+01 8.000000000000000000e+00 9.808961598175185870e+00 2.262444493383460042e-01
4.300000000000000000e+01 9.000000000000000000e+00 9.866749433983049045e+00 2.874601003385595654e-01
4.200000000000000000e+01 8.000000000000000000e+00 9.439283972586977711e+00 2.481862076804886574e-01
4.300000000000000000e+01 8.000000000000000000e+00 9.730919115473017911e+00 2.754004234376077886e-01
4.200000000000000000e+01 9.000000000000000000e+00 9.533406146672284365e+00 3.026736414798731345e-01
4.200000000000000000e+01 1.000000000000000000e+01 9.840868635632562089e+00 2.279775252553286891e-01
4.200000000000000000e+01 1.000000000000000000e+01 9.988879329450734090e+00 1.686004206181184184e-01
4.100000000000000000e+01 1.100000000000000000e+01 9.828170585527326253e+00 1.888970716765969726e-01
4.100000000000000000e+01 1.100000000000000000e+01 9.677233562831105473e+00 2.100676265739916948e-01
3.900000000000000000e+01 1.200000000000000000e+01 9.038472171727240934e+00 2.323893412309669115e-01
3.700000000000000000e+01 1.100000000000000000e+01 8.280225227740556804e+00 1.755447408397725895e-01
3.500000000000000000e+01 1.000000000000000000e+01 8.329655228954987223e+00 1.742947372677841888e-01
3.400000000000000000e+01 1.000000000000000000e+01 8.911627713681467000e+00 3.206588991761067930e-01
3.400000000000000000e+01 1.000000000000000000e+01 9.182059281863987010e+00 3.097919736618139908e-01
3.200000000000000000e+01 8.000000000000000000e+00 9.778353436288384160e+00 4.010100174045460597e-01
3.300000000000000000e+01 7.000000000000000000e+00 9.591902664305870019e+00 3.460735104026255171e-01
3.500000000000000000e+01 7.000000000000000000e+00 9.890883766626640039e+00 3.886282246802257312e-01
3.700000000000000000e+01 7.000000000000000000e+00 1.017965794522976175e+01 4.303349019820723598e-01
3.900000000000000000e+01 9.000000000000000000e+00 1.023060262662091624e+01 5.087040764549431993e-01
3.900000000000000000e+01 7.000000000000000000e+00 1.024575832548357646e+01 3.700211817587639174e-01
3.900000000000000000e+01 6.000000000000000000e+00 1.022950179252794278e+01 2.011746578955745102e-01
4.000000000000000000e+01 5.000000000000000000e+00 1.068382326377779989e+01 1.248873898566308371e-01
4.000000000000000000e+01 5.000000000000000000e+00 1.090320764632300232e+01 3.425948554626462306e-02
3.900000000000000000e+01 6.000000000000000000e+00 9.131462905295116173e+00 4.212352347383706286e-02
3.700000000000000000e+01 7.000000000000000000e+00 8.344675853573217950e+00 5.097921107687626574e-02
3.600000000000000000e+01 7.000000000000000000e+00 7.961040462421649977e+00 8.330080728489491770e-02
3.700000000000000000e+01 9.000000000000000000e+00 8.370744729676525608e+00 1.106276841277425288e-01
3.700000000000000000e+01 1.100000000000000000e+01 8.580656395503998723e+00 1.265680156732813255e-01
3.500000000000000000e+01 1.200000000000000000e+01 7.802216658400231708e+00 1.442798104326334652e-01
3.400000000000000000e+01 1.200000000000000000e+01 7.028551661069990963e+00 1.639917501341009720e-01
3.200000000000000000e+01 1.200000000000000000e+01 6.499019969732626301e+00 1.047991436455043834e-01
3.000000000000000000e+01 1.200000000000000000e+01 5.517132817880203710e+00 1.552846041618692607e-01
3.000000000000000000e+01 1.300000000000000000e+01 5.292195462156851882e+00 1.852179793689168186e-01
3.100000000000000000e+01 1.300000000000000000e+01 5.578081262261283868e+00 2.181861742379214708e-01
3.300000000000000000e+01 1.400000000000000000e+01 6.017140441149528840e+00 3.356774519208632901e-01
3.400000000000000000e+01 1.400000000000000000e+01 6.350317083460907952e+00 3.810652951600363436e-01
3.500000000000000000e+01 1.200000000000000000e+01 6.541994841598219423e+00 2.775780121126502076e-01
3.600000000000000000e+01 1.600000000000000000e+01 6.396723526928835390e+00 3.249738002600291997e-01
3.600000000000000000e+01 1.700000000000000000e+01 7.102851716912616631e+00 4.312638491032819710e-01
3.600000000000000000e+01 1.600000000000000000e+01 6.958317175354530981e+00 3.877081059472256008e-01
3.700000000000000000e+01 1.600000000000000000e+01 7.307217310103453656e+00 4.450041345300127515e-01
3.800000000000000000e+01 1.600000000000000000e+01 7.652355283294359545e+00 5.050167758151424824e-01
4.100000000000000000e+01 1.600000000000000000e+01 7.496547254251205494e+00 5.670317356592745606e-01
4.200000000000000000e+01 1.600000000000000000e+01 7.830995979148521968e+00 5.285307061816452157e-01
4.100000000000000000e+01 1.600000000000000000e+01 7.805593094082346362e+00 4.955691068011113254e-01
4.200000000000000000e+01 1.500000000000000000e+01 8.731709487448211959e+00 5.578723093936023281e-01
4.000000000000000000e+01 1.100000000000000000e+01 9.280676336192978937e+00 2.790118098719229778e-01
4.000000000000000000e+01 1.000000000000000000e+01 1.011657275589726801e+01 3.786322526230194718e-01
4.300000000000000000e+01 1.200000000000000000e+01 1.047190564323809348e+01 4.310130297955355738e-01
3.400000000000000000e+01 8.000000000000000000e+00 9.090174848871033220e+00 3.122611161069575592e-01
3.500000000000000000e+01 7.000000000000000000e+00 8.993831180030689154e+00 2.388291384483602620e-01
3.400000000000000000e+01 8.000000000000000000e+00 9.181370097054074364e+00 3.250767953787191966e-01
3.700000000000000000e+01 9.000000000000000000e+00 9.561165504295454198e+00 3.535950819771663256e-01
3.700000000000000000e+01 7.000000000000000000e+00 9.294695317711244797e+00 2.027943319752562590e-01
3.500000000000000000e+01 7.000000000000000000e+00 8.971836325789748656e+00 1.383602572736772340e-01
3.600000000000000000e+01 7.000000000000000000e+00 9.286026840159033569e+00 1.599553543021833002e-01
3.700000000000000000e+01 7.000000000000000000e+00 9.586538224140358722e+00 1.834177950192479589e-01
3.700000000000000000e+01 6.000000000000000000e+00 9.914179245307940036e+00 2.080306793323605241e-01
3.800000000000000000e+01 6.000000000000000000e+00 1.015068607411474133e+01 2.343833836103372537e-01
3.800000000000000000e+01 6.000000000000000000e+00 1.011132984435137416e+01 2.877205116212108726e-01
3.300000000000000000e+01 5.000000000000000000e+00 8.961464344620676314e+00 1.188786106495862693e-01
3.000000000000000000e+01 5.000000000000000000e+00 7.937355617517923179e+00 2.027642742162117095e-01
2.900000000000000000e+01 4.000000000000000000e+00 7.740826931448380854e+00 1.639865707127317052e-01
2.900000000000000000e+01 4.000000000000000000e+00 7.523495931536746895e+00 1.802283311483307837e-01
2.900000000000000000e+01 3.000000000000000000e+00 6.605511251820339602e+00 1.111478186881511843e-01
2.900000000000000000e+01 4.000000000000000000e+00 5.900401102459648328e+00 1.241579145794831224e-01
2.700000000000000000e+01 4.000000000000000000e+00 5.481360481867217693e+00 5.115131822499698055e-02
2.800000000000000000e+01 4.000000000000000000e+00 5.767022565771712905e+00 6.315568227021341186e-02
2.800000000000000000e+01 4.000000000000000000e+00 6.362072214057807429e+00 1.211181216366959273e-01
2.900000000000000000e+01 4.000000000000000000e+00 6.617507191502448372e+00 1.364407698819406212e-01
2.900000000000000000e+01 5.000000000000000000e+00 6.864470410401445122e+00 1.515377341091004026e-01
3.000000000000000000e+01 6.000000000000000000e+00 7.103222397571005153e+00 1.661921656658118529e-01
3.100000000000000000e+01 8.000000000000000000e+00 7.060009282707990330e+00 1.940473789279680283e-01
3.200000000000000000e+01 7.000000000000000000e+00 7.485179110332255803e+00 1.187475060137898886e-01
3.000000000000000000e+01 6.000000000000000000e+00 6.602440501811371654e+00 3.933765942031119262e-02
3.100000000000000000e+01 6.000000000000000000e+00 7.005900898182826353e+00 6.369652132943653955e-02
3.200000000000000000e+01 6.000000000000000000e+00 7.213121508899813072e+00 7.905197704365761469e-02
3.300000000000000000e+01 6.000000000000000000e+00 7.644795810492815313e+00 1.161693878740919089e-01
3.200000000000000000e+01 7.000000000000000000e+00 7.849738940330768244e+00 1.875473306972004761e-01
2.700000000000000000e+01 6.000000000000000000e+00 6.166183096466426150e+00 2.442230811349464514e-01
2.700000000000000000e+01 6.000000000000000000e+00 6.215508104255667909e+00 2.041667552689384879e-01
2.600000000000000000e+01 7.000000000000000000e+00 6.057432983291906048e+00 2.947374430928635936e-01
2.600000000000000000e+01 7.000000000000000000e+00 5.839643565844315098e+00 3.236362013990450315e-01
2.500000000000000000e+01 8.000000000000000000e+00 5.896796801634048180e+00 3.774635203203395850e-01
2.600000000000000000e+01 7.000000000000000000e+00 6.446424463661466042e+00 2.181555826717362645e-01
2.700000000000000000e+01 8.000000000000000000e+00 6.221262589558956613e+00 1.316227151583291843e-01
2.800000000000000000e+01 7.000000000000000000e+00 6.255224559945859575e+00 4.658173785280392276e-02
2.900000000000000000e+01 7.000000000000000000e+00 6.514211230832249733e+00 5.698813629246909235e-02
3.000000000000000000e+01 8.000000000000000000e+00 6.768448868633340609e+00 6.886877094169784053e-02
2.900000000000000000e+01 7.000000000000000000e+00 7.804643092313530595e+00 1.524338459413000502e-01
2.900000000000000000e+01 8.000000000000000000e+00 8.004747262229217952e+00 1.815572997321065751e-01
3.100000000000000000e+01 8.000000000000000000e+00 8.203064619796057499e+00 2.134905214133548945e-01
3.000000000000000000e+01 8.000000000000000000e+00 6.804420155173402485e+00 3.240848933334793402e-01
3.000000000000000000e+01 9.000000000000000000e+00 6.505619851338862780e+00 3.647301682097285891e-01
3.000000000000000000e+01 9.000000000000000000e+00 6.209054418605320258e+00 3.045961215721720294e-01
3.100000000000000000e+01 1.200000000000000000e+01 6.414365566314564227e+00 3.431258187121483116e-01
2.900000000000000000e+01 1.200000000000000000e+01 6.070181590896996937e+00 3.496506115321474928e-01
2.900000000000000000e+01 1.200000000000000000e+01 6.535308061574394145e+00 3.146535600541949806e-01
2.700000000000000000e+01 1.000000000000000000e+01 6.038293441898684222e+00 2.115814152090701172e-01
2.600000000000000000e+01 9.000000000000000000e+00 5.554854759729146885e+00 1.436931688364023463e-01
2.600000000000000000e+01 8.000000000000000000e+00 5.568862386873378867e+00 8.606023789191925844e-02
2.900000000000000000e+01 8.000000000000000000e+00 5.823333076220927218e+00 1.094270951284108673e-01
3.000000000000000000e+01 9.000000000000000000e+00 6.085089095106035906e+00 2.073996637429101342e-01
2.900000000000000000e+01 1.000000000000000000e+01 5.840515654705614068e+00 2.496045482379328773e-01
2.800000000000000000e+01 1.100000000000000000e+01 5.848788735674273376e+00 3.462162978022548243e-01
2.900000000000000000e+01 1.100000000000000000e+01 6.103456508502352662e+00 3.990279180037410445e-01
3.000000000000000000e+01 1.100000000000000000e+01 6.617375445332728034e+00 4.066900065679098231e-01
2.900000000000000000e+01 1.200000000000000000e+01 6.637073038607140596e+00 5.070001586294347051e-01
2.800000000000000000e+01 5.000000000000000000e+00 7.891532171180771549e+00 1.047518379728376720e-01
