4.878512529020895272e+01 6.980866223681050542e+02 7.932984353728083846e-03 2.837909208928965019e-02
6.088279106232850069e+01 5.582252058016464389e+02 7.460668608473927099e-01 2.309598379203297303e-01
7.880464749901535981e+01 1.645675462780622240e+02 3.373248641303297379e+00 3.427973738828640760e-01
4.717076326002587194e+01 6.583570504527813227e+01 2.127141292851410181e+00 1.330817163094855926e-01
3.245221445221444867e+01 3.646775446775446738e+01 1.438238280393573376e+00 7.861359943552988228e-02
2.338981562774363354e+01 2.814398595258998981e+01 1.035678474835308283e+00 5.859117458929714167e-02
1.662213740458015110e+01 1.919083969465648920e+01 7.102131140432450529e-01 3.943556541070903504e-02
1.626245210727969237e+01 1.757471264367816133e+01 7.319995112254320535e-01 3.670026307251374881e-02
1.251190476190476275e+01 1.353373015873015817e+01 5.310911486817885274e-01 2.781490679457945120e-02
1.041170534813319826e+01 1.163370332996972678e+01 4.158335158386600727e-01 2.275396632230014191e-02
9.664640324214792244e+00 1.050962512664640336e+01 3.878816268653583199e-01 2.009929141933210206e-02
9.251798561151078459e+00 9.300102774922919480e+00 3.886546191911554593e-01 1.781417382632374813e-02
7.793032786885246033e+00 9.420081967213114638e+00 3.143728508879571337e-01 1.828980239120904516e-02
7.163847780126849862e+00 7.616279069767442067e+00 2.934175789683305946e-01 1.412156531925669485e-02
6.680917622523462107e+00 7.534932221063607827e+00 2.661626013042300287e-01 1.445444605351587329e-02
6.623036649214659732e+00 6.317277486910994888e+00 2.595537714425198428e-01 1.174604333152258137e-02
5.605319148936169782e+00 6.237234042553191138e+00 2.263169364955754104e-01 1.140103476319889730e-02
5.923157894736841733e+00 5.326315789473683893e+00 2.417852229847942680e-01 9.526379318968254337e-03
5.570974576271186862e+00 5.908898305084745672e+00 2.022977451208418376e-01 1.050227593194801023e-02
5.114316239316239354e+00 5.327991452991453158e+00 1.932782458512053436e-01 9.776016798501194205e-03
4.856377277599142950e+00 4.980707395498392032e+00 1.834165325391042267e-01 9.081493520182217991e-03
4.599362380446333276e+00 4.352816153028692625e+00 1.693083662081162621e-01 7.777723196346546068e-03
4.390977443609022757e+00 4.705692803437163896e+00 1.674238459685931379e-01 8.632496376001108640e-03
4.040772532188841026e+00 4.229613733905579487e+00 1.467806547974793430e-01 7.667051660732039642e-03
3.655879180151024865e+00 4.224379719525350296e+00 1.307933388181823087e-01 7.463110058853327823e-03
3.497285559174810210e+00 3.970684039087947870e+00 1.255253861951553807e-01 6.990480965765631834e-03
3.641774891774891554e+00 3.873376623376623584e+00 1.270428829773438129e-01 6.655017547321279495e-03
3.502173913043478137e+00 3.774999999999999911e+00 1.263284940822310132e-01 6.750109995770872673e-03
3.705059203444564186e+00 3.426264800861141158e+00 1.373856587669992080e-01 5.665661205500224264e-03
3.504301075268817289e+00 3.531182795698924792e+00 1.262443459181193939e-01 6.286623688842809046e-03
3.387201735357917354e+00 3.229934924078091019e+00 1.182231624190810682e-01 5.384051218878155125e-03
3.013001083423618720e+00 3.196099674972914251e+00 1.018932485834669055e-01 5.184710075943441132e-03
3.018358531317494542e+00 2.998920086393088713e+00 1.017338610577429719e-01 4.761434490823554695e-03
2.959007551240560918e+00 3.226537216828479160e+00 1.032976626607495230e-01 5.589364034945927540e-03
2.703825136612021840e+00 2.997814207650273399e+00 9.336854135560714030e-02 5.020532174831868893e-03
2.934711643090315736e+00 2.791077257889009733e+00 9.895533822887984943e-02 4.771189838323999961e-03
2.710554951033732340e+00 3.006528835690968293e+00 9.870494666623320923e-02 4.964559825222586778e-03
2.801969365426695724e+00 2.681619256017505393e+00 9.688750018971410694e-02 4.567522885719265367e-03
2.526258205689277947e+00 2.615973741794310747e+00 8.326625649112616434e-02 4.304121420892817289e-03
2.572984749455337727e+00 2.717864923747276507e+00 8.792835985175410929e-02 4.503561740751547450e-03
2.636561479869423241e+00 2.380848748639825985e+00 8.986303249877754251e-02 3.646012299510433940e-03
2.543572984749455479e+00 2.430283224400871411e+00 7.844321870385960460e-02 3.540430928804036079e-03
2.478260869565217295e+00 2.250000000000000000e+00 7.856086685584580398e-02 3.712276615137242823e-03
2.496703296703296715e+00 2.414285714285714146e+00 8.141503572967806468e-02 3.841906588376301640e-03
2.229934924078091019e+00 2.565075921908893886e+00 7.290978666839023625e-02 4.256348183690369415e-03
2.273718647764449319e+00 2.418756815703380525e+00 7.045292209285754226e-02 3.933992035114969830e-03
2.243688254665203274e+00 2.360043907793633267e+00 7.215067563538740680e-02 3.665018207981269281e-03
2.239130434782608869e+00 2.126086956521739069e+00 7.457394514760236348e-02 3.222155483188370809e-03
2.270240700218818297e+00 2.085339168490153217e+00 6.853409161405803196e-02 3.308003179621332463e-03
2.154015401540153807e+00 1.993399339933993319e+00 6.729136599585368306e-02 3.227612054783184428e-03
