4.143307870686127359e+01 1.246823966716682577e+02 8.421658389881912399e+00 3.247394105737323677e+00
3.902151378838255624e+01 6.213573244670448048e+01 8.613975936690996704e+00 1.727927661170241436e+00
2.989166852803216301e+01 3.093678802769711922e+01 6.590592543811572668e+00 8.000798817279397568e-01
2.642840130991366365e+01 2.461417088419172217e+01 5.652535472242105286e+00 6.524729230546848502e-01
2.265942954448701485e+01 1.505534269902086031e+01 4.963773666112459182e+00 3.889162552720778487e-01
1.908606965174129400e+01 1.348159203980099541e+01 4.094903951043669998e+00 3.405593075172140827e-01
1.579807146908678384e+01 1.162110039705048159e+01 3.312578701088379152e+00 3.041580137059995970e-01
1.360261707988980717e+01 9.865702479338843034e+00 2.877338408201113307e+00 2.490435429331286366e-01
1.304163775156141547e+01 7.789035392088827336e+00 2.788899517744285017e+00 1.929656827618315418e-01
1.156311360448807868e+01 6.399719495091163779e+00 2.427501309164203036e+00 1.580019964343191141e-01
