1.251655629139072801e+00 1.426048565121412759e+00 3.327517587571742624e-02 1.803933497339822722e-03
3.799568965517241548e+00 4.148706896551724199e+00 1.377152748575257435e-01 7.395598276358487932e-03
7.061458333333333393e+00 7.030208333333333393e+00 2.790316116134283209e-01 1.345391113760892841e-02
1.001915322580645196e+01 9.644153225806451957e+00 4.107254090844159045e-01 1.895026394390022031e-02
1.407925636007827741e+01 1.325733855185909960e+01 5.964812575611364576e-01 2.658747949630378693e-02
1.794112235510579723e+01 1.975436982520699303e+01 8.373079244609096250e-01 4.183036894065272904e-02
2.133333333333333215e+01 2.321927497789566885e+01 9.351034511176229413e-01 4.811098089051269594e-02
2.924178601516427989e+01 3.597893850042122921e+01 1.312449948835641145e+00 7.298167703545983820e-02
3.463965381589299852e+01 4.378520849724626629e+01 1.527931562238140861e+00 9.302471635136115580e-02
3.717460317460317754e+01 4.756916099773242479e+01 1.692982703637881725e+00 1.032125346802374166e-01
4.759566074950690506e+01 6.103090072320841841e+01 2.123717914688851405e+00 1.308885810884015954e-01
5.459549878345498541e+01 8.425669099756690628e+01 2.437080031904807598e+00 1.773983830153205155e-01
5.474214202561117304e+01 8.456810244470314331e+01 2.389560761616690066e+00 1.636072847048633261e-01
5.465732632807939240e+01 9.167775831873905190e+01 2.606702557422764688e+00 1.973913170884670221e-01
6.860018509949097165e+01 1.280721888014807917e+02 3.007923992972032057e+00 2.596691635381337404e-01
7.473069064160196717e+01 1.469060073559460591e+02 3.292207860930867813e+00 2.829340302448327127e-01
7.431093151850276968e+01 1.664202467035304096e+02 3.026569864875546134e+00 3.357839964943211131e-01
8.323554256010396557e+01 2.032017543859649038e+02 3.547809050208650117e+00 4.026576359753108458e-01
8.231007751937984551e+01 2.770468217054263391e+02 3.155656333234534205e+00 5.416486496378424276e-01
9.053795197350261503e+01 3.162842947833287326e+02 4.305488339308320533e+00 6.079856127564450263e-01
8.665308201732042903e+01 3.615491594498217296e+02 3.674652852140828596e+00 6.285928091238940363e-01
9.140455299976287051e+01 3.494756936210576441e+02 3.672505868368657556e+00 6.288892167879421846e-01
7.964391877747540605e+01 4.721632823948084479e+02 2.353269576054091150e+00 4.533541083200168798e-01
8.600894124325859025e+01 5.627177121771218253e+02 2.146772909298078957e+00 3.468905280547530112e-01
8.396911196911196384e+01 5.405222885222884770e+02 3.381782168168677050e+00 5.198732157581059665e-01
9.157568238213399070e+01 5.514959234314072773e+02 4.239211794825686219e+00 5.291536145877051567e-01
7.487366247418809451e+01 5.297859958700956895e+02 2.358200507520975542e+00 3.745329394965117298e-01
6.491924311539111159e+01 5.929814157796924974e+02 4.648297256706732106e-01 1.412225570138830322e-01
6.075662878787878896e+01 5.713952020202019639e+02 2.042090410316348692e-01 8.710758300147235234e-02
7.127440873256519183e+01 5.841834445118253143e+02 6.232536434946529535e-01 1.667689043743820765e-01
7.003716381418092851e+01 5.919716381418093079e+02 8.005996779971484845e-01 2.155500333584164929e-01
5.610038456438137899e+01 6.087622331255801100e+02 4.421818142715908118e-02 4.900304451165996694e-02
5.746212728081886922e+01 6.366867823765020376e+02 2.939628362347360135e-02 3.955896281135759529e-02
6.008697119711970913e+01 6.277624887488749437e+02 4.179196768595200284e-02 4.408467373732966738e-02
5.832494248206793941e+01 6.165570442549735617e+02 8.562087692506573089e-02 6.290073657927018613e-02
5.436323107950323674e+01 6.511422354314828453e+02 3.131266079583180928e-02 4.224966235117244562e-02
5.379697542533081389e+01 6.474303402646503400e+02 1.476235232710703012e-02 3.604780141513047598e-02
5.343959441078273898e+01 6.172160257202917819e+02 2.466559795788915432e-02 4.099961179635178837e-02
6.567132988912753433e+01 6.791772798513960652e+02 2.078495873632855290e-02 3.354047755709257950e-02
4.862259722843093357e+01 6.654132767098792556e+02 1.775320720316938758e-02 3.576584708399933865e-02
5.083017875920084094e+01 6.304558359621451018e+02 1.501400711440622170e-02 3.569234257972932894e-02
5.263179332014430400e+01 6.325170487606191045e+02 2.353730422321385213e-02 3.933695190453660728e-02
4.366389237259149780e+01 6.694330178998974361e+02 1.195814764543440788e-02 3.228057405671728303e-02
4.674004116721152968e+01 6.380888727448843838e+02 1.290355788763477771e-02 3.572931898512930748e-02
5.179517558813501665e+01 6.856533412887828263e+02 1.086274361293439183e-02 3.097458823682820023e-02
5.377353798662321793e+01 6.854481221059852487e+02 1.509059537434777852e-02 3.295204569664993838e-02
4.673903641553499000e+01 7.003695182077674417e+02 7.600268368423309523e-03 2.847189792339004794e-02
5.253761654204744502e+01 6.683065632788701578e+02 1.162700014896211713e-02 3.245813251544781008e-02
4.979196601004248635e+01 7.005667052916184048e+02 8.096707448209939512e-03 2.847991410681601637e-02
5.387894529195160231e+01 7.132163335086796678e+02 8.761294092281697241e-03 2.899415539516675064e-02
