5.000000000000000278e-02
1.918367346938775753e-01
3.336734693877551061e-01
4.755102040816326370e-01
6.173469387755102789e-01
7.591836734693878652e-01
9.010204081632653406e-01
1.042857142857142927e+00
1.184693877551020513e+00
1.326530612244898100e+00
1.468367346938775686e+00
1.610204081632653272e+00
1.752040816326530637e+00
1.893877551020408223e+00
2.035714285714285587e+00
2.177551020408163396e+00
2.319387755102040760e+00
2.461224489795918124e+00
2.603061224489795933e+00
2.744897959183673297e+00
2.886734693877551106e+00
3.028571428571428470e+00
3.170408163265306278e+00
3.312244897959183643e+00
3.454081632653061007e+00
3.595918367346938815e+00
3.737755102040816180e+00
3.879591836734693988e+00
4.021428571428571352e+00
4.163265306122449161e+00
4.305102040816326969e+00
4.446938775510203889e+00
4.588775510204081698e+00
4.730612244897959506e+00
4.872448979591836427e+00
5.014285714285714235e+00
5.156122448979592043e+00
5.297959183673469852e+00
5.439795918367346772e+00
5.581632653061224580e+00
5.723469387755102389e+00
5.865306122448979309e+00
6.007142857142857117e+00
6.148979591836734926e+00
6.290816326530612734e+00
6.432653061224489655e+00
6.574489795918367463e+00
6.716326530612245271e+00
6.858163265306122192e+00
7.000000000000000000e+00
