0.000000000000000000e+00 0.000000000000000000e+00 0.000000000000000000e+00 0.000000000000000000e+00
2.000000000000000000e+00 1.000000000000000000e+00 1.005309649148733886e+00 1.256637061435917357e-01
3.000000000000000000e+00 1.000000000000000000e+00 1.507964473723100829e+00 1.256637061435917357e-01
4.000000000000000000e+00 2.000000000000000000e+00 2.010619298297467772e+00 2.513274122871834715e-01
7.000000000000000000e+00 7.000000000000000000e+00 3.518583772020567935e+00 8.796459430051419837e-01
7.000000000000000000e+00 7.000000000000000000e+00 3.518583772020567935e+00 8.796459430051419837e-01
8.000000000000000000e+00 7.000000000000000000e+00 4.021238596594934656e+00 8.796459430051419837e-01
1.100000000000000000e+01 1.300000000000000000e+01 5.529203070318034818e+00 1.633628179866692065e+00
1.100000000000000000e+01 1.400000000000000000e+01 5.529203070318034818e+00 1.759291886010283745e+00
1.200000000000000000e+01 1.400000000000000000e+01 6.031857894892401539e+00 1.759291886010283745e+00
1.200000000000000000e+01 1.500000000000000000e+01 6.031857894892401539e+00 1.884955592153875426e+00
1.600000000000000000e+01 2.000000000000000000e+01 8.042477193189869311e+00 2.513274122871834937e+00
1.800000000000000000e+01 2.200000000000000000e+01 9.047786842338604529e+00 2.764601535159018741e+00
1.800000000000000000e+01 2.700000000000000000e+01 9.047786842338604529e+00 3.392920065876978253e+00
1.900000000000000000e+01 3.300000000000000000e+01 9.550441666912972138e+00 4.146902302738529222e+00
1.900000000000000000e+01 3.300000000000000000e+01 9.550441666912972138e+00 4.146902302738529222e+00
2.100000000000000000e+01 4.200000000000000000e+01 1.055575131606170736e+01 5.277875658030856343e+00
2.100000000000000000e+01 5.100000000000000000e+01 1.055575131606170736e+01 6.408849013323183463e+00
2.100000000000000000e+01 6.000000000000000000e+01 1.055575131606170736e+01 7.539822368615510584e+00
2.100000000000000000e+01 6.700000000000000000e+01 1.055575131606170736e+01 8.419468311620651235e+00
2.100000000000000000e+01 6.700000000000000000e+01 1.055575131606170736e+01 8.419468311620651235e+00
2.100000000000000000e+01 7.000000000000000000e+01 1.055575131606170736e+01 8.796459430051424278e+00
2.100000000000000000e+01 7.600000000000000000e+01 1.055575131606170736e+01 9.550441666912970362e+00
2.100000000000000000e+01 7.600000000000000000e+01 1.055575131606170736e+01 9.550441666912970362e+00
2.100000000000000000e+01 7.800000000000000000e+01 1.055575131606170736e+01 9.801769079200152390e+00
2.100000000000000000e+01 7.900000000000000000e+01 1.055575131606170736e+01 9.927432785343743404e+00
2.100000000000000000e+01 8.100000000000000000e+01 1.055575131606170736e+01 1.017876019763092543e+01
2.100000000000000000e+01 8.100000000000000000e+01 1.055575131606170736e+01 1.017876019763092543e+01
2.100000000000000000e+01 8.100000000000000000e+01 1.055575131606170736e+01 1.017876019763092543e+01
2.100000000000000000e+01 8.100000000000000000e+01 1.055575131606170736e+01 1.017876019763092543e+01
2.100000000000000000e+01 8.100000000000000000e+01 1.055575131606170736e+01 1.017876019763092543e+01
2.000000000000000000e+01 8.100000000000000000e+01 1.005309649148733975e+01 1.017876019763092543e+01
1.900000000000000000e+01 8.300000000000000000e+01 9.550441666912972138e+00 1.043008760991810746e+01
1.700000000000000000e+01 8.300000000000000000e+01 8.545132017764236920e+00 1.043008760991810746e+01
1.500000000000000000e+01 9.000000000000000000e+01 7.539822368615501702e+00 1.130973355292324456e+01
1.500000000000000000e+01 9.000000000000000000e+01 7.539822368615501702e+00 1.130973355292324456e+01
1.400000000000000000e+01 8.900000000000000000e+01 7.037167544041134981e+00 1.118406984677965355e+01
1.200000000000000000e+01 8.700000000000000000e+01 6.031857894892401539e+00 1.093274243449247152e+01
1.100000000000000000e+01 8.700000000000000000e+01 5.529203070318034818e+00 1.093274243449247152e+01
1.100000000000000000e+01 8.600000000000000000e+01 5.529203070318034818e+00 1.080707872834888050e+01
1.000000000000000000e+01 8.800000000000000000e+01 5.026548245743668097e+00 1.105840614063606253e+01
7.000000000000000000e+00 8.800000000000000000e+01 3.518583772020567935e+00 1.105840614063606253e+01
7.000000000000000000e+00 1.050000000000000000e+02 3.518583772020567935e+00 1.319468914507710977e+01
6.000000000000000000e+00 1.050000000000000000e+02 3.015928947446201214e+00 1.319468914507710977e+01
5.000000000000000000e+00 1.020000000000000000e+02 2.513274122871834493e+00 1.281769802664633673e+01
4.000000000000000000e+00 1.030000000000000000e+02 2.010619298297467772e+00 1.294336173278992774e+01
3.000000000000000000e+00 1.010000000000000000e+02 1.507964473723100829e+00 1.269203432050274571e+01
3.000000000000000000e+00 9.600000000000000000e+01 1.507964473723100829e+00 1.206371578978479064e+01
3.000000000000000000e+00 9.300000000000000000e+01 1.507964473723100829e+00 1.168672467135401760e+01
3.000000000000000000e+00 9.600000000000000000e+01 1.507964473723100829e+00 1.206371578978479064e+01
3.000000000000000000e+00 9.500000000000000000e+01 1.507964473723100829e+00 1.193805208364119963e+01
3.000000000000000000e+00 9.200000000000000000e+01 1.507964473723100829e+00 1.156106096521042659e+01
3.000000000000000000e+00 8.800000000000000000e+01 1.507964473723100829e+00 1.105840614063606253e+01
3.000000000000000000e+00 8.800000000000000000e+01 1.507964473723100829e+00 1.105840614063606253e+01
3.000000000000000000e+00 8.700000000000000000e+01 1.507964473723100829e+00 1.093274243449247152e+01
3.000000000000000000e+00 8.500000000000000000e+01 1.507964473723100829e+00 1.068141502220528949e+01
3.000000000000000000e+00 8.400000000000000000e+01 1.507964473723100829e+00 1.055575131606169847e+01
3.000000000000000000e+00 8.600000000000000000e+01 1.507964473723100829e+00 1.080707872834888050e+01
3.000000000000000000e+00 9.100000000000000000e+01 1.507964473723100829e+00 1.143539725906683557e+01
3.000000000000000000e+00 9.400000000000000000e+01 1.507964473723100829e+00 1.181238837749760862e+01
3.000000000000000000e+00 9.700000000000000000e+01 1.507964473723100829e+00 1.218937949592838166e+01
3.000000000000000000e+00 9.600000000000000000e+01 1.507964473723100829e+00 1.206371578978479064e+01
3.000000000000000000e+00 9.500000000000000000e+01 1.507964473723100829e+00 1.193805208364119963e+01
3.000000000000000000e+00 9.400000000000000000e+01 1.507964473723100829e+00 1.181238837749760862e+01
3.000000000000000000e+00 9.200000000000000000e+01 1.507964473723100829e+00 1.156106096521042659e+01
4.000000000000000000e+00 8.800000000000000000e+01 2.010619298297467772e+00 1.105840614063606253e+01
4.000000000000000000e+00 8.600000000000000000e+01 2.010619298297467772e+00 1.080707872834888050e+01
4.000000000000000000e+00 8.800000000000000000e+01 2.010619298297467772e+00 1.105840614063606253e+01
4.000000000000000000e+00 8.600000000000000000e+01 2.010619298297467772e+00 1.080707872834888050e+01
4.000000000000000000e+00 8.600000000000000000e+01 2.010619298297467772e+00 1.080707872834888050e+01
4.000000000000000000e+00 9.000000000000000000e+01 2.010619298297467772e+00 1.130973355292324456e+01
4.000000000000000000e+00 8.900000000000000000e+01 2.010619298297467772e+00 1.118406984677965355e+01
4.000000000000000000e+00 7.700000000000000000e+01 2.010619298297467772e+00 9.676105373056561376e+00
2.000000000000000000e+00 7.100000000000000000e+01 1.005309649148733886e+00 8.922123136195015292e+00
2.000000000000000000e+00 6.600000000000000000e+01 1.005309649148733886e+00 8.293804605477060221e+00
4.000000000000000000e+00 6.400000000000000000e+01 2.010619298297467772e+00 8.042477193189878193e+00
4.000000000000000000e+00 6.200000000000000000e+01 2.010619298297467772e+00 7.791149780902694388e+00
4.000000000000000000e+00 6.700000000000000000e+01 2.010619298297467772e+00 8.419468311620651235e+00
3.000000000000000000e+00 6.900000000000000000e+01 1.507964473723100829e+00 8.670795723907833263e+00
3.000000000000000000e+00 6.100000000000000000e+01 1.507964473723100829e+00 7.665486074759102486e+00
4.000000000000000000e+00 6.500000000000000000e+01 2.010619298297467772e+00 8.168140899333469207e+00
4.000000000000000000e+00 6.200000000000000000e+01 2.010619298297467772e+00 7.791149780902694388e+00
4.000000000000000000e+00 6.000000000000000000e+01 2.010619298297467772e+00 7.539822368615510584e+00
4.000000000000000000e+00 7.100000000000000000e+01 2.010619298297467772e+00 8.922123136195015292e+00
4.000000000000000000e+00 7.500000000000000000e+01 2.010619298297467772e+00 9.424777960769379348e+00
4.000000000000000000e+00 7.400000000000000000e+01 2.010619298297467772e+00 9.299114254625788334e+00
4.000000000000000000e+00 7.300000000000000000e+01 2.010619298297467772e+00 9.173450548482197320e+00
4.000000000000000000e+00 7.500000000000000000e+01 2.010619298297467772e+00 9.424777960769379348e+00
4.000000000000000000e+00 7.300000000000000000e+01 2.010619298297467772e+00 9.173450548482197320e+00
5.000000000000000000e+00 7.000000000000000000e+01 2.513274122871834493e+00 8.796459430051424278e+00
6.000000000000000000e+00 6.900000000000000000e+01 3.015928947446201214e+00 8.670795723907833263e+00
6.000000000000000000e+00 6.700000000000000000e+01 3.015928947446201214e+00 8.419468311620651235e+00
6.000000000000000000e+00 7.100000000000000000e+01 3.015928947446201214e+00 8.922123136195015292e+00
6.000000000000000000e+00 7.400000000000000000e+01 3.015928947446201214e+00 9.299114254625788334e+00
6.000000000000000000e+00 7.200000000000000000e+01 3.015928947446201214e+00 9.047786842338606306e+00
6.000000000000000000e+00 7.100000000000000000e+01 3.015928947446201214e+00 8.922123136195015292e+00
6.000000000000000000e+00 7.400000000000000000e+01 3.015928947446201214e+00 9.299114254625788334e+00
6.000000000000000000e+00 7.300000000000000000e+01 3.015928947446201214e+00 9.173450548482197320e+00
6.000000000000000000e+00 7.300000000000000000e+01 3.015928947446201214e+00 9.173450548482197320e+00
6.000000000000000000e+00 7.200000000000000000e+01 3.015928947446201214e+00 9.047786842338606306e+00
6.000000000000000000e+00 7.200000000000000000e+01 3.015928947446201214e+00 9.047786842338606306e+00
7.000000000000000000e+00 7.500000000000000000e+01 3.518583772020567935e+00 9.424777960769379348e+00
7.000000000000000000e+00 8.100000000000000000e+01 3.518583772020567935e+00 1.017876019763092543e+01
7.000000000000000000e+00 8.200000000000000000e+01 3.518583772020567935e+00 1.030442390377451645e+01
7.000000000000000000e+00 8.500000000000000000e+01 3.518583772020567935e+00 1.068141502220528949e+01
7.000000000000000000e+00 8.500000000000000000e+01 3.518583772020567935e+00 1.068141502220528949e+01
6.000000000000000000e+00 9.400000000000000000e+01 3.015928947446201214e+00 1.181238837749760862e+01
6.000000000000000000e+00 9.500000000000000000e+01 3.015928947446201214e+00 1.193805208364119963e+01
6.000000000000000000e+00 9.100000000000000000e+01 3.015928947446201214e+00 1.143539725906683557e+01
6.000000000000000000e+00 9.000000000000000000e+01 3.015928947446201214e+00 1.130973355292324456e+01
6.000000000000000000e+00 8.800000000000000000e+01 3.015928947446201214e+00 1.105840614063606253e+01
5.000000000000000000e+00 8.800000000000000000e+01 2.513274122871834493e+00 1.105840614063606253e+01
5.000000000000000000e+00 9.000000000000000000e+01 2.513274122871834493e+00 1.130973355292324456e+01
5.000000000000000000e+00 8.700000000000000000e+01 2.513274122871834493e+00 1.093274243449247152e+01
5.000000000000000000e+00 8.200000000000000000e+01 2.513274122871834493e+00 1.030442390377451645e+01
5.000000000000000000e+00 8.100000000000000000e+01 2.513274122871834493e+00 1.017876019763092543e+01
5.000000000000000000e+00 9.400000000000000000e+01 2.513274122871834493e+00 1.181238837749760862e+01
5.000000000000000000e+00 1.160000000000000000e+02 2.513274122871834493e+00 1.457698991265661093e+01
5.000000000000000000e+00 1.140000000000000000e+02 2.513274122871834493e+00 1.432566250036942890e+01
5.000000000000000000e+00 1.150000000000000000e+02 2.513274122871834493e+00 1.445132620651301991e+01
3.000000000000000000e+00 1.170000000000000000e+02 1.507964473723100829e+00 1.470265361880020194e+01
3.000000000000000000e+00 1.160000000000000000e+02 1.507964473723100829e+00 1.457698991265661093e+01
3.000000000000000000e+00 1.220000000000000000e+02 1.507964473723100829e+00 1.533097214951815701e+01
3.000000000000000000e+00 1.200000000000000000e+02 1.507964473723100829e+00 1.507964473723097498e+01
3.000000000000000000e+00 1.180000000000000000e+02 1.507964473723100829e+00 1.482831732494379295e+01
3.000000000000000000e+00 1.170000000000000000e+02 1.507964473723100829e+00 1.470265361880020194e+01
3.000000000000000000e+00 1.170000000000000000e+02 1.507964473723100829e+00 1.470265361880020194e+01
3.000000000000000000e+00 1.150000000000000000e+02 1.507964473723100829e+00 1.445132620651301991e+01
2.000000000000000000e+00 1.160000000000000000e+02 1.005309649148733886e+00 1.457698991265661093e+01
2.000000000000000000e+00 1.180000000000000000e+02 1.005309649148733886e+00 1.482831732494379295e+01
2.000000000000000000e+00 1.170000000000000000e+02 1.005309649148733886e+00 1.470265361880020194e+01
2.000000000000000000e+00 1.140000000000000000e+02 1.005309649148733886e+00 1.432566250036942890e+01
2.000000000000000000e+00 1.100000000000000000e+02 1.005309649148733886e+00 1.382300767579506484e+01
1.000000000000000000e+00 1.090000000000000000e+02 5.026548245743669430e-01 1.369734396965147383e+01
1.000000000000000000e+00 1.080000000000000000e+02 5.026548245743669430e-01 1.357168026350788281e+01
0.000000000000000000e+00 1.090000000000000000e+02 0.000000000000000000e+00 1.369734396965147383e+01
0.000000000000000000e+00 1.030000000000000000e+02 0.000000000000000000e+00 1.294336173278992774e+01
1.000000000000000000e+00 9.900000000000000000e+01 5.026548245743669430e-01 1.244070690821556369e+01
1.000000000000000000e+00 9.600000000000000000e+01 5.026548245743669430e-01 1.206371578978479064e+01
1.000000000000000000e+00 9.400000000000000000e+01 5.026548245743669430e-01 1.181238837749760862e+01
1.000000000000000000e+00 9.500000000000000000e+01 5.026548245743669430e-01 1.193805208364119963e+01
1.000000000000000000e+00 9.500000000000000000e+01 5.026548245743669430e-01 1.193805208364119963e+01
1.000000000000000000e+00 9.300000000000000000e+01 5.026548245743669430e-01 1.168672467135401760e+01
1.000000000000000000e+00 9.800000000000000000e+01 5.026548245743669430e-01 1.231504320207197267e+01
1.000000000000000000e+00 9.700000000000000000e+01 5.026548245743669430e-01 1.218937949592838166e+01
1.000000000000000000e+00 9.800000000000000000e+01 5.026548245743669430e-01 1.231504320207197267e+01
1.000000000000000000e+00 8.900000000000000000e+01 5.026548245743669430e-01 1.118406984677965355e+01
1.000000000000000000e+00 7.200000000000000000e+01 5.026548245743669430e-01 9.047786842338606306e+00
1.000000000000000000e+00 6.700000000000000000e+01 5.026548245743669430e-01 8.419468311620651235e+00
2.000000000000000000e+00 6.200000000000000000e+01 1.005309649148733886e+00 7.791149780902694388e+00
3.000000000000000000e+00 6.000000000000000000e+01 1.507964473723100829e+00 7.539822368615510584e+00
3.000000000000000000e+00 5.800000000000000000e+01 1.507964473723100829e+00 7.288494956328326779e+00
3.000000000000000000e+00 5.500000000000000000e+01 1.507964473723100829e+00 6.911503837897551072e+00
5.000000000000000000e+00 6.800000000000000000e+01 2.513274122871834493e+00 8.545132017764242249e+00
6.000000000000000000e+00 6.800000000000000000e+01 3.015928947446201214e+00 8.545132017764242249e+00
6.000000000000000000e+00 6.800000000000000000e+01 3.015928947446201214e+00 8.545132017764242249e+00
6.000000000000000000e+00 7.200000000000000000e+01 3.015928947446201214e+00 9.047786842338606306e+00
6.000000000000000000e+00 7.200000000000000000e+01 3.015928947446201214e+00 9.047786842338606306e+00
6.000000000000000000e+00 7.100000000000000000e+01 3.015928947446201214e+00 8.922123136195015292e+00
6.000000000000000000e+00 7.200000000000000000e+01 3.015928947446201214e+00 9.047786842338606306e+00
6.000000000000000000e+00 8.700000000000000000e+01 3.015928947446201214e+00 1.093274243449247152e+01
6.000000000000000000e+00 8.600000000000000000e+01 3.015928947446201214e+00 1.080707872834888050e+01
6.000000000000000000e+00 8.500000000000000000e+01 3.015928947446201214e+00 1.068141502220528949e+01
6.000000000000000000e+00 8.500000000000000000e+01 3.015928947446201214e+00 1.068141502220528949e+01
6.000000000000000000e+00 8.300000000000000000e+01 3.015928947446201214e+00 1.043008760991810746e+01
6.000000000000000000e+00 9.200000000000000000e+01 3.015928947446201214e+00 1.156106096521042659e+01
6.000000000000000000e+00 9.200000000000000000e+01 3.015928947446201214e+00 1.156106096521042659e+01
5.000000000000000000e+00 9.500000000000000000e+01 2.513274122871834493e+00 1.193805208364119963e+01
5.000000000000000000e+00 9.300000000000000000e+01 2.513274122871834493e+00 1.168672467135401760e+01
5.000000000000000000e+00 9.400000000000000000e+01 2.513274122871834493e+00 1.181238837749760862e+01
5.000000000000000000e+00 9.300000000000000000e+01 2.513274122871834493e+00 1.168672467135401760e+01
5.000000000000000000e+00 1.010000000000000000e+02 2.513274122871834493e+00 1.269203432050274571e+01
5.000000000000000000e+00 1.070000000000000000e+02 2.513274122871834493e+00 1.344601655736429180e+01
5.000000000000000000e+00 1.020000000000000000e+02 2.513274122871834493e+00 1.281769802664633673e+01
5.000000000000000000e+00 1.050000000000000000e+02 2.513274122871834493e+00 1.319468914507710977e+01
5.000000000000000000e+00 1.080000000000000000e+02 2.513274122871834493e+00 1.357168026350788281e+01
6.000000000000000000e+00 1.120000000000000000e+02 3.015928947446201214e+00 1.407433508808224687e+01
6.000000000000000000e+00 1.130000000000000000e+02 3.015928947446201214e+00 1.419999879422583788e+01
6.000000000000000000e+00 1.110000000000000000e+02 3.015928947446201214e+00 1.394867138193865586e+01
6.000000000000000000e+00 1.130000000000000000e+02 3.015928947446201214e+00 1.419999879422583788e+01
4.000000000000000000e+00 1.180000000000000000e+02 2.010619298297467772e+00 1.482831732494379295e+01
4.000000000000000000e+00 1.180000000000000000e+02 2.010619298297467772e+00 1.482831732494379295e+01
4.000000000000000000e+00 1.160000000000000000e+02 2.010619298297467772e+00 1.457698991265661093e+01
2.000000000000000000e+00 1.110000000000000000e+02 1.005309649148733886e+00 1.394867138193865586e+01
1.000000000000000000e+00 1.140000000000000000e+02 5.026548245743669430e-01 1.432566250036942890e+01
1.000000000000000000e+00 1.160000000000000000e+02 5.026548245743669430e-01 1.457698991265661093e+01
1.000000000000000000e+00 1.130000000000000000e+02 5.026548245743669430e-01 1.419999879422583788e+01
1.000000000000000000e+00 1.150000000000000000e+02 5.026548245743669430e-01 1.445132620651301991e+01
1.000000000000000000e+00 1.180000000000000000e+02 5.026548245743669430e-01 1.482831732494379295e+01
1.000000000000000000e+00 1.160000000000000000e+02 5.026548245743669430e-01 1.457698991265661093e+01
1.000000000000000000e+00 1.070000000000000000e+02 5.026548245743669430e-01 1.344601655736429180e+01
1.000000000000000000e+00 1.040000000000000000e+02 5.026548245743669430e-01 1.306902543893351876e+01
1.000000000000000000e+00 1.050000000000000000e+02 5.026548245743669430e-01 1.319468914507710977e+01
1.000000000000000000e+00 1.040000000000000000e+02 5.026548245743669430e-01 1.306902543893351876e+01
1.000000000000000000e+00 1.080000000000000000e+02 5.026548245743669430e-01 1.357168026350788281e+01
1.000000000000000000e+00 1.020000000000000000e+02 5.026548245743669430e-01 1.281769802664633673e+01
1.000000000000000000e+00 1.000000000000000000e+02 5.026548245743669430e-01 1.256637061435915470e+01
1.000000000000000000e+00 1.020000000000000000e+02 5.026548245743669430e-01 1.281769802664633673e+01
1.000000000000000000e+00 1.030000000000000000e+02 5.026548245743669430e-01 1.294336173278992774e+01
1.000000000000000000e+00 1.020000000000000000e+02 5.026548245743669430e-01 1.281769802664633673e+01
1.000000000000000000e+00 1.010000000000000000e+02 5.026548245743669430e-01 1.269203432050274571e+01
2.000000000000000000e+00 9.800000000000000000e+01 1.005309649148733886e+00 1.231504320207197267e+01
3.000000000000000000e+00 1.030000000000000000e+02 1.507964473723100829e+00 1.294336173278992774e+01
3.000000000000000000e+00 9.900000000000000000e+01 1.507964473723100829e+00 1.244070690821556369e+01
3.000000000000000000e+00 1.010000000000000000e+02 1.507964473723100829e+00 1.269203432050274571e+01
3.000000000000000000e+00 9.600000000000000000e+01 1.507964473723100829e+00 1.206371578978479064e+01
3.000000000000000000e+00 1.020000000000000000e+02 1.507964473723100829e+00 1.281769802664633673e+01
3.000000000000000000e+00 1.060000000000000000e+02 1.507964473723100829e+00 1.332035285122070079e+01
3.000000000000000000e+00 1.070000000000000000e+02 1.507964473723100829e+00 1.344601655736429180e+01
3.000000000000000000e+00 1.040000000000000000e+02 1.507964473723100829e+00 1.306902543893351876e+01
3.000000000000000000e+00 1.070000000000000000e+02 1.507964473723100829e+00 1.344601655736429180e+01
3.000000000000000000e+00 1.070000000000000000e+02 1.507964473723100829e+00 1.344601655736429180e+01
3.000000000000000000e+00 1.090000000000000000e+02 1.507964473723100829e+00 1.369734396965147383e+01
3.000000000000000000e+00 1.130000000000000000e+02 1.507964473723100829e+00 1.419999879422583788e+01
3.000000000000000000e+00 1.110000000000000000e+02 1.507964473723100829e+00 1.394867138193865586e+01
3.000000000000000000e+00 1.050000000000000000e+02 1.507964473723100829e+00 1.319468914507710977e+01
3.000000000000000000e+00 1.080000000000000000e+02 1.507964473723100829e+00 1.357168026350788281e+01
3.000000000000000000e+00 1.110000000000000000e+02 1.507964473723100829e+00 1.394867138193865586e+01
3.000000000000000000e+00 1.160000000000000000e+02 1.507964473723100829e+00 1.457698991265661093e+01
3.000000000000000000e+00 1.140000000000000000e+02 1.507964473723100829e+00 1.432566250036942890e+01
3.000000000000000000e+00 1.150000000000000000e+02 1.507964473723100829e+00 1.445132620651301991e+01
3.000000000000000000e+00 1.240000000000000000e+02 1.507964473723100829e+00 1.558229956180533904e+01
3.000000000000000000e+00 1.220000000000000000e+02 1.507964473723100829e+00 1.533097214951815701e+01
3.000000000000000000e+00 1.200000000000000000e+02 1.507964473723100829e+00 1.507964473723097498e+01
3.000000000000000000e+00 1.260000000000000000e+02 1.507964473723100829e+00 1.583362697409252107e+01
3.000000000000000000e+00 1.250000000000000000e+02 1.507964473723100829e+00 1.570796326794893005e+01
3.000000000000000000e+00 1.270000000000000000e+02 1.507964473723100829e+00 1.595929068023611208e+01
3.000000000000000000e+00 1.310000000000000000e+02 1.507964473723100829e+00 1.646194550481047614e+01
3.000000000000000000e+00 1.320000000000000000e+02 1.507964473723100829e+00 1.658760921095406715e+01
3.000000000000000000e+00 1.320000000000000000e+02 1.507964473723100829e+00 1.658760921095406715e+01
3.000000000000000000e+00 1.300000000000000000e+02 1.507964473723100829e+00 1.633628179866688512e+01
3.000000000000000000e+00 1.280000000000000000e+02 1.507964473723100829e+00 1.608495438637970310e+01
1.000000000000000000e+00 1.230000000000000000e+02 5.026548245743669430e-01 1.545663585566174802e+01
1.000000000000000000e+00 1.200000000000000000e+02 5.026548245743669430e-01 1.507964473723097498e+01
1.000000000000000000e+00 1.170000000000000000e+02 5.026548245743669430e-01 1.470265361880020194e+01
1.000000000000000000e+00 1.140000000000000000e+02 5.026548245743669430e-01 1.432566250036942890e+01
1.000000000000000000e+00 1.070000000000000000e+02 5.026548245743669430e-01 1.344601655736429180e+01
1.000000000000000000e+00 1.120000000000000000e+02 5.026548245743669430e-01 1.407433508808224687e+01
1.000000000000000000e+00 1.090000000000000000e+02 5.026548245743669430e-01 1.369734396965147383e+01
1.000000000000000000e+00 1.080000000000000000e+02 5.026548245743669430e-01 1.357168026350788281e+01
2.000000000000000000e+00 1.040000000000000000e+02 1.005309649148733886e+00 1.306902543893351876e+01
2.000000000000000000e+00 1.030000000000000000e+02 1.005309649148733886e+00 1.294336173278992774e+01
2.000000000000000000e+00 1.000000000000000000e+02 1.005309649148733886e+00 1.256637061435915470e+01
2.000000000000000000e+00 9.800000000000000000e+01 1.005309649148733886e+00 1.231504320207197267e+01
2.000000000000000000e+00 9.400000000000000000e+01 1.005309649148733886e+00 1.181238837749760862e+01
3.000000000000000000e+00 1.000000000000000000e+02 1.507964473723100829e+00 1.256637061435915470e+01
3.000000000000000000e+00 9.900000000000000000e+01 1.507964473723100829e+00 1.244070690821556369e+01
3.000000000000000000e+00 9.600000000000000000e+01 1.507964473723100829e+00 1.206371578978479064e+01
3.000000000000000000e+00 9.100000000000000000e+01 1.507964473723100829e+00 1.143539725906683557e+01
3.000000000000000000e+00 8.900000000000000000e+01 1.507964473723100829e+00 1.118406984677965355e+01
4.000000000000000000e+00 8.800000000000000000e+01 2.010619298297467772e+00 1.105840614063606253e+01
4.000000000000000000e+00 9.600000000000000000e+01 2.010619298297467772e+00 1.206371578978479064e+01
4.000000000000000000e+00 1.000000000000000000e+02 2.010619298297467772e+00 1.256637061435915470e+01
4.000000000000000000e+00 1.010000000000000000e+02 2.010619298297467772e+00 1.269203432050274571e+01
4.000000000000000000e+00 1.130000000000000000e+02 2.010619298297467772e+00 1.419999879422583788e+01
4.000000000000000000e+00 1.120000000000000000e+02 2.010619298297467772e+00 1.407433508808224687e+01
4.000000000000000000e+00 1.130000000000000000e+02 2.010619298297467772e+00 1.419999879422583788e+01
4.000000000000000000e+00 1.110000000000000000e+02 2.010619298297467772e+00 1.394867138193865586e+01
4.000000000000000000e+00 1.070000000000000000e+02 2.010619298297467772e+00 1.344601655736429180e+01
4.000000000000000000e+00 1.050000000000000000e+02 2.010619298297467772e+00 1.319468914507710977e+01
4.000000000000000000e+00 1.120000000000000000e+02 2.010619298297467772e+00 1.407433508808224687e+01
4.000000000000000000e+00 1.160000000000000000e+02 2.010619298297467772e+00 1.457698991265661093e+01
4.000000000000000000e+00 1.180000000000000000e+02 2.010619298297467772e+00 1.482831732494379295e+01
4.000000000000000000e+00 1.180000000000000000e+02 2.010619298297467772e+00 1.482831732494379295e+01
4.000000000000000000e+00 1.160000000000000000e+02 2.010619298297467772e+00 1.457698991265661093e+01
4.000000000000000000e+00 1.190000000000000000e+02 2.010619298297467772e+00 1.495398103108738397e+01
4.000000000000000000e+00 1.190000000000000000e+02 2.010619298297467772e+00 1.495398103108738397e+01
4.000000000000000000e+00 1.160000000000000000e+02 2.010619298297467772e+00 1.457698991265661093e+01
3.000000000000000000e+00 1.130000000000000000e+02 1.507964473723100829e+00 1.419999879422583788e+01
3.000000000000000000e+00 1.120000000000000000e+02 1.507964473723100829e+00 1.407433508808224687e+01
2.000000000000000000e+00 1.120000000000000000e+02 1.005309649148733886e+00 1.407433508808224687e+01
2.000000000000000000e+00 1.110000000000000000e+02 1.005309649148733886e+00 1.394867138193865586e+01
2.000000000000000000e+00 1.150000000000000000e+02 1.005309649148733886e+00 1.445132620651301991e+01
2.000000000000000000e+00 1.150000000000000000e+02 1.005309649148733886e+00 1.445132620651301991e+01
2.000000000000000000e+00 1.140000000000000000e+02 1.005309649148733886e+00 1.432566250036942890e+01
2.000000000000000000e+00 1.130000000000000000e+02 1.005309649148733886e+00 1.419999879422583788e+01
2.000000000000000000e+00 1.150000000000000000e+02 1.005309649148733886e+00 1.445132620651301991e+01
2.000000000000000000e+00 1.120000000000000000e+02 1.005309649148733886e+00 1.407433508808224687e+01
2.000000000000000000e+00 1.140000000000000000e+02 1.005309649148733886e+00 1.432566250036942890e+01
2.000000000000000000e+00 1.130000000000000000e+02 1.005309649148733886e+00 1.419999879422583788e+01
1.000000000000000000e+00 1.160000000000000000e+02 5.026548245743669430e-01 1.457698991265661093e+01
2.000000000000000000e+00 1.170000000000000000e+02 1.005309649148733886e+00 1.470265361880020194e+01
2.000000000000000000e+00 1.090000000000000000e+02 1.005309649148733886e+00 1.369734396965147383e+01
2.000000000000000000e+00 1.080000000000000000e+02 1.005309649148733886e+00 1.357168026350788281e+01
2.000000000000000000e+00 9.700000000000000000e+01 1.005309649148733886e+00 1.218937949592838166e+01
2.000000000000000000e+00 9.300000000000000000e+01 1.005309649148733886e+00 1.168672467135401760e+01
2.000000000000000000e+00 8.800000000000000000e+01 1.005309649148733886e+00 1.105840614063606253e+01
2.000000000000000000e+00 8.300000000000000000e+01 1.005309649148733886e+00 1.043008760991810746e+01
2.000000000000000000e+00 8.400000000000000000e+01 1.005309649148733886e+00 1.055575131606169847e+01
2.000000000000000000e+00 8.600000000000000000e+01 1.005309649148733886e+00 1.080707872834888050e+01
2.000000000000000000e+00 8.200000000000000000e+01 1.005309649148733886e+00 1.030442390377451645e+01
2.000000000000000000e+00 8.100000000000000000e+01 1.005309649148733886e+00 1.017876019763092543e+01
3.000000000000000000e+00 8.000000000000000000e+01 1.507964473723100829e+00 1.005309649148733442e+01
6.000000000000000000e+00 8.300000000000000000e+01 3.015928947446201214e+00 1.043008760991810746e+01
6.000000000000000000e+00 8.200000000000000000e+01 3.015928947446201214e+00 1.030442390377451645e+01
6.000000000000000000e+00 7.900000000000000000e+01 3.015928947446201214e+00 9.927432785343743404e+00
6.000000000000000000e+00 7.700000000000000000e+01 3.015928947446201214e+00 9.676105373056561376e+00
6.000000000000000000e+00 7.700000000000000000e+01 3.015928947446201214e+00 9.676105373056561376e+00
6.000000000000000000e+00 8.200000000000000000e+01 3.015928947446201214e+00 1.030442390377451645e+01
7.000000000000000000e+00 8.500000000000000000e+01 3.518583772020567935e+00 1.068141502220528949e+01
7.000000000000000000e+00 8.400000000000000000e+01 3.518583772020567935e+00 1.055575131606169847e+01
7.000000000000000000e+00 8.300000000000000000e+01 3.518583772020567935e+00 1.043008760991810746e+01
7.000000000000000000e+00 8.100000000000000000e+01 3.518583772020567935e+00 1.017876019763092543e+01
7.000000000000000000e+00 8.700000000000000000e+01 3.518583772020567935e+00 1.093274243449247152e+01
7.000000000000000000e+00 8.800000000000000000e+01 3.518583772020567935e+00 1.105840614063606253e+01
6.000000000000000000e+00 8.700000000000000000e+01 3.015928947446201214e+00 1.093274243449247152e+01
6.000000000000000000e+00 8.400000000000000000e+01 3.015928947446201214e+00 1.055575131606169847e+01
6.000000000000000000e+00 8.300000000000000000e+01 3.015928947446201214e+00 1.043008760991810746e+01
6.000000000000000000e+00 8.200000000000000000e+01 3.015928947446201214e+00 1.030442390377451645e+01
6.000000000000000000e+00 8.100000000000000000e+01 3.015928947446201214e+00 1.017876019763092543e+01
7.000000000000000000e+00 7.900000000000000000e+01 3.518583772020567935e+00 9.927432785343743404e+00
7.000000000000000000e+00 7.600000000000000000e+01 3.518583772020567935e+00 9.550441666912970362e+00
7.000000000000000000e+00 7.600000000000000000e+01 3.518583772020567935e+00 9.550441666912970362e+00
7.000000000000000000e+00 7.400000000000000000e+01 3.518583772020567935e+00 9.299114254625788334e+00
7.000000000000000000e+00 7.600000000000000000e+01 3.518583772020567935e+00 9.550441666912970362e+00
7.000000000000000000e+00 7.400000000000000000e+01 3.518583772020567935e+00 9.299114254625788334e+00
7.000000000000000000e+00 8.000000000000000000e+01 3.518583772020567935e+00 1.005309649148733442e+01
7.000000000000000000e+00 8.400000000000000000e+01 3.518583772020567935e+00 1.055575131606169847e+01
7.000000000000000000e+00 8.300000000000000000e+01 3.518583772020567935e+00 1.043008760991810746e+01
7.000000000000000000e+00 8.100000000000000000e+01 3.518583772020567935e+00 1.017876019763092543e+01
7.000000000000000000e+00 8.000000000000000000e+01 3.518583772020567935e+00 1.005309649148733442e+01
7.000000000000000000e+00 7.900000000000000000e+01 3.518583772020567935e+00 9.927432785343743404e+00
7.000000000000000000e+00 7.600000000000000000e+01 3.518583772020567935e+00 9.550441666912970362e+00
6.000000000000000000e+00 8.100000000000000000e+01 3.015928947446201214e+00 1.017876019763092543e+01
6.000000000000000000e+00 7.900000000000000000e+01 3.015928947446201214e+00 9.927432785343743404e+00
7.000000000000000000e+00 8.300000000000000000e+01 3.518583772020567935e+00 1.043008760991810746e+01
7.000000000000000000e+00 8.300000000000000000e+01 3.518583772020567935e+00 1.043008760991810746e+01
7.000000000000000000e+00 8.100000000000000000e+01 3.518583772020567935e+00 1.017876019763092543e+01
7.000000000000000000e+00 7.700000000000000000e+01 3.518583772020567935e+00 9.676105373056561376e+00
7.000000000000000000e+00 7.600000000000000000e+01 3.518583772020567935e+00 9.550441666912970362e+00
7.000000000000000000e+00 7.700000000000000000e+01 3.518583772020567935e+00 9.676105373056561376e+00
7.000000000000000000e+00 7.600000000000000000e+01 3.518583772020567935e+00 9.550441666912970362e+00
7.000000000000000000e+00 7.500000000000000000e+01 3.518583772020567935e+00 9.424777960769379348e+00
7.000000000000000000e+00 7.000000000000000000e+01 3.518583772020567935e+00 8.796459430051424278e+00
8.000000000000000000e+00 6.700000000000000000e+01 4.021238596594934656e+00 8.419468311620651235e+00
1.000000000000000000e+01 7.000000000000000000e+01 5.026548245743668097e+00 8.796459430051424278e+00
1.000000000000000000e+01 6.900000000000000000e+01 5.026548245743668097e+00 8.670795723907833263e+00
1.000000000000000000e+01 7.000000000000000000e+01 5.026548245743668097e+00 8.796459430051424278e+00
1.000000000000000000e+01 6.900000000000000000e+01 5.026548245743668097e+00 8.670795723907833263e+00
1.100000000000000000e+01 7.300000000000000000e+01 5.529203070318034818e+00 9.173450548482197320e+00
1.000000000000000000e+01 7.300000000000000000e+01 5.026548245743668097e+00 9.173450548482197320e+00
9.000000000000000000e+00 7.500000000000000000e+01 4.523893421169301376e+00 9.424777960769379348e+00
1.000000000000000000e+01 7.300000000000000000e+01 5.026548245743668097e+00 9.173450548482197320e+00
1.000000000000000000e+01 7.100000000000000000e+01 5.026548245743668097e+00 8.922123136195015292e+00
1.000000000000000000e+01 8.000000000000000000e+01 5.026548245743668097e+00 1.005309649148733442e+01
1.000000000000000000e+01 8.400000000000000000e+01 5.026548245743668097e+00 1.055575131606169847e+01
1.000000000000000000e+01 7.900000000000000000e+01 5.026548245743668097e+00 9.927432785343743404e+00
1.000000000000000000e+01 7.700000000000000000e+01 5.026548245743668097e+00 9.676105373056561376e+00
1.000000000000000000e+01 7.500000000000000000e+01 5.026548245743668097e+00 9.424777960769379348e+00
1.000000000000000000e+01 8.200000000000000000e+01 5.026548245743668097e+00 1.030442390377451645e+01
1.000000000000000000e+01 8.200000000000000000e+01 5.026548245743668097e+00 1.030442390377451645e+01
1.000000000000000000e+01 8.000000000000000000e+01 5.026548245743668097e+00 1.005309649148733442e+01
1.000000000000000000e+01 8.400000000000000000e+01 5.026548245743668097e+00 1.055575131606169847e+01
9.000000000000000000e+00 7.900000000000000000e+01 4.523893421169301376e+00 9.927432785343743404e+00
8.000000000000000000e+00 7.700000000000000000e+01 4.021238596594934656e+00 9.676105373056561376e+00
7.000000000000000000e+00 7.400000000000000000e+01 3.518583772020567935e+00 9.299114254625788334e+00
8.000000000000000000e+00 7.200000000000000000e+01 4.021238596594934656e+00 9.047786842338606306e+00
8.000000000000000000e+00 7.300000000000000000e+01 4.021238596594934656e+00 9.173450548482197320e+00
7.000000000000000000e+00 7.400000000000000000e+01 3.518583772020567935e+00 9.299114254625788334e+00
8.000000000000000000e+00 7.700000000000000000e+01 4.021238596594934656e+00 9.676105373056561376e+00
8.000000000000000000e+00 7.400000000000000000e+01 4.021238596594934656e+00 9.299114254625788334e+00
8.000000000000000000e+00 7.200000000000000000e+01 4.021238596594934656e+00 9.047786842338606306e+00
8.000000000000000000e+00 7.500000000000000000e+01 4.021238596594934656e+00 9.424777960769379348e+00
8.000000000000000000e+00 7.800000000000000000e+01 4.021238596594934656e+00 9.801769079200152390e+00
8.000000000000000000e+00 8.000000000000000000e+01 4.021238596594934656e+00 1.005309649148733442e+01
6.000000000000000000e+00 7.800000000000000000e+01 3.015928947446201214e+00 9.801769079200152390e+00
5.000000000000000000e+00 7.700000000000000000e+01 2.513274122871834493e+00 9.676105373056561376e+00
5.000000000000000000e+00 7.700000000000000000e+01 2.513274122871834493e+00 9.676105373056561376e+00
6.000000000000000000e+00 7.500000000000000000e+01 3.015928947446201214e+00 9.424777960769379348e+00
6.000000000000000000e+00 7.900000000000000000e+01 3.015928947446201214e+00 9.927432785343743404e+00
6.000000000000000000e+00 7.900000000000000000e+01 3.015928947446201214e+00 9.927432785343743404e+00
6.000000000000000000e+00 7.800000000000000000e+01 3.015928947446201214e+00 9.801769079200152390e+00
6.000000000000000000e+00 8.300000000000000000e+01 3.015928947446201214e+00 1.043008760991810746e+01
6.000000000000000000e+00 8.400000000000000000e+01 3.015928947446201214e+00 1.055575131606169847e+01
5.000000000000000000e+00 7.900000000000000000e+01 2.513274122871834493e+00 9.927432785343743404e+00
5.000000000000000000e+00 7.300000000000000000e+01 2.513274122871834493e+00 9.173450548482197320e+00
6.000000000000000000e+00 7.800000000000000000e+01 3.015928947446201214e+00 9.801769079200152390e+00
6.000000000000000000e+00 7.600000000000000000e+01 3.015928947446201214e+00 9.550441666912970362e+00
6.000000000000000000e+00 7.400000000000000000e+01 3.015928947446201214e+00 9.299114254625788334e+00
8.000000000000000000e+00 7.200000000000000000e+01 4.021238596594934656e+00 9.047786842338606306e+00
8.000000000000000000e+00 7.000000000000000000e+01 4.021238596594934656e+00 8.796459430051424278e+00
8.000000000000000000e+00 7.100000000000000000e+01 4.021238596594934656e+00 8.922123136195015292e+00
8.000000000000000000e+00 6.900000000000000000e+01 4.021238596594934656e+00 8.670795723907833263e+00
8.000000000000000000e+00 7.100000000000000000e+01 4.021238596594934656e+00 8.922123136195015292e+00
8.000000000000000000e+00 7.200000000000000000e+01 4.021238596594934656e+00 9.047786842338606306e+00
8.000000000000000000e+00 7.300000000000000000e+01 4.021238596594934656e+00 9.173450548482197320e+00
9.000000000000000000e+00 7.600000000000000000e+01 4.523893421169301376e+00 9.550441666912970362e+00
8.000000000000000000e+00 7.600000000000000000e+01 4.021238596594934656e+00 9.550441666912970362e+00
8.000000000000000000e+00 7.400000000000000000e+01 4.021238596594934656e+00 9.299114254625788334e+00
7.000000000000000000e+00 7.400000000000000000e+01 3.518583772020567935e+00 9.299114254625788334e+00
8.000000000000000000e+00 8.400000000000000000e+01 4.021238596594934656e+00 1.055575131606169847e+01
7.000000000000000000e+00 8.400000000000000000e+01 3.518583772020567935e+00 1.055575131606169847e+01
7.000000000000000000e+00 8.600000000000000000e+01 3.518583772020567935e+00 1.080707872834888050e+01
7.000000000000000000e+00 8.900000000000000000e+01 3.518583772020567935e+00 1.118406984677965355e+01
7.000000000000000000e+00 8.900000000000000000e+01 3.518583772020567935e+00 1.118406984677965355e+01
7.000000000000000000e+00 9.200000000000000000e+01 3.518583772020567935e+00 1.156106096521042659e+01
7.000000000000000000e+00 9.700000000000000000e+01 3.518583772020567935e+00 1.218937949592838166e+01
7.000000000000000000e+00 1.010000000000000000e+02 3.518583772020567935e+00 1.269203432050274571e+01
7.000000000000000000e+00 1.050000000000000000e+02 3.518583772020567935e+00 1.319468914507710977e+01
6.000000000000000000e+00 1.060000000000000000e+02 3.015928947446201214e+00 1.332035285122070079e+01
6.000000000000000000e+00 1.070000000000000000e+02 3.015928947446201214e+00 1.344601655736429180e+01
6.000000000000000000e+00 1.080000000000000000e+02 3.015928947446201214e+00 1.357168026350788281e+01
6.000000000000000000e+00 1.040000000000000000e+02 3.015928947446201214e+00 1.306902543893351876e+01
6.000000000000000000e+00 1.070000000000000000e+02 3.015928947446201214e+00 1.344601655736429180e+01
6.000000000000000000e+00 1.070000000000000000e+02 3.015928947446201214e+00 1.344601655736429180e+01
6.000000000000000000e+00 1.050000000000000000e+02 3.015928947446201214e+00 1.319468914507710977e+01
6.000000000000000000e+00 1.090000000000000000e+02 3.015928947446201214e+00 1.369734396965147383e+01
6.000000000000000000e+00 1.060000000000000000e+02 3.015928947446201214e+00 1.332035285122070079e+01
6.000000000000000000e+00 1.040000000000000000e+02 3.015928947446201214e+00 1.306902543893351876e+01
5.000000000000000000e+00 1.090000000000000000e+02 2.513274122871834493e+00 1.369734396965147383e+01
5.000000000000000000e+00 1.160000000000000000e+02 2.513274122871834493e+00 1.457698991265661093e+01
4.000000000000000000e+00 1.180000000000000000e+02 2.010619298297467772e+00 1.482831732494379295e+01
4.000000000000000000e+00 1.160000000000000000e+02 2.010619298297467772e+00 1.457698991265661093e+01
4.000000000000000000e+00 1.220000000000000000e+02 2.010619298297467772e+00 1.533097214951815701e+01
4.000000000000000000e+00 1.200000000000000000e+02 2.010619298297467772e+00 1.507964473723097498e+01
4.000000000000000000e+00 1.190000000000000000e+02 2.010619298297467772e+00 1.495398103108738397e+01
3.000000000000000000e+00 1.160000000000000000e+02 1.507964473723100829e+00 1.457698991265661093e+01
3.000000000000000000e+00 1.170000000000000000e+02 1.507964473723100829e+00 1.470265361880020194e+01
3.000000000000000000e+00 1.170000000000000000e+02 1.507964473723100829e+00 1.470265361880020194e+01
3.000000000000000000e+00 1.150000000000000000e+02 1.507964473723100829e+00 1.445132620651301991e+01
3.000000000000000000e+00 1.070000000000000000e+02 1.507964473723100829e+00 1.344601655736429180e+01
2.000000000000000000e+00 1.100000000000000000e+02 1.005309649148733886e+00 1.382300767579506484e+01
2.000000000000000000e+00 1.070000000000000000e+02 1.005309649148733886e+00 1.344601655736429180e+01
2.000000000000000000e+00 1.020000000000000000e+02 1.005309649148733886e+00 1.281769802664633673e+01
2.000000000000000000e+00 1.090000000000000000e+02 1.005309649148733886e+00 1.369734396965147383e+01
2.000000000000000000e+00 1.110000000000000000e+02 1.005309649148733886e+00 1.394867138193865586e+01
2.000000000000000000e+00 1.070000000000000000e+02 1.005309649148733886e+00 1.344601655736429180e+01
2.000000000000000000e+00 1.030000000000000000e+02 1.005309649148733886e+00 1.294336173278992774e+01
2.000000000000000000e+00 9.800000000000000000e+01 1.005309649148733886e+00 1.231504320207197267e+01
2.000000000000000000e+00 9.300000000000000000e+01 1.005309649148733886e+00 1.168672467135401760e+01
1.000000000000000000e+00 9.300000000000000000e+01 5.026548245743669430e-01 1.168672467135401760e+01
2.000000000000000000e+00 9.600000000000000000e+01 1.005309649148733886e+00 1.206371578978479064e+01
2.000000000000000000e+00 1.120000000000000000e+02 1.005309649148733886e+00 1.407433508808224687e+01
2.000000000000000000e+00 1.120000000000000000e+02 1.005309649148733886e+00 1.407433508808224687e+01
2.000000000000000000e+00 1.090000000000000000e+02 1.005309649148733886e+00 1.369734396965147383e+01
2.000000000000000000e+00 1.090000000000000000e+02 1.005309649148733886e+00 1.369734396965147383e+01
1.000000000000000000e+00 1.050000000000000000e+02 5.026548245743669430e-01 1.319468914507710977e+01
1.000000000000000000e+00 1.150000000000000000e+02 5.026548245743669430e-01 1.445132620651301991e+01
1.000000000000000000e+00 1.150000000000000000e+02 5.026548245743669430e-01 1.445132620651301991e+01
1.000000000000000000e+00 1.120000000000000000e+02 5.026548245743669430e-01 1.407433508808224687e+01
1.000000000000000000e+00 1.070000000000000000e+02 5.026548245743669430e-01 1.344601655736429180e+01
1.000000000000000000e+00 1.110000000000000000e+02 5.026548245743669430e-01 1.394867138193865586e+01
1.000000000000000000e+00 1.150000000000000000e+02 5.026548245743669430e-01 1.445132620651301991e+01
1.000000000000000000e+00 1.100000000000000000e+02 5.026548245743669430e-01 1.382300767579506484e+01
1.000000000000000000e+00 1.090000000000000000e+02 5.026548245743669430e-01 1.369734396965147383e+01
1.000000000000000000e+00 1.140000000000000000e+02 5.026548245743669430e-01 1.432566250036942890e+01
1.000000000000000000e+00 1.170000000000000000e+02 5.026548245743669430e-01 1.470265361880020194e+01
1.000000000000000000e+00 1.170000000000000000e+02 5.026548245743669430e-01 1.470265361880020194e+01
1.000000000000000000e+00 1.300000000000000000e+02 5.026548245743669430e-01 1.633628179866688512e+01
1.000000000000000000e+00 1.290000000000000000e+02 5.026548245743669430e-01 1.621061809252329411e+01
1.000000000000000000e+00 1.290000000000000000e+02 5.026548245743669430e-01 1.621061809252329411e+01
1.000000000000000000e+00 1.350000000000000000e+02 5.026548245743669430e-01 1.696460032938484019e+01
1.000000000000000000e+00 1.330000000000000000e+02 5.026548245743669430e-01 1.671327291709765817e+01
1.000000000000000000e+00 1.320000000000000000e+02 5.026548245743669430e-01 1.658760921095406715e+01
1.000000000000000000e+00 1.310000000000000000e+02 5.026548245743669430e-01 1.646194550481047614e+01
1.000000000000000000e+00 1.250000000000000000e+02 5.026548245743669430e-01 1.570796326794893005e+01
1.000000000000000000e+00 1.250000000000000000e+02 5.026548245743669430e-01 1.570796326794893005e+01
1.000000000000000000e+00 1.290000000000000000e+02 5.026548245743669430e-01 1.621061809252329411e+01
1.000000000000000000e+00 1.280000000000000000e+02 5.026548245743669430e-01 1.608495438637970310e+01
1.000000000000000000e+00 1.280000000000000000e+02 5.026548245743669430e-01 1.608495438637970310e+01
1.000000000000000000e+00 1.290000000000000000e+02 5.026548245743669430e-01 1.621061809252329411e+01
1.000000000000000000e+00 1.260000000000000000e+02 5.026548245743669430e-01 1.583362697409252107e+01
1.000000000000000000e+00 1.150000000000000000e+02 5.026548245743669430e-01 1.445132620651301991e+01
0.000000000000000000e+00 1.090000000000000000e+02 0.000000000000000000e+00 1.369734396965147383e+01
0.000000000000000000e+00 1.070000000000000000e+02 0.000000000000000000e+00 1.344601655736429180e+01
0.000000000000000000e+00 1.070000000000000000e+02 0.000000000000000000e+00 1.344601655736429180e+01
0.000000000000000000e+00 1.050000000000000000e+02 0.000000000000000000e+00 1.319468914507710977e+01
0.000000000000000000e+00 1.050000000000000000e+02 0.000000000000000000e+00 1.319468914507710977e+01
0.000000000000000000e+00 1.030000000000000000e+02 0.000000000000000000e+00 1.294336173278992774e+01
1.000000000000000000e+00 1.010000000000000000e+02 5.026548245743669430e-01 1.269203432050274571e+01
1.000000000000000000e+00 1.020000000000000000e+02 5.026548245743669430e-01 1.281769802664633673e+01
1.000000000000000000e+00 1.000000000000000000e+02 5.026548245743669430e-01 1.256637061435915470e+01
2.000000000000000000e+00 9.400000000000000000e+01 1.005309649148733886e+00 1.181238837749760862e+01
2.000000000000000000e+00 9.500000000000000000e+01 1.005309649148733886e+00 1.193805208364119963e+01
2.000000000000000000e+00 9.200000000000000000e+01 1.005309649148733886e+00 1.156106096521042659e+01
2.000000000000000000e+00 8.700000000000000000e+01 1.005309649148733886e+00 1.093274243449247152e+01
4.000000000000000000e+00 9.300000000000000000e+01 2.010619298297467772e+00 1.168672467135401760e+01
4.000000000000000000e+00 9.100000000000000000e+01 2.010619298297467772e+00 1.143539725906683557e+01
6.000000000000000000e+00 9.200000000000000000e+01 3.015928947446201214e+00 1.156106096521042659e+01
6.000000000000000000e+00 9.100000000000000000e+01 3.015928947446201214e+00 1.143539725906683557e+01
6.000000000000000000e+00 9.000000000000000000e+01 3.015928947446201214e+00 1.130973355292324456e+01
6.000000000000000000e+00 9.700000000000000000e+01 3.015928947446201214e+00 1.218937949592838166e+01
6.000000000000000000e+00 9.400000000000000000e+01 3.015928947446201214e+00 1.181238837749760862e+01
6.000000000000000000e+00 9.300000000000000000e+01 3.015928947446201214e+00 1.168672467135401760e+01
6.000000000000000000e+00 9.000000000000000000e+01 3.015928947446201214e+00 1.130973355292324456e+01
6.000000000000000000e+00 9.400000000000000000e+01 3.015928947446201214e+00 1.181238837749760862e+01
7.000000000000000000e+00 9.200000000000000000e+01 3.518583772020567935e+00 1.156106096521042659e+01
7.000000000000000000e+00 9.000000000000000000e+01 3.518583772020567935e+00 1.130973355292324456e+01
7.000000000000000000e+00 1.130000000000000000e+02 3.518583772020567935e+00 1.419999879422583788e+01
7.000000000000000000e+00 1.150000000000000000e+02 3.518583772020567935e+00 1.445132620651301991e+01
7.000000000000000000e+00 1.160000000000000000e+02 3.518583772020567935e+00 1.457698991265661093e+01
7.000000000000000000e+00 1.150000000000000000e+02 3.518583772020567935e+00 1.445132620651301991e+01
7.000000000000000000e+00 1.150000000000000000e+02 3.518583772020567935e+00 1.445132620651301991e+01
7.000000000000000000e+00 1.150000000000000000e+02 3.518583772020567935e+00 1.445132620651301991e+01
7.000000000000000000e+00 1.130000000000000000e+02 3.518583772020567935e+00 1.419999879422583788e+01
7.000000000000000000e+00 1.100000000000000000e+02 3.518583772020567935e+00 1.382300767579506484e+01
7.000000000000000000e+00 1.090000000000000000e+02 3.518583772020567935e+00 1.369734396965147383e+01
7.000000000000000000e+00 1.050000000000000000e+02 3.518583772020567935e+00 1.319468914507710977e+01
7.000000000000000000e+00 1.050000000000000000e+02 3.518583772020567935e+00 1.319468914507710977e+01
7.000000000000000000e+00 1.060000000000000000e+02 3.518583772020567935e+00 1.332035285122070079e+01
7.000000000000000000e+00 1.060000000000000000e+02 3.518583772020567935e+00 1.332035285122070079e+01
6.000000000000000000e+00 1.090000000000000000e+02 3.015928947446201214e+00 1.369734396965147383e+01
6.000000000000000000e+00 1.070000000000000000e+02 3.015928947446201214e+00 1.344601655736429180e+01
6.000000000000000000e+00 1.060000000000000000e+02 3.015928947446201214e+00 1.332035285122070079e+01
5.000000000000000000e+00 1.050000000000000000e+02 2.513274122871834493e+00 1.319468914507710977e+01
5.000000000000000000e+00 1.040000000000000000e+02 2.513274122871834493e+00 1.306902543893351876e+01
4.000000000000000000e+00 1.000000000000000000e+02 2.010619298297467772e+00 1.256637061435915470e+01
4.000000000000000000e+00 9.600000000000000000e+01 2.010619298297467772e+00 1.206371578978479064e+01
2.000000000000000000e+00 9.000000000000000000e+01 1.005309649148733886e+00 1.130973355292324456e+01
1.000000000000000000e+00 9.000000000000000000e+01 5.026548245743669430e-01 1.130973355292324456e+01
1.000000000000000000e+00 9.800000000000000000e+01 5.026548245743669430e-01 1.231504320207197267e+01
1.000000000000000000e+00 9.000000000000000000e+01 5.026548245743669430e-01 1.130973355292324456e+01
1.000000000000000000e+00 9.700000000000000000e+01 5.026548245743669430e-01 1.218937949592838166e+01
1.000000000000000000e+00 9.800000000000000000e+01 5.026548245743669430e-01 1.231504320207197267e+01
1.000000000000000000e+00 1.050000000000000000e+02 5.026548245743669430e-01 1.319468914507710977e+01
1.000000000000000000e+00 1.020000000000000000e+02 5.026548245743669430e-01 1.281769802664633673e+01
1.000000000000000000e+00 1.000000000000000000e+02 5.026548245743669430e-01 1.256637061435915470e+01
1.000000000000000000e+00 1.000000000000000000e+02 5.026548245743669430e-01 1.256637061435915470e+01
1.000000000000000000e+00 8.900000000000000000e+01 5.026548245743669430e-01 1.118406984677965355e+01
1.000000000000000000e+00 8.200000000000000000e+01 5.026548245743669430e-01 1.030442390377451645e+01
3.000000000000000000e+00 8.200000000000000000e+01 1.507964473723100829e+00 1.030442390377451645e+01
3.000000000000000000e+00 8.800000000000000000e+01 1.507964473723100829e+00 1.105840614063606253e+01
3.000000000000000000e+00 8.500000000000000000e+01 1.507964473723100829e+00 1.068141502220528949e+01
3.000000000000000000e+00 8.800000000000000000e+01 1.507964473723100829e+00 1.105840614063606253e+01
3.000000000000000000e+00 8.700000000000000000e+01 1.507964473723100829e+00 1.093274243449247152e+01
3.000000000000000000e+00 8.800000000000000000e+01 1.507964473723100829e+00 1.105840614063606253e+01
3.000000000000000000e+00 8.800000000000000000e+01 1.507964473723100829e+00 1.105840614063606253e+01
3.000000000000000000e+00 9.500000000000000000e+01 1.507964473723100829e+00 1.193805208364119963e+01
3.000000000000000000e+00 9.700000000000000000e+01 1.507964473723100829e+00 1.218937949592838166e+01
3.000000000000000000e+00 9.500000000000000000e+01 1.507964473723100829e+00 1.193805208364119963e+01
3.000000000000000000e+00 1.050000000000000000e+02 1.507964473723100829e+00 1.319468914507710977e+01
3.000000000000000000e+00 1.050000000000000000e+02 1.507964473723100829e+00 1.319468914507710977e+01
3.000000000000000000e+00 1.030000000000000000e+02 1.507964473723100829e+00 1.294336173278992774e+01
3.000000000000000000e+00 1.130000000000000000e+02 1.507964473723100829e+00 1.419999879422583788e+01
3.000000000000000000e+00 1.150000000000000000e+02 1.507964473723100829e+00 1.445132620651301991e+01
3.000000000000000000e+00 1.160000000000000000e+02 1.507964473723100829e+00 1.457698991265661093e+01
3.000000000000000000e+00 1.160000000000000000e+02 1.507964473723100829e+00 1.457698991265661093e+01
3.000000000000000000e+00 1.160000000000000000e+02 1.507964473723100829e+00 1.457698991265661093e+01
3.000000000000000000e+00 1.160000000000000000e+02 1.507964473723100829e+00 1.457698991265661093e+01
3.000000000000000000e+00 1.140000000000000000e+02 1.507964473723100829e+00 1.432566250036942890e+01
3.000000000000000000e+00 1.080000000000000000e+02 1.507964473723100829e+00 1.357168026350788281e+01
3.000000000000000000e+00 1.050000000000000000e+02 1.507964473723100829e+00 1.319468914507710977e+01
3.000000000000000000e+00 1.020000000000000000e+02 1.507964473723100829e+00 1.281769802664633673e+01
3.000000000000000000e+00 9.800000000000000000e+01 1.507964473723100829e+00 1.231504320207197267e+01
4.000000000000000000e+00 9.500000000000000000e+01 2.010619298297467772e+00 1.193805208364119963e+01
4.000000000000000000e+00 9.700000000000000000e+01 2.010619298297467772e+00 1.218937949592838166e+01
4.000000000000000000e+00 9.700000000000000000e+01 2.010619298297467772e+00 1.218937949592838166e+01
4.000000000000000000e+00 9.900000000000000000e+01 2.010619298297467772e+00 1.244070690821556369e+01
4.000000000000000000e+00 1.050000000000000000e+02 2.010619298297467772e+00 1.319468914507710977e+01
4.000000000000000000e+00 1.030000000000000000e+02 2.010619298297467772e+00 1.294336173278992774e+01
3.000000000000000000e+00 1.010000000000000000e+02 1.507964473723100829e+00 1.269203432050274571e+01
3.000000000000000000e+00 9.600000000000000000e+01 1.507964473723100829e+00 1.206371578978479064e+01
3.000000000000000000e+00 9.600000000000000000e+01 1.507964473723100829e+00 1.206371578978479064e+01
3.000000000000000000e+00 9.700000000000000000e+01 1.507964473723100829e+00 1.218937949592838166e+01
3.000000000000000000e+00 9.500000000000000000e+01 1.507964473723100829e+00 1.193805208364119963e+01
3.000000000000000000e+00 9.400000000000000000e+01 1.507964473723100829e+00 1.181238837749760862e+01
3.000000000000000000e+00 9.400000000000000000e+01 1.507964473723100829e+00 1.181238837749760862e+01
3.000000000000000000e+00 9.800000000000000000e+01 1.507964473723100829e+00 1.231504320207197267e+01
3.000000000000000000e+00 9.600000000000000000e+01 1.507964473723100829e+00 1.206371578978479064e+01
3.000000000000000000e+00 9.300000000000000000e+01 1.507964473723100829e+00 1.168672467135401760e+01
3.000000000000000000e+00 8.800000000000000000e+01 1.507964473723100829e+00 1.105840614063606253e+01
3.000000000000000000e+00 8.200000000000000000e+01 1.507964473723100829e+00 1.030442390377451645e+01
3.000000000000000000e+00 8.000000000000000000e+01 1.507964473723100829e+00 1.005309649148733442e+01
3.000000000000000000e+00 7.400000000000000000e+01 1.507964473723100829e+00 9.299114254625788334e+00
3.000000000000000000e+00 6.900000000000000000e+01 1.507964473723100829e+00 8.670795723907833263e+00
4.000000000000000000e+00 6.800000000000000000e+01 2.010619298297467772e+00 8.545132017764242249e+00
5.000000000000000000e+00 7.100000000000000000e+01 2.513274122871834493e+00 8.922123136195015292e+00
5.000000000000000000e+00 7.000000000000000000e+01 2.513274122871834493e+00 8.796459430051424278e+00
5.000000000000000000e+00 7.300000000000000000e+01 2.513274122871834493e+00 9.173450548482197320e+00
5.000000000000000000e+00 8.100000000000000000e+01 2.513274122871834493e+00 1.017876019763092543e+01
5.000000000000000000e+00 8.500000000000000000e+01 2.513274122871834493e+00 1.068141502220528949e+01
5.000000000000000000e+00 8.900000000000000000e+01 2.513274122871834493e+00 1.118406984677965355e+01
5.000000000000000000e+00 8.900000000000000000e+01 2.513274122871834493e+00 1.118406984677965355e+01
5.000000000000000000e+00 8.700000000000000000e+01 2.513274122871834493e+00 1.093274243449247152e+01
5.000000000000000000e+00 8.600000000000000000e+01 2.513274122871834493e+00 1.080707872834888050e+01
4.000000000000000000e+00 8.500000000000000000e+01 2.010619298297467772e+00 1.068141502220528949e+01
4.000000000000000000e+00 8.300000000000000000e+01 2.010619298297467772e+00 1.043008760991810746e+01
4.000000000000000000e+00 7.900000000000000000e+01 2.010619298297467772e+00 9.927432785343743404e+00
4.000000000000000000e+00 7.500000000000000000e+01 2.010619298297467772e+00 9.424777960769379348e+00
5.000000000000000000e+00 7.700000000000000000e+01 2.513274122871834493e+00 9.676105373056561376e+00
5.000000000000000000e+00 7.400000000000000000e+01 2.513274122871834493e+00 9.299114254625788334e+00
4.000000000000000000e+00 7.700000000000000000e+01 2.010619298297467772e+00 9.676105373056561376e+00
4.000000000000000000e+00 7.500000000000000000e+01 2.010619298297467772e+00 9.424777960769379348e+00
6.000000000000000000e+00 7.200000000000000000e+01 3.015928947446201214e+00 9.047786842338606306e+00
6.000000000000000000e+00 7.000000000000000000e+01 3.015928947446201214e+00 8.796459430051424278e+00
6.000000000000000000e+00 7.000000000000000000e+01 3.015928947446201214e+00 8.796459430051424278e+00
6.000000000000000000e+00 8.000000000000000000e+01 3.015928947446201214e+00 1.005309649148733442e+01
6.000000000000000000e+00 7.800000000000000000e+01 3.015928947446201214e+00 9.801769079200152390e+00
6.000000000000000000e+00 7.500000000000000000e+01 3.015928947446201214e+00 9.424777960769379348e+00
6.000000000000000000e+00 7.900000000000000000e+01 3.015928947446201214e+00 9.927432785343743404e+00
6.000000000000000000e+00 7.900000000000000000e+01 3.015928947446201214e+00 9.927432785343743404e+00
6.000000000000000000e+00 8.800000000000000000e+01 3.015928947446201214e+00 1.105840614063606253e+01
6.000000000000000000e+00 8.700000000000000000e+01 3.015928947446201214e+00 1.093274243449247152e+01
6.000000000000000000e+00 8.500000000000000000e+01 3.015928947446201214e+00 1.068141502220528949e+01
6.000000000000000000e+00 8.500000000000000000e+01 3.015928947446201214e+00 1.068141502220528949e+01
5.000000000000000000e+00 8.800000000000000000e+01 2.513274122871834493e+00 1.105840614063606253e+01
4.000000000000000000e+00 8.700000000000000000e+01 2.010619298297467772e+00 1.093274243449247152e+01
4.000000000000000000e+00 8.500000000000000000e+01 2.010619298297467772e+00 1.068141502220528949e+01
4.000000000000000000e+00 8.200000000000000000e+01 2.010619298297467772e+00 1.030442390377451645e+01
4.000000000000000000e+00 8.400000000000000000e+01 2.010619298297467772e+00 1.055575131606169847e+01
4.000000000000000000e+00 8.400000000000000000e+01 2.010619298297467772e+00 1.055575131606169847e+01
4.000000000000000000e+00 7.900000000000000000e+01 2.010619298297467772e+00 9.927432785343743404e+00
4.000000000000000000e+00 8.400000000000000000e+01 2.010619298297467772e+00 1.055575131606169847e+01
4.000000000000000000e+00 8.300000000000000000e+01 2.010619298297467772e+00 1.043008760991810746e+01
4.000000000000000000e+00 8.800000000000000000e+01 2.010619298297467772e+00 1.105840614063606253e+01
4.000000000000000000e+00 9.100000000000000000e+01 2.010619298297467772e+00 1.143539725906683557e+01
4.000000000000000000e+00 9.000000000000000000e+01 2.010619298297467772e+00 1.130973355292324456e+01
4.000000000000000000e+00 9.200000000000000000e+01 2.010619298297467772e+00 1.156106096521042659e+01
4.000000000000000000e+00 9.100000000000000000e+01 2.010619298297467772e+00 1.143539725906683557e+01
4.000000000000000000e+00 8.700000000000000000e+01 2.010619298297467772e+00 1.093274243449247152e+01
3.000000000000000000e+00 8.800000000000000000e+01 1.507964473723100829e+00 1.105840614063606253e+01
4.000000000000000000e+00 8.600000000000000000e+01 2.010619298297467772e+00 1.080707872834888050e+01
5.000000000000000000e+00 8.800000000000000000e+01 2.513274122871834493e+00 1.105840614063606253e+01
3.000000000000000000e+00 9.400000000000000000e+01 1.507964473723100829e+00 1.181238837749760862e+01
4.000000000000000000e+00 1.110000000000000000e+02 2.010619298297467772e+00 1.394867138193865586e+01
