0.000000000000000000e+00 0.000000000000000000e+00 0.000000000000000000e+00 0.000000000000000000e+00
5.000000000000000000e+00 4.000000000000000000e+00 2.513274122871834493e+00 5.026548245743669430e-01
5.000000000000000000e+00 4.000000000000000000e+00 2.513274122871834493e+00 5.026548245743669430e-01
8.000000000000000000e+00 4.000000000000000000e+00 4.021238596594934656e+00 5.026548245743669430e-01
8.000000000000000000e+00 5.000000000000000000e+00 4.021238596594934656e+00 6.283185307179586232e-01
9.000000000000000000e+00 7.000000000000000000e+00 4.523893421169301376e+00 8.796459430051419837e-01
9.000000000000000000e+00 1.000000000000000000e+01 4.523893421169301376e+00 1.256637061435917024e+00
1.100000000000000000e+01 1.500000000000000000e+01 5.529203070318034818e+00 1.884955592153875426e+00
1.100000000000000000e+01 1.500000000000000000e+01 5.529203070318034818e+00 1.884955592153875426e+00
1.200000000000000000e+01 1.600000000000000000e+01 6.031857894892401539e+00 2.010619298297467328e+00
1.200000000000000000e+01 1.800000000000000000e+01 6.031857894892401539e+00 2.261946710584651132e+00
1.300000000000000000e+01 1.900000000000000000e+01 6.534512719466768260e+00 2.387610416728243035e+00
1.300000000000000000e+01 1.900000000000000000e+01 6.534512719466768260e+00 2.387610416728243035e+00
1.600000000000000000e+01 2.900000000000000000e+01 8.042477193189869311e+00 3.644247478164162057e+00
1.600000000000000000e+01 2.900000000000000000e+01 8.042477193189869311e+00 3.644247478164162057e+00
1.700000000000000000e+01 3.200000000000000000e+01 8.545132017764236920e+00 4.021238596594937320e+00
1.700000000000000000e+01 3.200000000000000000e+01 8.545132017764236920e+00 4.021238596594937320e+00
1.700000000000000000e+01 4.100000000000000000e+01 8.545132017764236920e+00 5.152211951887264441e+00
1.700000000000000000e+01 4.600000000000000000e+01 8.545132017764236920e+00 5.780530482605223952e+00
1.700000000000000000e+01 6.800000000000000000e+01 8.545132017764236920e+00 8.545132017764242249e+00
1.700000000000000000e+01 6.800000000000000000e+01 8.545132017764236920e+00 8.545132017764242249e+00
1.700000000000000000e+01 7.300000000000000000e+01 8.545132017764236920e+00 9.173450548482197320e+00
1.700000000000000000e+01 9.700000000000000000e+01 8.545132017764236920e+00 1.218937949592838166e+01
1.700000000000000000e+01 9.900000000000000000e+01 8.545132017764236920e+00 1.244070690821556369e+01
1.700000000000000000e+01 9.900000000000000000e+01 8.545132017764236920e+00 1.244070690821556369e+01
1.700000000000000000e+01 9.900000000000000000e+01 8.545132017764236920e+00 1.244070690821556369e+01
1.700000000000000000e+01 9.900000000000000000e+01 8.545132017764236920e+00 1.244070690821556369e+01
1.700000000000000000e+01 9.900000000000000000e+01 8.545132017764236920e+00 1.244070690821556369e+01
1.700000000000000000e+01 9.900000000000000000e+01 8.545132017764236920e+00 1.244070690821556369e+01
1.700000000000000000e+01 9.900000000000000000e+01 8.545132017764236920e+00 1.244070690821556369e+01
1.700000000000000000e+01 9.900000000000000000e+01 8.545132017764236920e+00 1.244070690821556369e+01
1.500000000000000000e+01 9.700000000000000000e+01 7.539822368615501702e+00 1.218937949592838166e+01
1.400000000000000000e+01 9.800000000000000000e+01 7.037167544041134981e+00 1.231504320207197267e+01
1.100000000000000000e+01 9.900000000000000000e+01 5.529203070318034818e+00 1.244070690821556369e+01
1.100000000000000000e+01 9.700000000000000000e+01 5.529203070318034818e+00 1.218937949592838166e+01
1.100000000000000000e+01 1.010000000000000000e+02 5.529203070318034818e+00 1.269203432050274571e+01
1.000000000000000000e+01 1.010000000000000000e+02 5.026548245743668097e+00 1.269203432050274571e+01
9.000000000000000000e+00 1.020000000000000000e+02 4.523893421169301376e+00 1.281769802664633673e+01
8.000000000000000000e+00 1.040000000000000000e+02 4.021238596594934656e+00 1.306902543893351876e+01
8.000000000000000000e+00 1.070000000000000000e+02 4.021238596594934656e+00 1.344601655736429180e+01
8.000000000000000000e+00 1.160000000000000000e+02 4.021238596594934656e+00 1.457698991265661093e+01
7.000000000000000000e+00 1.150000000000000000e+02 3.518583772020567935e+00 1.445132620651301991e+01
7.000000000000000000e+00 1.160000000000000000e+02 3.518583772020567935e+00 1.457698991265661093e+01
5.000000000000000000e+00 1.160000000000000000e+02 2.513274122871834493e+00 1.457698991265661093e+01
3.000000000000000000e+00 1.180000000000000000e+02 1.507964473723100829e+00 1.482831732494379295e+01
3.000000000000000000e+00 1.170000000000000000e+02 1.507964473723100829e+00 1.470265361880020194e+01
3.000000000000000000e+00 1.200000000000000000e+02 1.507964473723100829e+00 1.507964473723097498e+01
2.000000000000000000e+00 1.200000000000000000e+02 1.005309649148733886e+00 1.507964473723097498e+01
2.000000000000000000e+00 1.150000000000000000e+02 1.005309649148733886e+00 1.445132620651301991e+01
4.000000000000000000e+00 1.080000000000000000e+02 2.010619298297467772e+00 1.357168026350788281e+01
4.000000000000000000e+00 1.020000000000000000e+02 2.010619298297467772e+00 1.281769802664633673e+01
4.000000000000000000e+00 9.800000000000000000e+01 2.010619298297467772e+00 1.231504320207197267e+01
5.000000000000000000e+00 9.300000000000000000e+01 2.513274122871834493e+00 1.168672467135401760e+01
5.000000000000000000e+00 9.000000000000000000e+01 2.513274122871834493e+00 1.130973355292324456e+01
5.000000000000000000e+00 1.100000000000000000e+02 2.513274122871834493e+00 1.382300767579506484e+01
5.000000000000000000e+00 1.240000000000000000e+02 2.513274122871834493e+00 1.558229956180533904e+01
5.000000000000000000e+00 1.290000000000000000e+02 2.513274122871834493e+00 1.621061809252329411e+01
5.000000000000000000e+00 1.280000000000000000e+02 2.513274122871834493e+00 1.608495438637970310e+01
5.000000000000000000e+00 1.280000000000000000e+02 2.513274122871834493e+00 1.608495438637970310e+01
5.000000000000000000e+00 1.280000000000000000e+02 2.513274122871834493e+00 1.608495438637970310e+01
5.000000000000000000e+00 1.280000000000000000e+02 2.513274122871834493e+00 1.608495438637970310e+01
5.000000000000000000e+00 1.280000000000000000e+02 2.513274122871834493e+00 1.608495438637970310e+01
5.000000000000000000e+00 1.290000000000000000e+02 2.513274122871834493e+00 1.621061809252329411e+01
5.000000000000000000e+00 1.290000000000000000e+02 2.513274122871834493e+00 1.621061809252329411e+01
5.000000000000000000e+00 1.280000000000000000e+02 2.513274122871834493e+00 1.608495438637970310e+01
6.000000000000000000e+00 1.260000000000000000e+02 3.015928947446201214e+00 1.583362697409252107e+01
6.000000000000000000e+00 1.270000000000000000e+02 3.015928947446201214e+00 1.595929068023611208e+01
5.000000000000000000e+00 1.240000000000000000e+02 2.513274122871834493e+00 1.558229956180533904e+01
5.000000000000000000e+00 1.220000000000000000e+02 2.513274122871834493e+00 1.533097214951815701e+01
5.000000000000000000e+00 1.200000000000000000e+02 2.513274122871834493e+00 1.507964473723097498e+01
5.000000000000000000e+00 1.150000000000000000e+02 2.513274122871834493e+00 1.445132620651301991e+01
5.000000000000000000e+00 1.140000000000000000e+02 2.513274122871834493e+00 1.432566250036942890e+01
5.000000000000000000e+00 1.170000000000000000e+02 2.513274122871834493e+00 1.470265361880020194e+01
5.000000000000000000e+00 1.220000000000000000e+02 2.513274122871834493e+00 1.533097214951815701e+01
5.000000000000000000e+00 1.200000000000000000e+02 2.513274122871834493e+00 1.507964473723097498e+01
5.000000000000000000e+00 1.170000000000000000e+02 2.513274122871834493e+00 1.470265361880020194e+01
5.000000000000000000e+00 1.180000000000000000e+02 2.513274122871834493e+00 1.482831732494379295e+01
5.000000000000000000e+00 1.150000000000000000e+02 2.513274122871834493e+00 1.445132620651301991e+01
5.000000000000000000e+00 1.150000000000000000e+02 2.513274122871834493e+00 1.445132620651301991e+01
4.000000000000000000e+00 1.110000000000000000e+02 2.010619298297467772e+00 1.394867138193865586e+01
3.000000000000000000e+00 1.130000000000000000e+02 1.507964473723100829e+00 1.419999879422583788e+01
3.000000000000000000e+00 1.170000000000000000e+02 1.507964473723100829e+00 1.470265361880020194e+01
2.000000000000000000e+00 1.120000000000000000e+02 1.005309649148733886e+00 1.407433508808224687e+01
3.000000000000000000e+00 1.070000000000000000e+02 1.507964473723100829e+00 1.344601655736429180e+01
3.000000000000000000e+00 9.200000000000000000e+01 1.507964473723100829e+00 1.156106096521042659e+01
3.000000000000000000e+00 8.500000000000000000e+01 1.507964473723100829e+00 1.068141502220528949e+01
4.000000000000000000e+00 7.500000000000000000e+01 2.010619298297467772e+00 9.424777960769379348e+00
4.000000000000000000e+00 7.700000000000000000e+01 2.010619298297467772e+00 9.676105373056561376e+00
4.000000000000000000e+00 7.500000000000000000e+01 2.010619298297467772e+00 9.424777960769379348e+00
4.000000000000000000e+00 7.400000000000000000e+01 2.010619298297467772e+00 9.299114254625788334e+00
4.000000000000000000e+00 7.300000000000000000e+01 2.010619298297467772e+00 9.173450548482197320e+00
3.000000000000000000e+00 7.600000000000000000e+01 1.507964473723100829e+00 9.550441666912970362e+00
4.000000000000000000e+00 8.100000000000000000e+01 2.010619298297467772e+00 1.017876019763092543e+01
4.000000000000000000e+00 8.100000000000000000e+01 2.010619298297467772e+00 1.017876019763092543e+01
4.000000000000000000e+00 8.300000000000000000e+01 2.010619298297467772e+00 1.043008760991810746e+01
3.000000000000000000e+00 8.500000000000000000e+01 1.507964473723100829e+00 1.068141502220528949e+01
3.000000000000000000e+00 9.200000000000000000e+01 1.507964473723100829e+00 1.156106096521042659e+01
3.000000000000000000e+00 9.600000000000000000e+01 1.507964473723100829e+00 1.206371578978479064e+01
3.000000000000000000e+00 9.500000000000000000e+01 1.507964473723100829e+00 1.193805208364119963e+01
3.000000000000000000e+00 9.300000000000000000e+01 1.507964473723100829e+00 1.168672467135401760e+01
3.000000000000000000e+00 9.100000000000000000e+01 1.507964473723100829e+00 1.143539725906683557e+01
3.000000000000000000e+00 9.500000000000000000e+01 1.507964473723100829e+00 1.193805208364119963e+01
3.000000000000000000e+00 9.400000000000000000e+01 1.507964473723100829e+00 1.181238837749760862e+01
3.000000000000000000e+00 9.000000000000000000e+01 1.507964473723100829e+00 1.130973355292324456e+01
3.000000000000000000e+00 8.800000000000000000e+01 1.507964473723100829e+00 1.105840614063606253e+01
3.000000000000000000e+00 8.600000000000000000e+01 1.507964473723100829e+00 1.080707872834888050e+01
5.000000000000000000e+00 8.500000000000000000e+01 2.513274122871834493e+00 1.068141502220528949e+01
5.000000000000000000e+00 8.500000000000000000e+01 2.513274122871834493e+00 1.068141502220528949e+01
5.000000000000000000e+00 9.000000000000000000e+01 2.513274122871834493e+00 1.130973355292324456e+01
5.000000000000000000e+00 9.100000000000000000e+01 2.513274122871834493e+00 1.143539725906683557e+01
5.000000000000000000e+00 9.000000000000000000e+01 2.513274122871834493e+00 1.130973355292324456e+01
5.000000000000000000e+00 9.000000000000000000e+01 2.513274122871834493e+00 1.130973355292324456e+01
5.000000000000000000e+00 9.200000000000000000e+01 2.513274122871834493e+00 1.156106096521042659e+01
5.000000000000000000e+00 9.300000000000000000e+01 2.513274122871834493e+00 1.168672467135401760e+01
5.000000000000000000e+00 9.200000000000000000e+01 2.513274122871834493e+00 1.156106096521042659e+01
5.000000000000000000e+00 8.700000000000000000e+01 2.513274122871834493e+00 1.093274243449247152e+01
4.000000000000000000e+00 8.500000000000000000e+01 2.010619298297467772e+00 1.068141502220528949e+01
6.000000000000000000e+00 8.400000000000000000e+01 3.015928947446201214e+00 1.055575131606169847e+01
6.000000000000000000e+00 8.400000000000000000e+01 3.015928947446201214e+00 1.055575131606169847e+01
6.000000000000000000e+00 9.000000000000000000e+01 3.015928947446201214e+00 1.130973355292324456e+01
6.000000000000000000e+00 9.300000000000000000e+01 3.015928947446201214e+00 1.168672467135401760e+01
6.000000000000000000e+00 9.300000000000000000e+01 3.015928947446201214e+00 1.168672467135401760e+01
6.000000000000000000e+00 9.300000000000000000e+01 3.015928947446201214e+00 1.168672467135401760e+01
6.000000000000000000e+00 9.000000000000000000e+01 3.015928947446201214e+00 1.130973355292324456e+01
5.000000000000000000e+00 9.000000000000000000e+01 2.513274122871834493e+00 1.130973355292324456e+01
5.000000000000000000e+00 9.000000000000000000e+01 2.513274122871834493e+00 1.130973355292324456e+01
5.000000000000000000e+00 9.500000000000000000e+01 2.513274122871834493e+00 1.193805208364119963e+01
5.000000000000000000e+00 9.600000000000000000e+01 2.513274122871834493e+00 1.206371578978479064e+01
5.000000000000000000e+00 9.800000000000000000e+01 2.513274122871834493e+00 1.231504320207197267e+01
5.000000000000000000e+00 9.700000000000000000e+01 2.513274122871834493e+00 1.218937949592838166e+01
5.000000000000000000e+00 9.900000000000000000e+01 2.513274122871834493e+00 1.244070690821556369e+01
5.000000000000000000e+00 1.040000000000000000e+02 2.513274122871834493e+00 1.306902543893351876e+01
5.000000000000000000e+00 1.050000000000000000e+02 2.513274122871834493e+00 1.319468914507710977e+01
5.000000000000000000e+00 1.060000000000000000e+02 2.513274122871834493e+00 1.332035285122070079e+01
5.000000000000000000e+00 1.040000000000000000e+02 2.513274122871834493e+00 1.306902543893351876e+01
5.000000000000000000e+00 1.030000000000000000e+02 2.513274122871834493e+00 1.294336173278992774e+01
4.000000000000000000e+00 1.140000000000000000e+02 2.010619298297467772e+00 1.432566250036942890e+01
3.000000000000000000e+00 1.160000000000000000e+02 1.507964473723100829e+00 1.457698991265661093e+01
3.000000000000000000e+00 1.200000000000000000e+02 1.507964473723100829e+00 1.507964473723097498e+01
3.000000000000000000e+00 1.240000000000000000e+02 1.507964473723100829e+00 1.558229956180533904e+01
3.000000000000000000e+00 1.210000000000000000e+02 1.507964473723100829e+00 1.520530844337456600e+01
3.000000000000000000e+00 1.200000000000000000e+02 1.507964473723100829e+00 1.507964473723097498e+01
3.000000000000000000e+00 1.230000000000000000e+02 1.507964473723100829e+00 1.545663585566174802e+01
2.000000000000000000e+00 1.210000000000000000e+02 1.005309649148733886e+00 1.520530844337456600e+01
2.000000000000000000e+00 1.330000000000000000e+02 1.005309649148733886e+00 1.671327291709765817e+01
2.000000000000000000e+00 1.320000000000000000e+02 1.005309649148733886e+00 1.658760921095406715e+01
2.000000000000000000e+00 1.320000000000000000e+02 1.005309649148733886e+00 1.658760921095406715e+01
1.000000000000000000e+00 1.340000000000000000e+02 5.026548245743669430e-01 1.683893662324124918e+01
0.000000000000000000e+00 1.370000000000000000e+02 0.000000000000000000e+00 1.721592774167202222e+01
0.000000000000000000e+00 1.320000000000000000e+02 0.000000000000000000e+00 1.658760921095406715e+01
0.000000000000000000e+00 1.340000000000000000e+02 0.000000000000000000e+00 1.683893662324124918e+01
0.000000000000000000e+00 1.360000000000000000e+02 0.000000000000000000e+00 1.709026403552843121e+01
0.000000000000000000e+00 1.430000000000000000e+02 0.000000000000000000e+00 1.796990997853356831e+01
0.000000000000000000e+00 1.420000000000000000e+02 0.000000000000000000e+00 1.784424627238997729e+01
0.000000000000000000e+00 1.400000000000000000e+02 0.000000000000000000e+00 1.759291886010279526e+01
0.000000000000000000e+00 1.380000000000000000e+02 0.000000000000000000e+00 1.734159144781561324e+01
0.000000000000000000e+00 1.380000000000000000e+02 0.000000000000000000e+00 1.734159144781561324e+01
0.000000000000000000e+00 1.320000000000000000e+02 0.000000000000000000e+00 1.658760921095406715e+01
0.000000000000000000e+00 1.330000000000000000e+02 0.000000000000000000e+00 1.671327291709765817e+01
0.000000000000000000e+00 1.360000000000000000e+02 0.000000000000000000e+00 1.709026403552843121e+01
0.000000000000000000e+00 1.340000000000000000e+02 0.000000000000000000e+00 1.683893662324124918e+01
0.000000000000000000e+00 1.290000000000000000e+02 0.000000000000000000e+00 1.621061809252329411e+01
0.000000000000000000e+00 1.290000000000000000e+02 0.000000000000000000e+00 1.621061809252329411e+01
0.000000000000000000e+00 1.260000000000000000e+02 0.000000000000000000e+00 1.583362697409252107e+01
0.000000000000000000e+00 1.250000000000000000e+02 0.000000000000000000e+00 1.570796326794893005e+01
0.000000000000000000e+00 1.240000000000000000e+02 0.000000000000000000e+00 1.558229956180533904e+01
0.000000000000000000e+00 1.220000000000000000e+02 0.000000000000000000e+00 1.533097214951815701e+01
0.000000000000000000e+00 1.180000000000000000e+02 0.000000000000000000e+00 1.482831732494379295e+01
0.000000000000000000e+00 1.110000000000000000e+02 0.000000000000000000e+00 1.394867138193865586e+01
0.000000000000000000e+00 1.050000000000000000e+02 0.000000000000000000e+00 1.319468914507710977e+01
1.000000000000000000e+00 1.060000000000000000e+02 5.026548245743669430e-01 1.332035285122070079e+01
1.000000000000000000e+00 1.050000000000000000e+02 5.026548245743669430e-01 1.319468914507710977e+01
2.000000000000000000e+00 1.030000000000000000e+02 1.005309649148733886e+00 1.294336173278992774e+01
2.000000000000000000e+00 1.030000000000000000e+02 1.005309649148733886e+00 1.294336173278992774e+01
2.000000000000000000e+00 9.900000000000000000e+01 1.005309649148733886e+00 1.244070690821556369e+01
2.000000000000000000e+00 1.000000000000000000e+02 1.005309649148733886e+00 1.256637061435915470e+01
2.000000000000000000e+00 1.040000000000000000e+02 1.005309649148733886e+00 1.306902543893351876e+01
2.000000000000000000e+00 1.020000000000000000e+02 1.005309649148733886e+00 1.281769802664633673e+01
2.000000000000000000e+00 1.010000000000000000e+02 1.005309649148733886e+00 1.269203432050274571e+01
2.000000000000000000e+00 1.040000000000000000e+02 1.005309649148733886e+00 1.306902543893351876e+01
2.000000000000000000e+00 1.040000000000000000e+02 1.005309649148733886e+00 1.306902543893351876e+01
2.000000000000000000e+00 9.900000000000000000e+01 1.005309649148733886e+00 1.244070690821556369e+01
2.000000000000000000e+00 1.020000000000000000e+02 1.005309649148733886e+00 1.281769802664633673e+01
2.000000000000000000e+00 9.900000000000000000e+01 1.005309649148733886e+00 1.244070690821556369e+01
2.000000000000000000e+00 1.010000000000000000e+02 1.005309649148733886e+00 1.269203432050274571e+01
2.000000000000000000e+00 1.090000000000000000e+02 1.005309649148733886e+00 1.369734396965147383e+01
2.000000000000000000e+00 1.050000000000000000e+02 1.005309649148733886e+00 1.319468914507710977e+01
2.000000000000000000e+00 1.050000000000000000e+02 1.005309649148733886e+00 1.319468914507710977e+01
2.000000000000000000e+00 1.010000000000000000e+02 1.005309649148733886e+00 1.269203432050274571e+01
2.000000000000000000e+00 9.900000000000000000e+01 1.005309649148733886e+00 1.244070690821556369e+01
3.000000000000000000e+00 1.010000000000000000e+02 1.507964473723100829e+00 1.269203432050274571e+01
3.000000000000000000e+00 9.900000000000000000e+01 1.507964473723100829e+00 1.244070690821556369e+01
4.000000000000000000e+00 9.900000000000000000e+01 2.010619298297467772e+00 1.244070690821556369e+01
4.000000000000000000e+00 9.800000000000000000e+01 2.010619298297467772e+00 1.231504320207197267e+01
4.000000000000000000e+00 9.600000000000000000e+01 2.010619298297467772e+00 1.206371578978479064e+01
4.000000000000000000e+00 9.600000000000000000e+01 2.010619298297467772e+00 1.206371578978479064e+01
4.000000000000000000e+00 1.000000000000000000e+02 2.010619298297467772e+00 1.256637061435915470e+01
4.000000000000000000e+00 9.800000000000000000e+01 2.010619298297467772e+00 1.231504320207197267e+01
4.000000000000000000e+00 1.010000000000000000e+02 2.010619298297467772e+00 1.269203432050274571e+01
4.000000000000000000e+00 1.000000000000000000e+02 2.010619298297467772e+00 1.256637061435915470e+01
4.000000000000000000e+00 1.040000000000000000e+02 2.010619298297467772e+00 1.306902543893351876e+01
3.000000000000000000e+00 1.080000000000000000e+02 1.507964473723100829e+00 1.357168026350788281e+01
3.000000000000000000e+00 1.050000000000000000e+02 1.507964473723100829e+00 1.319468914507710977e+01
3.000000000000000000e+00 1.060000000000000000e+02 1.507964473723100829e+00 1.332035285122070079e+01
2.000000000000000000e+00 1.030000000000000000e+02 1.005309649148733886e+00 1.294336173278992774e+01
2.000000000000000000e+00 1.030000000000000000e+02 1.005309649148733886e+00 1.294336173278992774e+01
2.000000000000000000e+00 1.090000000000000000e+02 1.005309649148733886e+00 1.369734396965147383e+01
2.000000000000000000e+00 1.160000000000000000e+02 1.005309649148733886e+00 1.457698991265661093e+01
2.000000000000000000e+00 1.250000000000000000e+02 1.005309649148733886e+00 1.570796326794893005e+01
2.000000000000000000e+00 1.240000000000000000e+02 1.005309649148733886e+00 1.558229956180533904e+01
2.000000000000000000e+00 1.230000000000000000e+02 1.005309649148733886e+00 1.545663585566174802e+01
2.000000000000000000e+00 1.210000000000000000e+02 1.005309649148733886e+00 1.520530844337456600e+01
2.000000000000000000e+00 1.150000000000000000e+02 1.005309649148733886e+00 1.445132620651301991e+01
2.000000000000000000e+00 1.230000000000000000e+02 1.005309649148733886e+00 1.545663585566174802e+01
2.000000000000000000e+00 1.220000000000000000e+02 1.005309649148733886e+00 1.533097214951815701e+01
2.000000000000000000e+00 1.210000000000000000e+02 1.005309649148733886e+00 1.520530844337456600e+01
2.000000000000000000e+00 1.180000000000000000e+02 1.005309649148733886e+00 1.482831732494379295e+01
2.000000000000000000e+00 1.250000000000000000e+02 1.005309649148733886e+00 1.570796326794893005e+01
2.000000000000000000e+00 1.240000000000000000e+02 1.005309649148733886e+00 1.558229956180533904e+01
2.000000000000000000e+00 1.230000000000000000e+02 1.005309649148733886e+00 1.545663585566174802e+01
1.000000000000000000e+00 1.270000000000000000e+02 5.026548245743669430e-01 1.595929068023611208e+01
1.000000000000000000e+00 1.260000000000000000e+02 5.026548245743669430e-01 1.583362697409252107e+01
0.000000000000000000e+00 1.250000000000000000e+02 0.000000000000000000e+00 1.570796326794893005e+01
0.000000000000000000e+00 1.330000000000000000e+02 0.000000000000000000e+00 1.671327291709765817e+01
0.000000000000000000e+00 1.340000000000000000e+02 0.000000000000000000e+00 1.683893662324124918e+01
0.000000000000000000e+00 1.340000000000000000e+02 0.000000000000000000e+00 1.683893662324124918e+01
0.000000000000000000e+00 1.410000000000000000e+02 0.000000000000000000e+00 1.771858256624638628e+01
0.000000000000000000e+00 1.380000000000000000e+02 0.000000000000000000e+00 1.734159144781561324e+01
0.000000000000000000e+00 1.370000000000000000e+02 0.000000000000000000e+00 1.721592774167202222e+01
0.000000000000000000e+00 1.400000000000000000e+02 0.000000000000000000e+00 1.759291886010279526e+01
0.000000000000000000e+00 1.350000000000000000e+02 0.000000000000000000e+00 1.696460032938484019e+01
0.000000000000000000e+00 1.320000000000000000e+02 0.000000000000000000e+00 1.658760921095406715e+01
0.000000000000000000e+00 1.300000000000000000e+02 0.000000000000000000e+00 1.633628179866688512e+01
0.000000000000000000e+00 1.270000000000000000e+02 0.000000000000000000e+00 1.595929068023611208e+01
0.000000000000000000e+00 1.310000000000000000e+02 0.000000000000000000e+00 1.646194550481047614e+01
0.000000000000000000e+00 1.280000000000000000e+02 0.000000000000000000e+00 1.608495438637970310e+01
0.000000000000000000e+00 1.210000000000000000e+02 0.000000000000000000e+00 1.520530844337456600e+01
0.000000000000000000e+00 1.140000000000000000e+02 0.000000000000000000e+00 1.432566250036942890e+01
0.000000000000000000e+00 1.050000000000000000e+02 0.000000000000000000e+00 1.319468914507710977e+01
0.000000000000000000e+00 1.010000000000000000e+02 0.000000000000000000e+00 1.269203432050274571e+01
0.000000000000000000e+00 1.040000000000000000e+02 0.000000000000000000e+00 1.306902543893351876e+01
0.000000000000000000e+00 1.080000000000000000e+02 0.000000000000000000e+00 1.357168026350788281e+01
0.000000000000000000e+00 1.110000000000000000e+02 0.000000000000000000e+00 1.394867138193865586e+01
0.000000000000000000e+00 1.070000000000000000e+02 0.000000000000000000e+00 1.344601655736429180e+01
0.000000000000000000e+00 1.240000000000000000e+02 0.000000000000000000e+00 1.558229956180533904e+01
0.000000000000000000e+00 1.230000000000000000e+02 0.000000000000000000e+00 1.545663585566174802e+01
0.000000000000000000e+00 1.210000000000000000e+02 0.000000000000000000e+00 1.520530844337456600e+01
0.000000000000000000e+00 1.160000000000000000e+02 0.000000000000000000e+00 1.457698991265661093e+01
0.000000000000000000e+00 1.170000000000000000e+02 0.000000000000000000e+00 1.470265361880020194e+01
0.000000000000000000e+00 1.160000000000000000e+02 0.000000000000000000e+00 1.457698991265661093e+01
0.000000000000000000e+00 1.110000000000000000e+02 0.000000000000000000e+00 1.394867138193865586e+01
0.000000000000000000e+00 1.090000000000000000e+02 0.000000000000000000e+00 1.369734396965147383e+01
0.000000000000000000e+00 1.150000000000000000e+02 0.000000000000000000e+00 1.445132620651301991e+01
0.000000000000000000e+00 1.140000000000000000e+02 0.000000000000000000e+00 1.432566250036942890e+01
0.000000000000000000e+00 1.140000000000000000e+02 0.000000000000000000e+00 1.432566250036942890e+01
0.000000000000000000e+00 1.110000000000000000e+02 0.000000000000000000e+00 1.394867138193865586e+01
1.000000000000000000e+00 1.130000000000000000e+02 5.026548245743669430e-01 1.419999879422583788e+01
1.000000000000000000e+00 1.170000000000000000e+02 5.026548245743669430e-01 1.470265361880020194e+01
1.000000000000000000e+00 1.160000000000000000e+02 5.026548245743669430e-01 1.457698991265661093e+01
1.000000000000000000e+00 1.120000000000000000e+02 5.026548245743669430e-01 1.407433508808224687e+01
1.000000000000000000e+00 1.110000000000000000e+02 5.026548245743669430e-01 1.394867138193865586e+01
1.000000000000000000e+00 1.120000000000000000e+02 5.026548245743669430e-01 1.407433508808224687e+01
1.000000000000000000e+00 1.210000000000000000e+02 5.026548245743669430e-01 1.520530844337456600e+01
1.000000000000000000e+00 1.200000000000000000e+02 5.026548245743669430e-01 1.507964473723097498e+01
1.000000000000000000e+00 1.190000000000000000e+02 5.026548245743669430e-01 1.495398103108738397e+01
1.000000000000000000e+00 1.300000000000000000e+02 5.026548245743669430e-01 1.633628179866688512e+01
1.000000000000000000e+00 1.290000000000000000e+02 5.026548245743669430e-01 1.621061809252329411e+01
1.000000000000000000e+00 1.320000000000000000e+02 5.026548245743669430e-01 1.658760921095406715e+01
1.000000000000000000e+00 1.340000000000000000e+02 5.026548245743669430e-01 1.683893662324124918e+01
1.000000000000000000e+00 1.350000000000000000e+02 5.026548245743669430e-01 1.696460032938484019e+01
1.000000000000000000e+00 1.290000000000000000e+02 5.026548245743669430e-01 1.621061809252329411e+01
1.000000000000000000e+00 1.230000000000000000e+02 5.026548245743669430e-01 1.545663585566174802e+01
1.000000000000000000e+00 1.190000000000000000e+02 5.026548245743669430e-01 1.495398103108738397e+01
1.000000000000000000e+00 1.150000000000000000e+02 5.026548245743669430e-01 1.445132620651301991e+01
1.000000000000000000e+00 1.060000000000000000e+02 5.026548245743669430e-01 1.332035285122070079e+01
1.000000000000000000e+00 1.020000000000000000e+02 5.026548245743669430e-01 1.281769802664633673e+01
1.000000000000000000e+00 1.130000000000000000e+02 5.026548245743669430e-01 1.419999879422583788e+01
1.000000000000000000e+00 1.150000000000000000e+02 5.026548245743669430e-01 1.445132620651301991e+01
1.000000000000000000e+00 1.250000000000000000e+02 5.026548245743669430e-01 1.570796326794893005e+01
1.000000000000000000e+00 1.250000000000000000e+02 5.026548245743669430e-01 1.570796326794893005e+01
1.000000000000000000e+00 1.280000000000000000e+02 5.026548245743669430e-01 1.608495438637970310e+01
1.000000000000000000e+00 1.320000000000000000e+02 5.026548245743669430e-01 1.658760921095406715e+01
1.000000000000000000e+00 1.310000000000000000e+02 5.026548245743669430e-01 1.646194550481047614e+01
1.000000000000000000e+00 1.310000000000000000e+02 5.026548245743669430e-01 1.646194550481047614e+01
1.000000000000000000e+00 1.270000000000000000e+02 5.026548245743669430e-01 1.595929068023611208e+01
1.000000000000000000e+00 1.260000000000000000e+02 5.026548245743669430e-01 1.583362697409252107e+01
0.000000000000000000e+00 1.210000000000000000e+02 0.000000000000000000e+00 1.520530844337456600e+01
0.000000000000000000e+00 1.150000000000000000e+02 0.000000000000000000e+00 1.445132620651301991e+01
0.000000000000000000e+00 1.150000000000000000e+02 0.000000000000000000e+00 1.445132620651301991e+01
0.000000000000000000e+00 1.270000000000000000e+02 0.000000000000000000e+00 1.595929068023611208e+01
0.000000000000000000e+00 1.330000000000000000e+02 0.000000000000000000e+00 1.671327291709765817e+01
0.000000000000000000e+00 1.320000000000000000e+02 0.000000000000000000e+00 1.658760921095406715e+01
0.000000000000000000e+00 1.300000000000000000e+02 0.000000000000000000e+00 1.633628179866688512e+01
0.000000000000000000e+00 1.280000000000000000e+02 0.000000000000000000e+00 1.608495438637970310e+01
0.000000000000000000e+00 1.250000000000000000e+02 0.000000000000000000e+00 1.570796326794893005e+01
0.000000000000000000e+00 1.250000000000000000e+02 0.000000000000000000e+00 1.570796326794893005e+01
0.000000000000000000e+00 1.260000000000000000e+02 0.000000000000000000e+00 1.583362697409252107e+01
0.000000000000000000e+00 1.220000000000000000e+02 0.000000000000000000e+00 1.533097214951815701e+01
0.000000000000000000e+00 1.260000000000000000e+02 0.000000000000000000e+00 1.583362697409252107e+01
0.000000000000000000e+00 1.380000000000000000e+02 0.000000000000000000e+00 1.734159144781561324e+01
0.000000000000000000e+00 1.360000000000000000e+02 0.000000000000000000e+00 1.709026403552843121e+01
0.000000000000000000e+00 1.350000000000000000e+02 0.000000000000000000e+00 1.696460032938484019e+01
0.000000000000000000e+00 1.380000000000000000e+02 0.000000000000000000e+00 1.734159144781561324e+01
0.000000000000000000e+00 1.390000000000000000e+02 0.000000000000000000e+00 1.746725515395920425e+01
0.000000000000000000e+00 1.410000000000000000e+02 0.000000000000000000e+00 1.771858256624638628e+01
0.000000000000000000e+00 1.370000000000000000e+02 0.000000000000000000e+00 1.721592774167202222e+01
0.000000000000000000e+00 1.280000000000000000e+02 0.000000000000000000e+00 1.608495438637970310e+01
0.000000000000000000e+00 1.230000000000000000e+02 0.000000000000000000e+00 1.545663585566174802e+01
0.000000000000000000e+00 1.320000000000000000e+02 0.000000000000000000e+00 1.658760921095406715e+01
0.000000000000000000e+00 1.310000000000000000e+02 0.000000000000000000e+00 1.646194550481047614e+01
0.000000000000000000e+00 1.310000000000000000e+02 0.000000000000000000e+00 1.646194550481047614e+01
0.000000000000000000e+00 1.290000000000000000e+02 0.000000000000000000e+00 1.621061809252329411e+01
0.000000000000000000e+00 1.310000000000000000e+02 0.000000000000000000e+00 1.646194550481047614e+01
0.000000000000000000e+00 1.330000000000000000e+02 0.000000000000000000e+00 1.671327291709765817e+01
0.000000000000000000e+00 1.380000000000000000e+02 0.000000000000000000e+00 1.734159144781561324e+01
0.000000000000000000e+00 1.420000000000000000e+02 0.000000000000000000e+00 1.784424627238997729e+01
0.000000000000000000e+00 1.410000000000000000e+02 0.000000000000000000e+00 1.771858256624638628e+01
0.000000000000000000e+00 1.400000000000000000e+02 0.000000000000000000e+00 1.759291886010279526e+01
0.000000000000000000e+00 1.380000000000000000e+02 0.000000000000000000e+00 1.734159144781561324e+01
0.000000000000000000e+00 1.300000000000000000e+02 0.000000000000000000e+00 1.633628179866688512e+01
0.000000000000000000e+00 1.340000000000000000e+02 0.000000000000000000e+00 1.683893662324124918e+01
0.000000000000000000e+00 1.320000000000000000e+02 0.000000000000000000e+00 1.658760921095406715e+01
0.000000000000000000e+00 1.370000000000000000e+02 0.000000000000000000e+00 1.721592774167202222e+01
0.000000000000000000e+00 1.390000000000000000e+02 0.000000000000000000e+00 1.746725515395920425e+01
0.000000000000000000e+00 1.380000000000000000e+02 0.000000000000000000e+00 1.734159144781561324e+01
0.000000000000000000e+00 1.360000000000000000e+02 0.000000000000000000e+00 1.709026403552843121e+01
0.000000000000000000e+00 1.380000000000000000e+02 0.000000000000000000e+00 1.734159144781561324e+01
0.000000000000000000e+00 1.360000000000000000e+02 0.000000000000000000e+00 1.709026403552843121e+01
0.000000000000000000e+00 1.340000000000000000e+02 0.000000000000000000e+00 1.683893662324124918e+01
0.000000000000000000e+00 1.360000000000000000e+02 0.000000000000000000e+00 1.709026403552843121e+01
0.000000000000000000e+00 1.480000000000000000e+02 0.000000000000000000e+00 1.859822850925152338e+01
0.000000000000000000e+00 1.460000000000000000e+02 0.000000000000000000e+00 1.834690109696434135e+01
0.000000000000000000e+00 1.470000000000000000e+02 0.000000000000000000e+00 1.847256480310793236e+01
0.000000000000000000e+00 1.450000000000000000e+02 0.000000000000000000e+00 1.822123739082075033e+01
0.000000000000000000e+00 1.450000000000000000e+02 0.000000000000000000e+00 1.822123739082075033e+01
0.000000000000000000e+00 1.440000000000000000e+02 0.000000000000000000e+00 1.809557368467715932e+01
0.000000000000000000e+00 1.440000000000000000e+02 0.000000000000000000e+00 1.809557368467715932e+01
0.000000000000000000e+00 1.440000000000000000e+02 0.000000000000000000e+00 1.809557368467715932e+01
0.000000000000000000e+00 1.390000000000000000e+02 0.000000000000000000e+00 1.746725515395920425e+01
0.000000000000000000e+00 1.350000000000000000e+02 0.000000000000000000e+00 1.696460032938484019e+01
0.000000000000000000e+00 1.420000000000000000e+02 0.000000000000000000e+00 1.784424627238997729e+01
0.000000000000000000e+00 1.410000000000000000e+02 0.000000000000000000e+00 1.771858256624638628e+01
0.000000000000000000e+00 1.420000000000000000e+02 0.000000000000000000e+00 1.784424627238997729e+01
0.000000000000000000e+00 1.360000000000000000e+02 0.000000000000000000e+00 1.709026403552843121e+01
0.000000000000000000e+00 1.330000000000000000e+02 0.000000000000000000e+00 1.671327291709765817e+01
0.000000000000000000e+00 1.270000000000000000e+02 0.000000000000000000e+00 1.595929068023611208e+01
0.000000000000000000e+00 1.310000000000000000e+02 0.000000000000000000e+00 1.646194550481047614e+01
0.000000000000000000e+00 1.310000000000000000e+02 0.000000000000000000e+00 1.646194550481047614e+01
0.000000000000000000e+00 1.310000000000000000e+02 0.000000000000000000e+00 1.646194550481047614e+01
0.000000000000000000e+00 1.310000000000000000e+02 0.000000000000000000e+00 1.646194550481047614e+01
0.000000000000000000e+00 1.280000000000000000e+02 0.000000000000000000e+00 1.608495438637970310e+01
0.000000000000000000e+00 1.250000000000000000e+02 0.000000000000000000e+00 1.570796326794893005e+01
1.000000000000000000e+00 1.210000000000000000e+02 5.026548245743669430e-01 1.520530844337456600e+01
1.000000000000000000e+00 1.160000000000000000e+02 5.026548245743669430e-01 1.457698991265661093e+01
1.000000000000000000e+00 1.170000000000000000e+02 5.026548245743669430e-01 1.470265361880020194e+01
1.000000000000000000e+00 1.140000000000000000e+02 5.026548245743669430e-01 1.432566250036942890e+01
1.000000000000000000e+00 1.130000000000000000e+02 5.026548245743669430e-01 1.419999879422583788e+01
1.000000000000000000e+00 1.220000000000000000e+02 5.026548245743669430e-01 1.533097214951815701e+01
1.000000000000000000e+00 1.190000000000000000e+02 5.026548245743669430e-01 1.495398103108738397e+01
1.000000000000000000e+00 1.190000000000000000e+02 5.026548245743669430e-01 1.495398103108738397e+01
2.000000000000000000e+00 1.200000000000000000e+02 1.005309649148733886e+00 1.507964473723097498e+01
2.000000000000000000e+00 1.140000000000000000e+02 1.005309649148733886e+00 1.432566250036942890e+01
2.000000000000000000e+00 1.210000000000000000e+02 1.005309649148733886e+00 1.520530844337456600e+01
2.000000000000000000e+00 1.200000000000000000e+02 1.005309649148733886e+00 1.507964473723097498e+01
2.000000000000000000e+00 1.260000000000000000e+02 1.005309649148733886e+00 1.583362697409252107e+01
2.000000000000000000e+00 1.240000000000000000e+02 1.005309649148733886e+00 1.558229956180533904e+01
2.000000000000000000e+00 1.230000000000000000e+02 1.005309649148733886e+00 1.545663585566174802e+01
2.000000000000000000e+00 1.250000000000000000e+02 1.005309649148733886e+00 1.570796326794893005e+01
2.000000000000000000e+00 1.250000000000000000e+02 1.005309649148733886e+00 1.570796326794893005e+01
2.000000000000000000e+00 1.210000000000000000e+02 1.005309649148733886e+00 1.520530844337456600e+01
2.000000000000000000e+00 1.140000000000000000e+02 1.005309649148733886e+00 1.432566250036942890e+01
2.000000000000000000e+00 1.090000000000000000e+02 1.005309649148733886e+00 1.369734396965147383e+01
2.000000000000000000e+00 1.120000000000000000e+02 1.005309649148733886e+00 1.407433508808224687e+01
2.000000000000000000e+00 1.180000000000000000e+02 1.005309649148733886e+00 1.482831732494379295e+01
2.000000000000000000e+00 1.340000000000000000e+02 1.005309649148733886e+00 1.683893662324124918e+01
2.000000000000000000e+00 1.320000000000000000e+02 1.005309649148733886e+00 1.658760921095406715e+01
2.000000000000000000e+00 1.290000000000000000e+02 1.005309649148733886e+00 1.621061809252329411e+01
2.000000000000000000e+00 1.290000000000000000e+02 1.005309649148733886e+00 1.621061809252329411e+01
2.000000000000000000e+00 1.300000000000000000e+02 1.005309649148733886e+00 1.633628179866688512e+01
2.000000000000000000e+00 1.340000000000000000e+02 1.005309649148733886e+00 1.683893662324124918e+01
2.000000000000000000e+00 1.330000000000000000e+02 1.005309649148733886e+00 1.671327291709765817e+01
2.000000000000000000e+00 1.320000000000000000e+02 1.005309649148733886e+00 1.658760921095406715e+01
1.000000000000000000e+00 1.320000000000000000e+02 5.026548245743669430e-01 1.658760921095406715e+01
1.000000000000000000e+00 1.300000000000000000e+02 5.026548245743669430e-01 1.633628179866688512e+01
1.000000000000000000e+00 1.270000000000000000e+02 5.026548245743669430e-01 1.595929068023611208e+01
1.000000000000000000e+00 1.270000000000000000e+02 5.026548245743669430e-01 1.595929068023611208e+01
1.000000000000000000e+00 1.260000000000000000e+02 5.026548245743669430e-01 1.583362697409252107e+01
1.000000000000000000e+00 1.440000000000000000e+02 5.026548245743669430e-01 1.809557368467715932e+01
1.000000000000000000e+00 1.400000000000000000e+02 5.026548245743669430e-01 1.759291886010279526e+01
1.000000000000000000e+00 1.360000000000000000e+02 5.026548245743669430e-01 1.709026403552843121e+01
1.000000000000000000e+00 1.260000000000000000e+02 5.026548245743669430e-01 1.583362697409252107e+01
1.000000000000000000e+00 1.210000000000000000e+02 5.026548245743669430e-01 1.520530844337456600e+01
1.000000000000000000e+00 1.160000000000000000e+02 5.026548245743669430e-01 1.457698991265661093e+01
1.000000000000000000e+00 1.110000000000000000e+02 5.026548245743669430e-01 1.394867138193865586e+01
1.000000000000000000e+00 1.070000000000000000e+02 5.026548245743669430e-01 1.344601655736429180e+01
3.000000000000000000e+00 1.040000000000000000e+02 1.507964473723100829e+00 1.306902543893351876e+01
3.000000000000000000e+00 1.060000000000000000e+02 1.507964473723100829e+00 1.332035285122070079e+01
3.000000000000000000e+00 1.030000000000000000e+02 1.507964473723100829e+00 1.294336173278992774e+01
3.000000000000000000e+00 1.090000000000000000e+02 1.507964473723100829e+00 1.369734396965147383e+01
3.000000000000000000e+00 1.100000000000000000e+02 1.507964473723100829e+00 1.382300767579506484e+01
3.000000000000000000e+00 1.090000000000000000e+02 1.507964473723100829e+00 1.369734396965147383e+01
3.000000000000000000e+00 1.090000000000000000e+02 1.507964473723100829e+00 1.369734396965147383e+01
3.000000000000000000e+00 1.040000000000000000e+02 1.507964473723100829e+00 1.306902543893351876e+01
3.000000000000000000e+00 1.010000000000000000e+02 1.507964473723100829e+00 1.269203432050274571e+01
3.000000000000000000e+00 9.400000000000000000e+01 1.507964473723100829e+00 1.181238837749760862e+01
3.000000000000000000e+00 9.200000000000000000e+01 1.507964473723100829e+00 1.156106096521042659e+01
3.000000000000000000e+00 1.110000000000000000e+02 1.507964473723100829e+00 1.394867138193865586e+01
3.000000000000000000e+00 1.180000000000000000e+02 1.507964473723100829e+00 1.482831732494379295e+01
3.000000000000000000e+00 1.170000000000000000e+02 1.507964473723100829e+00 1.470265361880020194e+01
3.000000000000000000e+00 1.130000000000000000e+02 1.507964473723100829e+00 1.419999879422583788e+01
3.000000000000000000e+00 1.150000000000000000e+02 1.507964473723100829e+00 1.445132620651301991e+01
3.000000000000000000e+00 1.150000000000000000e+02 1.507964473723100829e+00 1.445132620651301991e+01
3.000000000000000000e+00 1.320000000000000000e+02 1.507964473723100829e+00 1.658760921095406715e+01
3.000000000000000000e+00 1.310000000000000000e+02 1.507964473723100829e+00 1.646194550481047614e+01
3.000000000000000000e+00 1.310000000000000000e+02 1.507964473723100829e+00 1.646194550481047614e+01
3.000000000000000000e+00 1.320000000000000000e+02 1.507964473723100829e+00 1.658760921095406715e+01
3.000000000000000000e+00 1.320000000000000000e+02 1.507964473723100829e+00 1.658760921095406715e+01
3.000000000000000000e+00 1.230000000000000000e+02 1.507964473723100829e+00 1.545663585566174802e+01
3.000000000000000000e+00 1.210000000000000000e+02 1.507964473723100829e+00 1.520530844337456600e+01
3.000000000000000000e+00 1.200000000000000000e+02 1.507964473723100829e+00 1.507964473723097498e+01
3.000000000000000000e+00 1.230000000000000000e+02 1.507964473723100829e+00 1.545663585566174802e+01
3.000000000000000000e+00 1.280000000000000000e+02 1.507964473723100829e+00 1.608495438637970310e+01
3.000000000000000000e+00 1.310000000000000000e+02 1.507964473723100829e+00 1.646194550481047614e+01
2.000000000000000000e+00 1.320000000000000000e+02 1.005309649148733886e+00 1.658760921095406715e+01
2.000000000000000000e+00 1.300000000000000000e+02 1.005309649148733886e+00 1.633628179866688512e+01
2.000000000000000000e+00 1.280000000000000000e+02 1.005309649148733886e+00 1.608495438637970310e+01
1.000000000000000000e+00 1.420000000000000000e+02 5.026548245743669430e-01 1.784424627238997729e+01
0.000000000000000000e+00 1.410000000000000000e+02 0.000000000000000000e+00 1.771858256624638628e+01
0.000000000000000000e+00 1.410000000000000000e+02 0.000000000000000000e+00 1.771858256624638628e+01
0.000000000000000000e+00 1.430000000000000000e+02 0.000000000000000000e+00 1.796990997853356831e+01
0.000000000000000000e+00 1.410000000000000000e+02 0.000000000000000000e+00 1.771858256624638628e+01
0.000000000000000000e+00 1.390000000000000000e+02 0.000000000000000000e+00 1.746725515395920425e+01
0.000000000000000000e+00 1.380000000000000000e+02 0.000000000000000000e+00 1.734159144781561324e+01
0.000000000000000000e+00 1.370000000000000000e+02 0.000000000000000000e+00 1.721592774167202222e+01
0.000000000000000000e+00 1.350000000000000000e+02 0.000000000000000000e+00 1.696460032938484019e+01
0.000000000000000000e+00 1.300000000000000000e+02 0.000000000000000000e+00 1.633628179866688512e+01
0.000000000000000000e+00 1.170000000000000000e+02 0.000000000000000000e+00 1.470265361880020194e+01
0.000000000000000000e+00 1.140000000000000000e+02 0.000000000000000000e+00 1.432566250036942890e+01
0.000000000000000000e+00 1.260000000000000000e+02 0.000000000000000000e+00 1.583362697409252107e+01
0.000000000000000000e+00 1.270000000000000000e+02 0.000000000000000000e+00 1.595929068023611208e+01
0.000000000000000000e+00 1.230000000000000000e+02 0.000000000000000000e+00 1.545663585566174802e+01
0.000000000000000000e+00 1.250000000000000000e+02 0.000000000000000000e+00 1.570796326794893005e+01
0.000000000000000000e+00 1.140000000000000000e+02 0.000000000000000000e+00 1.432566250036942890e+01
0.000000000000000000e+00 1.100000000000000000e+02 0.000000000000000000e+00 1.382300767579506484e+01
1.000000000000000000e+00 1.130000000000000000e+02 5.026548245743669430e-01 1.419999879422583788e+01
1.000000000000000000e+00 1.110000000000000000e+02 5.026548245743669430e-01 1.394867138193865586e+01
1.000000000000000000e+00 1.160000000000000000e+02 5.026548245743669430e-01 1.457698991265661093e+01
1.000000000000000000e+00 1.160000000000000000e+02 5.026548245743669430e-01 1.457698991265661093e+01
1.000000000000000000e+00 1.190000000000000000e+02 5.026548245743669430e-01 1.495398103108738397e+01
1.000000000000000000e+00 1.150000000000000000e+02 5.026548245743669430e-01 1.445132620651301991e+01
1.000000000000000000e+00 1.110000000000000000e+02 5.026548245743669430e-01 1.394867138193865586e+01
1.000000000000000000e+00 1.080000000000000000e+02 5.026548245743669430e-01 1.357168026350788281e+01
1.000000000000000000e+00 1.030000000000000000e+02 5.026548245743669430e-01 1.294336173278992774e+01
2.000000000000000000e+00 1.220000000000000000e+02 1.005309649148733886e+00 1.533097214951815701e+01
2.000000000000000000e+00 1.280000000000000000e+02 1.005309649148733886e+00 1.608495438637970310e+01
2.000000000000000000e+00 1.270000000000000000e+02 1.005309649148733886e+00 1.595929068023611208e+01
2.000000000000000000e+00 1.190000000000000000e+02 1.005309649148733886e+00 1.495398103108738397e+01
2.000000000000000000e+00 1.150000000000000000e+02 1.005309649148733886e+00 1.445132620651301991e+01
2.000000000000000000e+00 1.130000000000000000e+02 1.005309649148733886e+00 1.419999879422583788e+01
2.000000000000000000e+00 1.080000000000000000e+02 1.005309649148733886e+00 1.357168026350788281e+01
2.000000000000000000e+00 1.090000000000000000e+02 1.005309649148733886e+00 1.369734396965147383e+01
2.000000000000000000e+00 1.140000000000000000e+02 1.005309649148733886e+00 1.432566250036942890e+01
2.000000000000000000e+00 1.130000000000000000e+02 1.005309649148733886e+00 1.419999879422583788e+01
2.000000000000000000e+00 1.120000000000000000e+02 1.005309649148733886e+00 1.407433508808224687e+01
2.000000000000000000e+00 1.330000000000000000e+02 1.005309649148733886e+00 1.671327291709765817e+01
2.000000000000000000e+00 1.320000000000000000e+02 1.005309649148733886e+00 1.658760921095406715e+01
2.000000000000000000e+00 1.310000000000000000e+02 1.005309649148733886e+00 1.646194550481047614e+01
2.000000000000000000e+00 1.260000000000000000e+02 1.005309649148733886e+00 1.583362697409252107e+01
2.000000000000000000e+00 1.140000000000000000e+02 1.005309649148733886e+00 1.432566250036942890e+01
3.000000000000000000e+00 1.110000000000000000e+02 1.507964473723100829e+00 1.394867138193865586e+01
3.000000000000000000e+00 1.150000000000000000e+02 1.507964473723100829e+00 1.445132620651301991e+01
3.000000000000000000e+00 1.120000000000000000e+02 1.507964473723100829e+00 1.407433508808224687e+01
3.000000000000000000e+00 1.100000000000000000e+02 1.507964473723100829e+00 1.382300767579506484e+01
3.000000000000000000e+00 1.080000000000000000e+02 1.507964473723100829e+00 1.357168026350788281e+01
3.000000000000000000e+00 1.030000000000000000e+02 1.507964473723100829e+00 1.294336173278992774e+01
2.000000000000000000e+00 1.050000000000000000e+02 1.005309649148733886e+00 1.319468914507710977e+01
2.000000000000000000e+00 1.060000000000000000e+02 1.005309649148733886e+00 1.332035285122070079e+01
2.000000000000000000e+00 1.070000000000000000e+02 1.005309649148733886e+00 1.344601655736429180e+01
2.000000000000000000e+00 1.140000000000000000e+02 1.005309649148733886e+00 1.432566250036942890e+01
2.000000000000000000e+00 1.120000000000000000e+02 1.005309649148733886e+00 1.407433508808224687e+01
2.000000000000000000e+00 1.120000000000000000e+02 1.005309649148733886e+00 1.407433508808224687e+01
2.000000000000000000e+00 1.190000000000000000e+02 1.005309649148733886e+00 1.495398103108738397e+01
2.000000000000000000e+00 1.180000000000000000e+02 1.005309649148733886e+00 1.482831732494379295e+01
2.000000000000000000e+00 1.070000000000000000e+02 1.005309649148733886e+00 1.344601655736429180e+01
2.000000000000000000e+00 9.700000000000000000e+01 1.005309649148733886e+00 1.218937949592838166e+01
2.000000000000000000e+00 9.700000000000000000e+01 1.005309649148733886e+00 1.218937949592838166e+01
2.000000000000000000e+00 1.000000000000000000e+02 1.005309649148733886e+00 1.256637061435915470e+01
2.000000000000000000e+00 1.040000000000000000e+02 1.005309649148733886e+00 1.306902543893351876e+01
2.000000000000000000e+00 1.030000000000000000e+02 1.005309649148733886e+00 1.294336173278992774e+01
2.000000000000000000e+00 1.110000000000000000e+02 1.005309649148733886e+00 1.394867138193865586e+01
2.000000000000000000e+00 1.130000000000000000e+02 1.005309649148733886e+00 1.419999879422583788e+01
2.000000000000000000e+00 1.190000000000000000e+02 1.005309649148733886e+00 1.495398103108738397e+01
2.000000000000000000e+00 1.180000000000000000e+02 1.005309649148733886e+00 1.482831732494379295e+01
2.000000000000000000e+00 1.170000000000000000e+02 1.005309649148733886e+00 1.470265361880020194e+01
2.000000000000000000e+00 1.150000000000000000e+02 1.005309649148733886e+00 1.445132620651301991e+01
2.000000000000000000e+00 1.090000000000000000e+02 1.005309649148733886e+00 1.369734396965147383e+01
2.000000000000000000e+00 1.200000000000000000e+02 1.005309649148733886e+00 1.507964473723097498e+01
2.000000000000000000e+00 1.230000000000000000e+02 1.005309649148733886e+00 1.545663585566174802e+01
2.000000000000000000e+00 1.220000000000000000e+02 1.005309649148733886e+00 1.533097214951815701e+01
2.000000000000000000e+00 1.230000000000000000e+02 1.005309649148733886e+00 1.545663585566174802e+01
2.000000000000000000e+00 1.240000000000000000e+02 1.005309649148733886e+00 1.558229956180533904e+01
1.000000000000000000e+00 1.270000000000000000e+02 5.026548245743669430e-01 1.595929068023611208e+01
1.000000000000000000e+00 1.290000000000000000e+02 5.026548245743669430e-01 1.621061809252329411e+01
1.000000000000000000e+00 1.300000000000000000e+02 5.026548245743669430e-01 1.633628179866688512e+01
1.000000000000000000e+00 1.300000000000000000e+02 5.026548245743669430e-01 1.633628179866688512e+01
1.000000000000000000e+00 1.290000000000000000e+02 5.026548245743669430e-01 1.621061809252329411e+01
1.000000000000000000e+00 1.280000000000000000e+02 5.026548245743669430e-01 1.608495438637970310e+01
2.000000000000000000e+00 1.270000000000000000e+02 1.005309649148733886e+00 1.595929068023611208e+01
2.000000000000000000e+00 1.240000000000000000e+02 1.005309649148733886e+00 1.558229956180533904e+01
2.000000000000000000e+00 1.190000000000000000e+02 1.005309649148733886e+00 1.495398103108738397e+01
2.000000000000000000e+00 1.180000000000000000e+02 1.005309649148733886e+00 1.482831732494379295e+01
2.000000000000000000e+00 1.160000000000000000e+02 1.005309649148733886e+00 1.457698991265661093e+01
2.000000000000000000e+00 1.280000000000000000e+02 1.005309649148733886e+00 1.608495438637970310e+01
2.000000000000000000e+00 1.300000000000000000e+02 1.005309649148733886e+00 1.633628179866688512e+01
2.000000000000000000e+00 1.300000000000000000e+02 1.005309649148733886e+00 1.633628179866688512e+01
