0.000000000000000000e+00 0.000000000000000000e+00 0.000000000000000000e+00 0.000000000000000000e+00
2.000000000000000000e+00 2.000000000000000000e+00 1.005309649148733886e+00 2.513274122871834715e-01
3.000000000000000000e+00 4.000000000000000000e+00 1.507964473723100829e+00 5.026548245743669430e-01
3.000000000000000000e+00 4.000000000000000000e+00 1.507964473723100829e+00 5.026548245743669430e-01
4.000000000000000000e+00 5.000000000000000000e+00 2.010619298297467772e+00 6.283185307179586232e-01
8.000000000000000000e+00 8.000000000000000000e+00 4.021238596594934656e+00 1.005309649148733664e+00
8.000000000000000000e+00 1.400000000000000000e+01 4.021238596594934656e+00 1.759291886010283745e+00
9.000000000000000000e+00 2.400000000000000000e+01 4.523893421169301376e+00 3.015928947446202546e+00
9.000000000000000000e+00 2.400000000000000000e+01 4.523893421169301376e+00 3.015928947446202546e+00
9.000000000000000000e+00 2.400000000000000000e+01 4.523893421169301376e+00 3.015928947446202546e+00
1.000000000000000000e+01 2.700000000000000000e+01 5.026548245743668097e+00 3.392920065876978253e+00
1.000000000000000000e+01 3.300000000000000000e+01 5.026548245743668097e+00 4.146902302738529222e+00
1.200000000000000000e+01 5.300000000000000000e+01 6.031857894892401539e+00 6.660176425610367268e+00
1.200000000000000000e+01 5.600000000000000000e+01 6.031857894892401539e+00 7.037167544041142975e+00
1.200000000000000000e+01 5.900000000000000000e+01 6.031857894892401539e+00 7.414158662471918682e+00
1.200000000000000000e+01 5.900000000000000000e+01 6.031857894892401539e+00 7.414158662471918682e+00
1.200000000000000000e+01 6.300000000000000000e+01 6.031857894892401539e+00 7.916813487046286291e+00
1.200000000000000000e+01 6.400000000000000000e+01 6.031857894892401539e+00 8.042477193189878193e+00
1.200000000000000000e+01 6.800000000000000000e+01 6.031857894892401539e+00 8.545132017764242249e+00
1.200000000000000000e+01 6.800000000000000000e+01 6.031857894892401539e+00 8.545132017764242249e+00
1.200000000000000000e+01 7.200000000000000000e+01 6.031857894892401539e+00 9.047786842338606306e+00
1.200000000000000000e+01 7.300000000000000000e+01 6.031857894892401539e+00 9.173450548482197320e+00
1.200000000000000000e+01 7.600000000000000000e+01 6.031857894892401539e+00 9.550441666912970362e+00
1.200000000000000000e+01 7.600000000000000000e+01 6.031857894892401539e+00 9.550441666912970362e+00
1.200000000000000000e+01 8.700000000000000000e+01 6.031857894892401539e+00 1.093274243449247152e+01
1.200000000000000000e+01 8.900000000000000000e+01 6.031857894892401539e+00 1.118406984677965355e+01
1.200000000000000000e+01 9.100000000000000000e+01 6.031857894892401539e+00 1.143539725906683557e+01
1.200000000000000000e+01 9.400000000000000000e+01 6.031857894892401539e+00 1.181238837749760862e+01
1.200000000000000000e+01 9.400000000000000000e+01 6.031857894892401539e+00 1.181238837749760862e+01
1.200000000000000000e+01 9.700000000000000000e+01 6.031857894892401539e+00 1.218937949592838166e+01
1.200000000000000000e+01 9.700000000000000000e+01 6.031857894892401539e+00 1.218937949592838166e+01
1.100000000000000000e+01 9.700000000000000000e+01 5.529203070318034818e+00 1.218937949592838166e+01
1.300000000000000000e+01 9.500000000000000000e+01 6.534512719466768260e+00 1.193805208364119963e+01
1.200000000000000000e+01 9.500000000000000000e+01 6.031857894892401539e+00 1.193805208364119963e+01
1.000000000000000000e+01 9.500000000000000000e+01 5.026548245743668097e+00 1.193805208364119963e+01
8.000000000000000000e+00 9.300000000000000000e+01 4.021238596594934656e+00 1.168672467135401760e+01
8.000000000000000000e+00 9.000000000000000000e+01 4.021238596594934656e+00 1.130973355292324456e+01
7.000000000000000000e+00 8.500000000000000000e+01 3.518583772020567935e+00 1.068141502220528949e+01
5.000000000000000000e+00 8.300000000000000000e+01 2.513274122871834493e+00 1.043008760991810746e+01
5.000000000000000000e+00 8.300000000000000000e+01 2.513274122871834493e+00 1.043008760991810746e+01
5.000000000000000000e+00 8.200000000000000000e+01 2.513274122871834493e+00 1.030442390377451645e+01
5.000000000000000000e+00 7.800000000000000000e+01 2.513274122871834493e+00 9.801769079200152390e+00
3.000000000000000000e+00 7.200000000000000000e+01 1.507964473723100829e+00 9.047786842338606306e+00
4.000000000000000000e+00 6.900000000000000000e+01 2.010619298297467772e+00 8.670795723907833263e+00
4.000000000000000000e+00 6.600000000000000000e+01 2.010619298297467772e+00 8.293804605477060221e+00
4.000000000000000000e+00 6.300000000000000000e+01 2.010619298297467772e+00 7.916813487046286291e+00
4.000000000000000000e+00 6.200000000000000000e+01 2.010619298297467772e+00 7.791149780902694388e+00
6.000000000000000000e+00 6.700000000000000000e+01 3.015928947446201214e+00 8.419468311620651235e+00
6.000000000000000000e+00 6.500000000000000000e+01 3.015928947446201214e+00 8.168140899333469207e+00
6.000000000000000000e+00 6.600000000000000000e+01 3.015928947446201214e+00 8.293804605477060221e+00
6.000000000000000000e+00 6.300000000000000000e+01 3.015928947446201214e+00 7.916813487046286291e+00
9.000000000000000000e+00 6.700000000000000000e+01 4.523893421169301376e+00 8.419468311620651235e+00
9.000000000000000000e+00 6.900000000000000000e+01 4.523893421169301376e+00 8.670795723907833263e+00
9.000000000000000000e+00 6.900000000000000000e+01 4.523893421169301376e+00 8.670795723907833263e+00
9.000000000000000000e+00 6.300000000000000000e+01 4.523893421169301376e+00 7.916813487046286291e+00
9.000000000000000000e+00 6.000000000000000000e+01 4.523893421169301376e+00 7.539822368615510584e+00
9.000000000000000000e+00 5.700000000000000000e+01 4.523893421169301376e+00 7.162831250184734877e+00
9.000000000000000000e+00 5.700000000000000000e+01 4.523893421169301376e+00 7.162831250184734877e+00
9.000000000000000000e+00 5.700000000000000000e+01 4.523893421169301376e+00 7.162831250184734877e+00
9.000000000000000000e+00 5.700000000000000000e+01 4.523893421169301376e+00 7.162831250184734877e+00
9.000000000000000000e+00 5.900000000000000000e+01 4.523893421169301376e+00 7.414158662471918682e+00
9.000000000000000000e+00 5.800000000000000000e+01 4.523893421169301376e+00 7.288494956328326779e+00
8.000000000000000000e+00 6.100000000000000000e+01 4.021238596594934656e+00 7.665486074759102486e+00
7.000000000000000000e+00 6.200000000000000000e+01 3.518583772020567935e+00 7.791149780902694388e+00
8.000000000000000000e+00 7.500000000000000000e+01 4.021238596594934656e+00 9.424777960769379348e+00
1.000000000000000000e+01 8.400000000000000000e+01 5.026548245743668097e+00 1.055575131606169847e+01
1.000000000000000000e+01 9.200000000000000000e+01 5.026548245743668097e+00 1.156106096521042659e+01
1.000000000000000000e+01 9.100000000000000000e+01 5.026548245743668097e+00 1.143539725906683557e+01
1.000000000000000000e+01 9.400000000000000000e+01 5.026548245743668097e+00 1.181238837749760862e+01
1.000000000000000000e+01 9.300000000000000000e+01 5.026548245743668097e+00 1.168672467135401760e+01
1.100000000000000000e+01 9.300000000000000000e+01 5.529203070318034818e+00 1.168672467135401760e+01
1.000000000000000000e+01 9.400000000000000000e+01 5.026548245743668097e+00 1.181238837749760862e+01
1.000000000000000000e+01 9.900000000000000000e+01 5.026548245743668097e+00 1.244070690821556369e+01
1.000000000000000000e+01 9.700000000000000000e+01 5.026548245743668097e+00 1.218937949592838166e+01
1.000000000000000000e+01 9.300000000000000000e+01 5.026548245743668097e+00 1.168672467135401760e+01
9.000000000000000000e+00 9.300000000000000000e+01 4.523893421169301376e+00 1.168672467135401760e+01
9.000000000000000000e+00 9.200000000000000000e+01 4.523893421169301376e+00 1.156106096521042659e+01
7.000000000000000000e+00 9.000000000000000000e+01 3.518583772020567935e+00 1.130973355292324456e+01
7.000000000000000000e+00 9.000000000000000000e+01 3.518583772020567935e+00 1.130973355292324456e+01
7.000000000000000000e+00 8.700000000000000000e+01 3.518583772020567935e+00 1.093274243449247152e+01
7.000000000000000000e+00 8.500000000000000000e+01 3.518583772020567935e+00 1.068141502220528949e+01
7.000000000000000000e+00 8.300000000000000000e+01 3.518583772020567935e+00 1.043008760991810746e+01
5.000000000000000000e+00 8.100000000000000000e+01 2.513274122871834493e+00 1.017876019763092543e+01
4.000000000000000000e+00 7.900000000000000000e+01 2.010619298297467772e+00 9.927432785343743404e+00
5.000000000000000000e+00 8.000000000000000000e+01 2.513274122871834493e+00 1.005309649148733442e+01
5.000000000000000000e+00 8.500000000000000000e+01 2.513274122871834493e+00 1.068141502220528949e+01
5.000000000000000000e+00 8.500000000000000000e+01 2.513274122871834493e+00 1.068141502220528949e+01
6.000000000000000000e+00 9.200000000000000000e+01 3.015928947446201214e+00 1.156106096521042659e+01
6.000000000000000000e+00 9.100000000000000000e+01 3.015928947446201214e+00 1.143539725906683557e+01
6.000000000000000000e+00 8.900000000000000000e+01 3.015928947446201214e+00 1.118406984677965355e+01
6.000000000000000000e+00 9.100000000000000000e+01 3.015928947446201214e+00 1.143539725906683557e+01
6.000000000000000000e+00 1.000000000000000000e+02 3.015928947446201214e+00 1.256637061435915470e+01
6.000000000000000000e+00 9.800000000000000000e+01 3.015928947446201214e+00 1.231504320207197267e+01
6.000000000000000000e+00 9.600000000000000000e+01 3.015928947446201214e+00 1.206371578978479064e+01
6.000000000000000000e+00 9.200000000000000000e+01 3.015928947446201214e+00 1.156106096521042659e+01
4.000000000000000000e+00 8.400000000000000000e+01 2.010619298297467772e+00 1.055575131606169847e+01
5.000000000000000000e+00 8.100000000000000000e+01 2.513274122871834493e+00 1.017876019763092543e+01
5.000000000000000000e+00 7.600000000000000000e+01 2.513274122871834493e+00 9.550441666912970362e+00
5.000000000000000000e+00 7.400000000000000000e+01 2.513274122871834493e+00 9.299114254625788334e+00
5.000000000000000000e+00 7.500000000000000000e+01 2.513274122871834493e+00 9.424777960769379348e+00
4.000000000000000000e+00 7.500000000000000000e+01 2.010619298297467772e+00 9.424777960769379348e+00
5.000000000000000000e+00 7.900000000000000000e+01 2.513274122871834493e+00 9.927432785343743404e+00
5.000000000000000000e+00 7.400000000000000000e+01 2.513274122871834493e+00 9.299114254625788334e+00
5.000000000000000000e+00 7.400000000000000000e+01 2.513274122871834493e+00 9.299114254625788334e+00
5.000000000000000000e+00 7.200000000000000000e+01 2.513274122871834493e+00 9.047786842338606306e+00
5.000000000000000000e+00 7.100000000000000000e+01 2.513274122871834493e+00 8.922123136195015292e+00
5.000000000000000000e+00 7.100000000000000000e+01 2.513274122871834493e+00 8.922123136195015292e+00
5.000000000000000000e+00 8.000000000000000000e+01 2.513274122871834493e+00 1.005309649148733442e+01
5.000000000000000000e+00 7.800000000000000000e+01 2.513274122871834493e+00 9.801769079200152390e+00
6.000000000000000000e+00 8.300000000000000000e+01 3.015928947446201214e+00 1.043008760991810746e+01
6.000000000000000000e+00 8.300000000000000000e+01 3.015928947446201214e+00 1.043008760991810746e+01
6.000000000000000000e+00 8.800000000000000000e+01 3.015928947446201214e+00 1.105840614063606253e+01
6.000000000000000000e+00 9.000000000000000000e+01 3.015928947446201214e+00 1.130973355292324456e+01
6.000000000000000000e+00 9.000000000000000000e+01 3.015928947446201214e+00 1.130973355292324456e+01
5.000000000000000000e+00 9.400000000000000000e+01 2.513274122871834493e+00 1.181238837749760862e+01
5.000000000000000000e+00 1.000000000000000000e+02 2.513274122871834493e+00 1.256637061435915470e+01
5.000000000000000000e+00 1.000000000000000000e+02 2.513274122871834493e+00 1.256637061435915470e+01
4.000000000000000000e+00 1.000000000000000000e+02 2.010619298297467772e+00 1.256637061435915470e+01
4.000000000000000000e+00 9.600000000000000000e+01 2.010619298297467772e+00 1.206371578978479064e+01
4.000000000000000000e+00 9.600000000000000000e+01 2.010619298297467772e+00 1.206371578978479064e+01
4.000000000000000000e+00 9.500000000000000000e+01 2.010619298297467772e+00 1.193805208364119963e+01
4.000000000000000000e+00 8.900000000000000000e+01 2.010619298297467772e+00 1.118406984677965355e+01
4.000000000000000000e+00 8.600000000000000000e+01 2.010619298297467772e+00 1.080707872834888050e+01
4.000000000000000000e+00 8.500000000000000000e+01 2.010619298297467772e+00 1.068141502220528949e+01
4.000000000000000000e+00 8.200000000000000000e+01 2.010619298297467772e+00 1.030442390377451645e+01
4.000000000000000000e+00 8.500000000000000000e+01 2.010619298297467772e+00 1.068141502220528949e+01
3.000000000000000000e+00 8.200000000000000000e+01 1.507964473723100829e+00 1.030442390377451645e+01
4.000000000000000000e+00 8.900000000000000000e+01 2.010619298297467772e+00 1.118406984677965355e+01
4.000000000000000000e+00 9.400000000000000000e+01 2.010619298297467772e+00 1.181238837749760862e+01
4.000000000000000000e+00 9.200000000000000000e+01 2.010619298297467772e+00 1.156106096521042659e+01
4.000000000000000000e+00 9.100000000000000000e+01 2.010619298297467772e+00 1.143539725906683557e+01
3.000000000000000000e+00 8.700000000000000000e+01 1.507964473723100829e+00 1.093274243449247152e+01
3.000000000000000000e+00 8.500000000000000000e+01 1.507964473723100829e+00 1.068141502220528949e+01
3.000000000000000000e+00 8.300000000000000000e+01 1.507964473723100829e+00 1.043008760991810746e+01
3.000000000000000000e+00 8.700000000000000000e+01 1.507964473723100829e+00 1.093274243449247152e+01
3.000000000000000000e+00 8.600000000000000000e+01 1.507964473723100829e+00 1.080707872834888050e+01
3.000000000000000000e+00 9.100000000000000000e+01 1.507964473723100829e+00 1.143539725906683557e+01
3.000000000000000000e+00 8.700000000000000000e+01 1.507964473723100829e+00 1.093274243449247152e+01
3.000000000000000000e+00 8.500000000000000000e+01 1.507964473723100829e+00 1.068141502220528949e+01
2.000000000000000000e+00 8.300000000000000000e+01 1.005309649148733886e+00 1.043008760991810746e+01
2.000000000000000000e+00 8.300000000000000000e+01 1.005309649148733886e+00 1.043008760991810746e+01
2.000000000000000000e+00 7.800000000000000000e+01 1.005309649148733886e+00 9.801769079200152390e+00
2.000000000000000000e+00 7.600000000000000000e+01 1.005309649148733886e+00 9.550441666912970362e+00
2.000000000000000000e+00 7.400000000000000000e+01 1.005309649148733886e+00 9.299114254625788334e+00
2.000000000000000000e+00 7.100000000000000000e+01 1.005309649148733886e+00 8.922123136195015292e+00
3.000000000000000000e+00 6.700000000000000000e+01 1.507964473723100829e+00 8.419468311620651235e+00
4.000000000000000000e+00 6.600000000000000000e+01 2.010619298297467772e+00 8.293804605477060221e+00
4.000000000000000000e+00 6.100000000000000000e+01 2.010619298297467772e+00 7.665486074759102486e+00
4.000000000000000000e+00 6.200000000000000000e+01 2.010619298297467772e+00 7.791149780902694388e+00
4.000000000000000000e+00 6.000000000000000000e+01 2.010619298297467772e+00 7.539822368615510584e+00
5.000000000000000000e+00 6.700000000000000000e+01 2.513274122871834493e+00 8.419468311620651235e+00
5.000000000000000000e+00 7.500000000000000000e+01 2.513274122871834493e+00 9.424777960769379348e+00
5.000000000000000000e+00 7.800000000000000000e+01 2.513274122871834493e+00 9.801769079200152390e+00
5.000000000000000000e+00 7.700000000000000000e+01 2.513274122871834493e+00 9.676105373056561376e+00
5.000000000000000000e+00 7.600000000000000000e+01 2.513274122871834493e+00 9.550441666912970362e+00
4.000000000000000000e+00 7.800000000000000000e+01 2.010619298297467772e+00 9.801769079200152390e+00
4.000000000000000000e+00 7.700000000000000000e+01 2.010619298297467772e+00 9.676105373056561376e+00
3.000000000000000000e+00 7.700000000000000000e+01 1.507964473723100829e+00 9.676105373056561376e+00
3.000000000000000000e+00 7.000000000000000000e+01 1.507964473723100829e+00 8.796459430051424278e+00
3.000000000000000000e+00 6.800000000000000000e+01 1.507964473723100829e+00 8.545132017764242249e+00
4.000000000000000000e+00 7.000000000000000000e+01 2.010619298297467772e+00 8.796459430051424278e+00
4.000000000000000000e+00 6.900000000000000000e+01 2.010619298297467772e+00 8.670795723907833263e+00
4.000000000000000000e+00 7.100000000000000000e+01 2.010619298297467772e+00 8.922123136195015292e+00
4.000000000000000000e+00 7.100000000000000000e+01 2.010619298297467772e+00 8.922123136195015292e+00
4.000000000000000000e+00 6.800000000000000000e+01 2.010619298297467772e+00 8.545132017764242249e+00
4.000000000000000000e+00 6.700000000000000000e+01 2.010619298297467772e+00 8.419468311620651235e+00
4.000000000000000000e+00 6.500000000000000000e+01 2.010619298297467772e+00 8.168140899333469207e+00
6.000000000000000000e+00 7.100000000000000000e+01 3.015928947446201214e+00 8.922123136195015292e+00
6.000000000000000000e+00 6.900000000000000000e+01 3.015928947446201214e+00 8.670795723907833263e+00
6.000000000000000000e+00 6.700000000000000000e+01 3.015928947446201214e+00 8.419468311620651235e+00
6.000000000000000000e+00 6.800000000000000000e+01 3.015928947446201214e+00 8.545132017764242249e+00
6.000000000000000000e+00 7.300000000000000000e+01 3.015928947446201214e+00 9.173450548482197320e+00
6.000000000000000000e+00 7.600000000000000000e+01 3.015928947446201214e+00 9.550441666912970362e+00
7.000000000000000000e+00 7.500000000000000000e+01 3.518583772020567935e+00 9.424777960769379348e+00
7.000000000000000000e+00 7.400000000000000000e+01 3.518583772020567935e+00 9.299114254625788334e+00
6.000000000000000000e+00 7.800000000000000000e+01 3.015928947446201214e+00 9.801769079200152390e+00
5.000000000000000000e+00 7.800000000000000000e+01 2.513274122871834493e+00 9.801769079200152390e+00
5.000000000000000000e+00 7.800000000000000000e+01 2.513274122871834493e+00 9.801769079200152390e+00
5.000000000000000000e+00 7.800000000000000000e+01 2.513274122871834493e+00 9.801769079200152390e+00
5.000000000000000000e+00 7.700000000000000000e+01 2.513274122871834493e+00 9.676105373056561376e+00
4.000000000000000000e+00 7.400000000000000000e+01 2.010619298297467772e+00 9.299114254625788334e+00
5.000000000000000000e+00 7.300000000000000000e+01 2.513274122871834493e+00 9.173450548482197320e+00
5.000000000000000000e+00 6.700000000000000000e+01 2.513274122871834493e+00 8.419468311620651235e+00
5.000000000000000000e+00 6.900000000000000000e+01 2.513274122871834493e+00 8.670795723907833263e+00
5.000000000000000000e+00 6.900000000000000000e+01 2.513274122871834493e+00 8.670795723907833263e+00
5.000000000000000000e+00 8.400000000000000000e+01 2.513274122871834493e+00 1.055575131606169847e+01
5.000000000000000000e+00 8.800000000000000000e+01 2.513274122871834493e+00 1.105840614063606253e+01
5.000000000000000000e+00 8.800000000000000000e+01 2.513274122871834493e+00 1.105840614063606253e+01
5.000000000000000000e+00 9.100000000000000000e+01 2.513274122871834493e+00 1.143539725906683557e+01
5.000000000000000000e+00 8.900000000000000000e+01 2.513274122871834493e+00 1.118406984677965355e+01
4.000000000000000000e+00 1.020000000000000000e+02 2.010619298297467772e+00 1.281769802664633673e+01
4.000000000000000000e+00 1.000000000000000000e+02 2.010619298297467772e+00 1.256637061435915470e+01
4.000000000000000000e+00 9.900000000000000000e+01 2.010619298297467772e+00 1.244070690821556369e+01
5.000000000000000000e+00 9.800000000000000000e+01 2.513274122871834493e+00 1.231504320207197267e+01
5.000000000000000000e+00 9.900000000000000000e+01 2.513274122871834493e+00 1.244070690821556369e+01
5.000000000000000000e+00 9.800000000000000000e+01 2.513274122871834493e+00 1.231504320207197267e+01
5.000000000000000000e+00 1.010000000000000000e+02 2.513274122871834493e+00 1.269203432050274571e+01
4.000000000000000000e+00 9.700000000000000000e+01 2.010619298297467772e+00 1.218937949592838166e+01
4.000000000000000000e+00 9.800000000000000000e+01 2.010619298297467772e+00 1.231504320207197267e+01
3.000000000000000000e+00 9.800000000000000000e+01 1.507964473723100829e+00 1.231504320207197267e+01
3.000000000000000000e+00 9.700000000000000000e+01 1.507964473723100829e+00 1.218937949592838166e+01
4.000000000000000000e+00 9.500000000000000000e+01 2.010619298297467772e+00 1.193805208364119963e+01
4.000000000000000000e+00 9.100000000000000000e+01 2.010619298297467772e+00 1.143539725906683557e+01
3.000000000000000000e+00 9.000000000000000000e+01 1.507964473723100829e+00 1.130973355292324456e+01
3.000000000000000000e+00 8.900000000000000000e+01 1.507964473723100829e+00 1.118406984677965355e+01
3.000000000000000000e+00 8.700000000000000000e+01 1.507964473723100829e+00 1.093274243449247152e+01
3.000000000000000000e+00 9.200000000000000000e+01 1.507964473723100829e+00 1.156106096521042659e+01
3.000000000000000000e+00 9.300000000000000000e+01 1.507964473723100829e+00 1.168672467135401760e+01
3.000000000000000000e+00 9.300000000000000000e+01 1.507964473723100829e+00 1.168672467135401760e+01
3.000000000000000000e+00 9.400000000000000000e+01 1.507964473723100829e+00 1.181238837749760862e+01
3.000000000000000000e+00 9.300000000000000000e+01 1.507964473723100829e+00 1.168672467135401760e+01
3.000000000000000000e+00 9.900000000000000000e+01 1.507964473723100829e+00 1.244070690821556369e+01
3.000000000000000000e+00 1.010000000000000000e+02 1.507964473723100829e+00 1.269203432050274571e+01
2.000000000000000000e+00 9.900000000000000000e+01 1.005309649148733886e+00 1.244070690821556369e+01
2.000000000000000000e+00 9.900000000000000000e+01 1.005309649148733886e+00 1.244070690821556369e+01
3.000000000000000000e+00 9.200000000000000000e+01 1.507964473723100829e+00 1.156106096521042659e+01
3.000000000000000000e+00 9.500000000000000000e+01 1.507964473723100829e+00 1.193805208364119963e+01
3.000000000000000000e+00 9.500000000000000000e+01 1.507964473723100829e+00 1.193805208364119963e+01
3.000000000000000000e+00 9.700000000000000000e+01 1.507964473723100829e+00 1.218937949592838166e+01
3.000000000000000000e+00 9.400000000000000000e+01 1.507964473723100829e+00 1.181238837749760862e+01
3.000000000000000000e+00 8.600000000000000000e+01 1.507964473723100829e+00 1.080707872834888050e+01
3.000000000000000000e+00 8.500000000000000000e+01 1.507964473723100829e+00 1.068141502220528949e+01
3.000000000000000000e+00 8.300000000000000000e+01 1.507964473723100829e+00 1.043008760991810746e+01
4.000000000000000000e+00 8.200000000000000000e+01 2.010619298297467772e+00 1.030442390377451645e+01
4.000000000000000000e+00 8.000000000000000000e+01 2.010619298297467772e+00 1.005309649148733442e+01
4.000000000000000000e+00 8.500000000000000000e+01 2.010619298297467772e+00 1.068141502220528949e+01
4.000000000000000000e+00 8.700000000000000000e+01 2.010619298297467772e+00 1.093274243449247152e+01
4.000000000000000000e+00 8.500000000000000000e+01 2.010619298297467772e+00 1.068141502220528949e+01
4.000000000000000000e+00 8.300000000000000000e+01 2.010619298297467772e+00 1.043008760991810746e+01
4.000000000000000000e+00 8.200000000000000000e+01 2.010619298297467772e+00 1.030442390377451645e+01
4.000000000000000000e+00 8.400000000000000000e+01 2.010619298297467772e+00 1.055575131606169847e+01
4.000000000000000000e+00 8.200000000000000000e+01 2.010619298297467772e+00 1.030442390377451645e+01
3.000000000000000000e+00 9.100000000000000000e+01 1.507964473723100829e+00 1.143539725906683557e+01
3.000000000000000000e+00 9.500000000000000000e+01 1.507964473723100829e+00 1.193805208364119963e+01
3.000000000000000000e+00 1.060000000000000000e+02 1.507964473723100829e+00 1.332035285122070079e+01
3.000000000000000000e+00 1.050000000000000000e+02 1.507964473723100829e+00 1.319468914507710977e+01
3.000000000000000000e+00 1.070000000000000000e+02 1.507964473723100829e+00 1.344601655736429180e+01
3.000000000000000000e+00 1.170000000000000000e+02 1.507964473723100829e+00 1.470265361880020194e+01
3.000000000000000000e+00 1.170000000000000000e+02 1.507964473723100829e+00 1.470265361880020194e+01
3.000000000000000000e+00 1.150000000000000000e+02 1.507964473723100829e+00 1.445132620651301991e+01
3.000000000000000000e+00 1.130000000000000000e+02 1.507964473723100829e+00 1.419999879422583788e+01
3.000000000000000000e+00 1.070000000000000000e+02 1.507964473723100829e+00 1.344601655736429180e+01
3.000000000000000000e+00 1.050000000000000000e+02 1.507964473723100829e+00 1.319468914507710977e+01
3.000000000000000000e+00 1.020000000000000000e+02 1.507964473723100829e+00 1.281769802664633673e+01
3.000000000000000000e+00 1.020000000000000000e+02 1.507964473723100829e+00 1.281769802664633673e+01
2.000000000000000000e+00 1.000000000000000000e+02 1.005309649148733886e+00 1.256637061435915470e+01
2.000000000000000000e+00 9.400000000000000000e+01 1.005309649148733886e+00 1.181238837749760862e+01
2.000000000000000000e+00 1.000000000000000000e+02 1.005309649148733886e+00 1.256637061435915470e+01
2.000000000000000000e+00 1.080000000000000000e+02 1.005309649148733886e+00 1.357168026350788281e+01
2.000000000000000000e+00 1.050000000000000000e+02 1.005309649148733886e+00 1.319468914507710977e+01
2.000000000000000000e+00 1.050000000000000000e+02 1.005309649148733886e+00 1.319468914507710977e+01
2.000000000000000000e+00 1.120000000000000000e+02 1.005309649148733886e+00 1.407433508808224687e+01
2.000000000000000000e+00 1.150000000000000000e+02 1.005309649148733886e+00 1.445132620651301991e+01
2.000000000000000000e+00 1.200000000000000000e+02 1.005309649148733886e+00 1.507964473723097498e+01
1.000000000000000000e+00 1.220000000000000000e+02 5.026548245743669430e-01 1.533097214951815701e+01
0.000000000000000000e+00 1.200000000000000000e+02 0.000000000000000000e+00 1.507964473723097498e+01
0.000000000000000000e+00 1.180000000000000000e+02 0.000000000000000000e+00 1.482831732494379295e+01
0.000000000000000000e+00 1.180000000000000000e+02 0.000000000000000000e+00 1.482831732494379295e+01
0.000000000000000000e+00 1.160000000000000000e+02 0.000000000000000000e+00 1.457698991265661093e+01
0.000000000000000000e+00 1.150000000000000000e+02 0.000000000000000000e+00 1.445132620651301991e+01
0.000000000000000000e+00 1.130000000000000000e+02 0.000000000000000000e+00 1.419999879422583788e+01
1.000000000000000000e+00 1.120000000000000000e+02 5.026548245743669430e-01 1.407433508808224687e+01
1.000000000000000000e+00 1.120000000000000000e+02 5.026548245743669430e-01 1.407433508808224687e+01
1.000000000000000000e+00 1.090000000000000000e+02 5.026548245743669430e-01 1.369734396965147383e+01
1.000000000000000000e+00 1.040000000000000000e+02 5.026548245743669430e-01 1.306902543893351876e+01
1.000000000000000000e+00 1.000000000000000000e+02 5.026548245743669430e-01 1.256637061435915470e+01
1.000000000000000000e+00 9.600000000000000000e+01 5.026548245743669430e-01 1.206371578978479064e+01
1.000000000000000000e+00 8.800000000000000000e+01 5.026548245743669430e-01 1.105840614063606253e+01
1.000000000000000000e+00 8.300000000000000000e+01 5.026548245743669430e-01 1.043008760991810746e+01
1.000000000000000000e+00 8.400000000000000000e+01 5.026548245743669430e-01 1.055575131606169847e+01
2.000000000000000000e+00 9.400000000000000000e+01 1.005309649148733886e+00 1.181238837749760862e+01
2.000000000000000000e+00 1.010000000000000000e+02 1.005309649148733886e+00 1.269203432050274571e+01
2.000000000000000000e+00 9.900000000000000000e+01 1.005309649148733886e+00 1.244070690821556369e+01
2.000000000000000000e+00 9.800000000000000000e+01 1.005309649148733886e+00 1.231504320207197267e+01
2.000000000000000000e+00 1.010000000000000000e+02 1.005309649148733886e+00 1.269203432050274571e+01
2.000000000000000000e+00 1.000000000000000000e+02 1.005309649148733886e+00 1.256637061435915470e+01
2.000000000000000000e+00 9.900000000000000000e+01 1.005309649148733886e+00 1.244070690821556369e+01
2.000000000000000000e+00 9.700000000000000000e+01 1.005309649148733886e+00 1.218937949592838166e+01
2.000000000000000000e+00 8.800000000000000000e+01 1.005309649148733886e+00 1.105840614063606253e+01
2.000000000000000000e+00 8.500000000000000000e+01 1.005309649148733886e+00 1.068141502220528949e+01
2.000000000000000000e+00 8.200000000000000000e+01 1.005309649148733886e+00 1.030442390377451645e+01
2.000000000000000000e+00 7.700000000000000000e+01 1.005309649148733886e+00 9.676105373056561376e+00
2.000000000000000000e+00 7.300000000000000000e+01 1.005309649148733886e+00 9.173450548482197320e+00
2.000000000000000000e+00 7.100000000000000000e+01 1.005309649148733886e+00 8.922123136195015292e+00
2.000000000000000000e+00 8.600000000000000000e+01 1.005309649148733886e+00 1.080707872834888050e+01
2.000000000000000000e+00 8.700000000000000000e+01 1.005309649148733886e+00 1.093274243449247152e+01
2.000000000000000000e+00 8.800000000000000000e+01 1.005309649148733886e+00 1.105840614063606253e+01
2.000000000000000000e+00 9.600000000000000000e+01 1.005309649148733886e+00 1.206371578978479064e+01
2.000000000000000000e+00 9.500000000000000000e+01 1.005309649148733886e+00 1.193805208364119963e+01
2.000000000000000000e+00 1.040000000000000000e+02 1.005309649148733886e+00 1.306902543893351876e+01
2.000000000000000000e+00 1.050000000000000000e+02 1.005309649148733886e+00 1.319468914507710977e+01
1.000000000000000000e+00 1.090000000000000000e+02 5.026548245743669430e-01 1.369734396965147383e+01
1.000000000000000000e+00 1.060000000000000000e+02 5.026548245743669430e-01 1.332035285122070079e+01
1.000000000000000000e+00 1.060000000000000000e+02 5.026548245743669430e-01 1.332035285122070079e+01
1.000000000000000000e+00 1.030000000000000000e+02 5.026548245743669430e-01 1.294336173278992774e+01
1.000000000000000000e+00 1.060000000000000000e+02 5.026548245743669430e-01 1.332035285122070079e+01
1.000000000000000000e+00 1.050000000000000000e+02 5.026548245743669430e-01 1.319468914507710977e+01
1.000000000000000000e+00 1.080000000000000000e+02 5.026548245743669430e-01 1.357168026350788281e+01
1.000000000000000000e+00 1.130000000000000000e+02 5.026548245743669430e-01 1.419999879422583788e+01
1.000000000000000000e+00 1.100000000000000000e+02 5.026548245743669430e-01 1.382300767579506484e+01
0.000000000000000000e+00 1.040000000000000000e+02 0.000000000000000000e+00 1.306902543893351876e+01
0.000000000000000000e+00 9.600000000000000000e+01 0.000000000000000000e+00 1.206371578978479064e+01
0.000000000000000000e+00 9.900000000000000000e+01 0.000000000000000000e+00 1.244070690821556369e+01
0.000000000000000000e+00 9.900000000000000000e+01 0.000000000000000000e+00 1.244070690821556369e+01
0.000000000000000000e+00 9.600000000000000000e+01 0.000000000000000000e+00 1.206371578978479064e+01
0.000000000000000000e+00 9.600000000000000000e+01 0.000000000000000000e+00 1.206371578978479064e+01
0.000000000000000000e+00 9.500000000000000000e+01 0.000000000000000000e+00 1.193805208364119963e+01
0.000000000000000000e+00 9.300000000000000000e+01 0.000000000000000000e+00 1.168672467135401760e+01
0.000000000000000000e+00 9.400000000000000000e+01 0.000000000000000000e+00 1.181238837749760862e+01
0.000000000000000000e+00 9.200000000000000000e+01 0.000000000000000000e+00 1.156106096521042659e+01
0.000000000000000000e+00 9.400000000000000000e+01 0.000000000000000000e+00 1.181238837749760862e+01
0.000000000000000000e+00 9.700000000000000000e+01 0.000000000000000000e+00 1.218937949592838166e+01
0.000000000000000000e+00 9.800000000000000000e+01 0.000000000000000000e+00 1.231504320207197267e+01
0.000000000000000000e+00 9.600000000000000000e+01 0.000000000000000000e+00 1.206371578978479064e+01
0.000000000000000000e+00 8.700000000000000000e+01 0.000000000000000000e+00 1.093274243449247152e+01
0.000000000000000000e+00 8.100000000000000000e+01 0.000000000000000000e+00 1.017876019763092543e+01
0.000000000000000000e+00 7.800000000000000000e+01 0.000000000000000000e+00 9.801769079200152390e+00
1.000000000000000000e+00 8.300000000000000000e+01 5.026548245743669430e-01 1.043008760991810746e+01
1.000000000000000000e+00 7.900000000000000000e+01 5.026548245743669430e-01 9.927432785343743404e+00
2.000000000000000000e+00 7.400000000000000000e+01 1.005309649148733886e+00 9.299114254625788334e+00
2.000000000000000000e+00 7.200000000000000000e+01 1.005309649148733886e+00 9.047786842338606306e+00
3.000000000000000000e+00 6.800000000000000000e+01 1.507964473723100829e+00 8.545132017764242249e+00
3.000000000000000000e+00 7.300000000000000000e+01 1.507964473723100829e+00 9.173450548482197320e+00
3.000000000000000000e+00 7.100000000000000000e+01 1.507964473723100829e+00 8.922123136195015292e+00
3.000000000000000000e+00 7.000000000000000000e+01 1.507964473723100829e+00 8.796459430051424278e+00
3.000000000000000000e+00 6.700000000000000000e+01 1.507964473723100829e+00 8.419468311620651235e+00
3.000000000000000000e+00 7.400000000000000000e+01 1.507964473723100829e+00 9.299114254625788334e+00
3.000000000000000000e+00 7.500000000000000000e+01 1.507964473723100829e+00 9.424777960769379348e+00
3.000000000000000000e+00 7.700000000000000000e+01 1.507964473723100829e+00 9.676105373056561376e+00
3.000000000000000000e+00 7.500000000000000000e+01 1.507964473723100829e+00 9.424777960769379348e+00
3.000000000000000000e+00 7.600000000000000000e+01 1.507964473723100829e+00 9.550441666912970362e+00
4.000000000000000000e+00 7.500000000000000000e+01 2.010619298297467772e+00 9.424777960769379348e+00
6.000000000000000000e+00 7.600000000000000000e+01 3.015928947446201214e+00 9.550441666912970362e+00
6.000000000000000000e+00 7.300000000000000000e+01 3.015928947446201214e+00 9.173450548482197320e+00
6.000000000000000000e+00 7.200000000000000000e+01 3.015928947446201214e+00 9.047786842338606306e+00
7.000000000000000000e+00 7.400000000000000000e+01 3.518583772020567935e+00 9.299114254625788334e+00
7.000000000000000000e+00 8.000000000000000000e+01 3.518583772020567935e+00 1.005309649148733442e+01
7.000000000000000000e+00 8.500000000000000000e+01 3.518583772020567935e+00 1.068141502220528949e+01
7.000000000000000000e+00 8.800000000000000000e+01 3.518583772020567935e+00 1.105840614063606253e+01
7.000000000000000000e+00 9.200000000000000000e+01 3.518583772020567935e+00 1.156106096521042659e+01
7.000000000000000000e+00 9.200000000000000000e+01 3.518583772020567935e+00 1.156106096521042659e+01
7.000000000000000000e+00 9.100000000000000000e+01 3.518583772020567935e+00 1.143539725906683557e+01
7.000000000000000000e+00 8.900000000000000000e+01 3.518583772020567935e+00 1.118406984677965355e+01
7.000000000000000000e+00 8.800000000000000000e+01 3.518583772020567935e+00 1.105840614063606253e+01
7.000000000000000000e+00 8.600000000000000000e+01 3.518583772020567935e+00 1.080707872834888050e+01
7.000000000000000000e+00 8.400000000000000000e+01 3.518583772020567935e+00 1.055575131606169847e+01
7.000000000000000000e+00 8.400000000000000000e+01 3.518583772020567935e+00 1.055575131606169847e+01
7.000000000000000000e+00 7.800000000000000000e+01 3.518583772020567935e+00 9.801769079200152390e+00
7.000000000000000000e+00 8.000000000000000000e+01 3.518583772020567935e+00 1.005309649148733442e+01
7.000000000000000000e+00 8.400000000000000000e+01 3.518583772020567935e+00 1.055575131606169847e+01
6.000000000000000000e+00 8.400000000000000000e+01 3.015928947446201214e+00 1.055575131606169847e+01
5.000000000000000000e+00 8.300000000000000000e+01 2.513274122871834493e+00 1.043008760991810746e+01
5.000000000000000000e+00 8.000000000000000000e+01 2.513274122871834493e+00 1.005309649148733442e+01
5.000000000000000000e+00 8.200000000000000000e+01 2.513274122871834493e+00 1.030442390377451645e+01
5.000000000000000000e+00 9.000000000000000000e+01 2.513274122871834493e+00 1.130973355292324456e+01
5.000000000000000000e+00 9.000000000000000000e+01 2.513274122871834493e+00 1.130973355292324456e+01
5.000000000000000000e+00 8.900000000000000000e+01 2.513274122871834493e+00 1.118406984677965355e+01
5.000000000000000000e+00 8.900000000000000000e+01 2.513274122871834493e+00 1.118406984677965355e+01
5.000000000000000000e+00 8.300000000000000000e+01 2.513274122871834493e+00 1.043008760991810746e+01
5.000000000000000000e+00 8.300000000000000000e+01 2.513274122871834493e+00 1.043008760991810746e+01
5.000000000000000000e+00 8.300000000000000000e+01 2.513274122871834493e+00 1.043008760991810746e+01
4.000000000000000000e+00 8.200000000000000000e+01 2.010619298297467772e+00 1.030442390377451645e+01
3.000000000000000000e+00 8.100000000000000000e+01 1.507964473723100829e+00 1.017876019763092543e+01
3.000000000000000000e+00 8.000000000000000000e+01 1.507964473723100829e+00 1.005309649148733442e+01
2.000000000000000000e+00 8.200000000000000000e+01 1.005309649148733886e+00 1.030442390377451645e+01
2.000000000000000000e+00 7.900000000000000000e+01 1.005309649148733886e+00 9.927432785343743404e+00
2.000000000000000000e+00 7.500000000000000000e+01 1.005309649148733886e+00 9.424777960769379348e+00
2.000000000000000000e+00 7.200000000000000000e+01 1.005309649148733886e+00 9.047786842338606306e+00
2.000000000000000000e+00 6.800000000000000000e+01 1.005309649148733886e+00 8.545132017764242249e+00
2.000000000000000000e+00 6.400000000000000000e+01 1.005309649148733886e+00 8.042477193189878193e+00
3.000000000000000000e+00 6.100000000000000000e+01 1.507964473723100829e+00 7.665486074759102486e+00
3.000000000000000000e+00 5.800000000000000000e+01 1.507964473723100829e+00 7.288494956328326779e+00
4.000000000000000000e+00 5.800000000000000000e+01 2.010619298297467772e+00 7.288494956328326779e+00
4.000000000000000000e+00 5.800000000000000000e+01 2.010619298297467772e+00 7.288494956328326779e+00
4.000000000000000000e+00 5.700000000000000000e+01 2.010619298297467772e+00 7.162831250184734877e+00
4.000000000000000000e+00 5.900000000000000000e+01 2.010619298297467772e+00 7.414158662471918682e+00
4.000000000000000000e+00 5.900000000000000000e+01 2.010619298297467772e+00 7.414158662471918682e+00
4.000000000000000000e+00 6.200000000000000000e+01 2.010619298297467772e+00 7.791149780902694388e+00
3.000000000000000000e+00 5.900000000000000000e+01 1.507964473723100829e+00 7.414158662471918682e+00
4.000000000000000000e+00 5.600000000000000000e+01 2.010619298297467772e+00 7.037167544041142975e+00
4.000000000000000000e+00 5.200000000000000000e+01 2.010619298297467772e+00 6.534512719466775366e+00
4.000000000000000000e+00 5.000000000000000000e+01 2.010619298297467772e+00 6.283185307179591561e+00
4.000000000000000000e+00 5.100000000000000000e+01 2.010619298297467772e+00 6.408849013323183463e+00
4.000000000000000000e+00 5.200000000000000000e+01 2.010619298297467772e+00 6.534512719466775366e+00
5.000000000000000000e+00 5.200000000000000000e+01 2.513274122871834493e+00 6.534512719466775366e+00
5.000000000000000000e+00 4.900000000000000000e+01 2.513274122871834493e+00 6.157521601035999659e+00
6.000000000000000000e+00 4.600000000000000000e+01 3.015928947446201214e+00 5.780530482605223952e+00
8.000000000000000000e+00 4.400000000000000000e+01 4.021238596594934656e+00 5.529203070318040147e+00
9.000000000000000000e+00 4.200000000000000000e+01 4.523893421169301376e+00 5.277875658030856343e+00
1.300000000000000000e+01 4.200000000000000000e+01 6.534512719466768260e+00 5.277875658030856343e+00
1.300000000000000000e+01 3.900000000000000000e+01 6.534512719466768260e+00 4.900884539600080636e+00
1.400000000000000000e+01 5.000000000000000000e+01 7.037167544041134981e+00 6.283185307179591561e+00
1.400000000000000000e+01 4.800000000000000000e+01 7.037167544041134981e+00 6.031857894892407757e+00
1.500000000000000000e+01 5.400000000000000000e+01 7.539822368615501702e+00 6.785840131753959170e+00
1.500000000000000000e+01 5.200000000000000000e+01 7.539822368615501702e+00 6.534512719466775366e+00
1.500000000000000000e+01 5.500000000000000000e+01 7.539822368615501702e+00 6.911503837897551072e+00
1.500000000000000000e+01 5.400000000000000000e+01 7.539822368615501702e+00 6.785840131753959170e+00
1.500000000000000000e+01 5.600000000000000000e+01 7.539822368615501702e+00 7.037167544041142975e+00
1.400000000000000000e+01 5.900000000000000000e+01 7.037167544041134981e+00 7.414158662471918682e+00
1.400000000000000000e+01 5.900000000000000000e+01 7.037167544041134981e+00 7.414158662471918682e+00
1.400000000000000000e+01 6.600000000000000000e+01 7.037167544041134981e+00 8.293804605477060221e+00
1.300000000000000000e+01 6.700000000000000000e+01 6.534512719466768260e+00 8.419468311620651235e+00
1.300000000000000000e+01 7.100000000000000000e+01 6.534512719466768260e+00 8.922123136195015292e+00
1.300000000000000000e+01 7.300000000000000000e+01 6.534512719466768260e+00 9.173450548482197320e+00
1.300000000000000000e+01 7.200000000000000000e+01 6.534512719466768260e+00 9.047786842338606306e+00
1.300000000000000000e+01 7.100000000000000000e+01 6.534512719466768260e+00 8.922123136195015292e+00
1.300000000000000000e+01 7.600000000000000000e+01 6.534512719466768260e+00 9.550441666912970362e+00
1.300000000000000000e+01 7.300000000000000000e+01 6.534512719466768260e+00 9.173450548482197320e+00
1.300000000000000000e+01 7.200000000000000000e+01 6.534512719466768260e+00 9.047786842338606306e+00
1.300000000000000000e+01 7.900000000000000000e+01 6.534512719466768260e+00 9.927432785343743404e+00
1.300000000000000000e+01 8.200000000000000000e+01 6.534512719466768260e+00 1.030442390377451645e+01
1.200000000000000000e+01 8.700000000000000000e+01 6.031857894892401539e+00 1.093274243449247152e+01
1.200000000000000000e+01 8.700000000000000000e+01 6.031857894892401539e+00 1.093274243449247152e+01
1.200000000000000000e+01 8.400000000000000000e+01 6.031857894892401539e+00 1.055575131606169847e+01
1.100000000000000000e+01 8.300000000000000000e+01 5.529203070318034818e+00 1.043008760991810746e+01
1.100000000000000000e+01 8.200000000000000000e+01 5.529203070318034818e+00 1.030442390377451645e+01
1.000000000000000000e+01 8.500000000000000000e+01 5.026548245743668097e+00 1.068141502220528949e+01
9.000000000000000000e+00 8.800000000000000000e+01 4.523893421169301376e+00 1.105840614063606253e+01
7.000000000000000000e+00 9.000000000000000000e+01 3.518583772020567935e+00 1.130973355292324456e+01
5.000000000000000000e+00 9.000000000000000000e+01 2.513274122871834493e+00 1.130973355292324456e+01
4.000000000000000000e+00 9.000000000000000000e+01 2.010619298297467772e+00 1.130973355292324456e+01
2.000000000000000000e+00 8.600000000000000000e+01 1.005309649148733886e+00 1.080707872834888050e+01
2.000000000000000000e+00 8.300000000000000000e+01 1.005309649148733886e+00 1.043008760991810746e+01
2.000000000000000000e+00 8.200000000000000000e+01 1.005309649148733886e+00 1.030442390377451645e+01
2.000000000000000000e+00 7.900000000000000000e+01 1.005309649148733886e+00 9.927432785343743404e+00
1.000000000000000000e+00 8.300000000000000000e+01 5.026548245743669430e-01 1.043008760991810746e+01
2.000000000000000000e+00 8.200000000000000000e+01 1.005309649148733886e+00 1.030442390377451645e+01
3.000000000000000000e+00 8.600000000000000000e+01 1.507964473723100829e+00 1.080707872834888050e+01
3.000000000000000000e+00 8.300000000000000000e+01 1.507964473723100829e+00 1.043008760991810746e+01
3.000000000000000000e+00 8.500000000000000000e+01 1.507964473723100829e+00 1.068141502220528949e+01
4.000000000000000000e+00 8.300000000000000000e+01 2.010619298297467772e+00 1.043008760991810746e+01
5.000000000000000000e+00 8.400000000000000000e+01 2.513274122871834493e+00 1.055575131606169847e+01
5.000000000000000000e+00 8.100000000000000000e+01 2.513274122871834493e+00 1.017876019763092543e+01
5.000000000000000000e+00 7.900000000000000000e+01 2.513274122871834493e+00 9.927432785343743404e+00
4.000000000000000000e+00 7.800000000000000000e+01 2.010619298297467772e+00 9.801769079200152390e+00
4.000000000000000000e+00 7.900000000000000000e+01 2.010619298297467772e+00 9.927432785343743404e+00
4.000000000000000000e+00 8.600000000000000000e+01 2.010619298297467772e+00 1.080707872834888050e+01
4.000000000000000000e+00 8.800000000000000000e+01 2.010619298297467772e+00 1.105840614063606253e+01
4.000000000000000000e+00 8.900000000000000000e+01 2.010619298297467772e+00 1.118406984677965355e+01
4.000000000000000000e+00 8.400000000000000000e+01 2.010619298297467772e+00 1.055575131606169847e+01
4.000000000000000000e+00 9.100000000000000000e+01 2.010619298297467772e+00 1.143539725906683557e+01
4.000000000000000000e+00 8.700000000000000000e+01 2.010619298297467772e+00 1.093274243449247152e+01
4.000000000000000000e+00 8.500000000000000000e+01 2.010619298297467772e+00 1.068141502220528949e+01
4.000000000000000000e+00 8.700000000000000000e+01 2.010619298297467772e+00 1.093274243449247152e+01
4.000000000000000000e+00 9.000000000000000000e+01 2.010619298297467772e+00 1.130973355292324456e+01
4.000000000000000000e+00 9.000000000000000000e+01 2.010619298297467772e+00 1.130973355292324456e+01
4.000000000000000000e+00 8.700000000000000000e+01 2.010619298297467772e+00 1.093274243449247152e+01
4.000000000000000000e+00 8.900000000000000000e+01 2.010619298297467772e+00 1.118406984677965355e+01
5.000000000000000000e+00 9.000000000000000000e+01 2.513274122871834493e+00 1.130973355292324456e+01
6.000000000000000000e+00 9.500000000000000000e+01 3.015928947446201214e+00 1.193805208364119963e+01
6.000000000000000000e+00 9.700000000000000000e+01 3.015928947446201214e+00 1.218937949592838166e+01
6.000000000000000000e+00 9.700000000000000000e+01 3.015928947446201214e+00 1.218937949592838166e+01
6.000000000000000000e+00 9.900000000000000000e+01 3.015928947446201214e+00 1.244070690821556369e+01
6.000000000000000000e+00 9.800000000000000000e+01 3.015928947446201214e+00 1.231504320207197267e+01
6.000000000000000000e+00 9.600000000000000000e+01 3.015928947446201214e+00 1.206371578978479064e+01
6.000000000000000000e+00 9.200000000000000000e+01 3.015928947446201214e+00 1.156106096521042659e+01
6.000000000000000000e+00 9.000000000000000000e+01 3.015928947446201214e+00 1.130973355292324456e+01
5.000000000000000000e+00 8.700000000000000000e+01 2.513274122871834493e+00 1.093274243449247152e+01
4.000000000000000000e+00 8.600000000000000000e+01 2.010619298297467772e+00 1.080707872834888050e+01
4.000000000000000000e+00 8.300000000000000000e+01 2.010619298297467772e+00 1.043008760991810746e+01
3.000000000000000000e+00 8.000000000000000000e+01 1.507964473723100829e+00 1.005309649148733442e+01
3.000000000000000000e+00 7.700000000000000000e+01 1.507964473723100829e+00 9.676105373056561376e+00
2.000000000000000000e+00 7.500000000000000000e+01 1.005309649148733886e+00 9.424777960769379348e+00
2.000000000000000000e+00 7.500000000000000000e+01 1.005309649148733886e+00 9.424777960769379348e+00
2.000000000000000000e+00 7.400000000000000000e+01 1.005309649148733886e+00 9.299114254625788334e+00
2.000000000000000000e+00 7.300000000000000000e+01 1.005309649148733886e+00 9.173450548482197320e+00
4.000000000000000000e+00 7.400000000000000000e+01 2.010619298297467772e+00 9.299114254625788334e+00
4.000000000000000000e+00 7.100000000000000000e+01 2.010619298297467772e+00 8.922123136195015292e+00
4.000000000000000000e+00 6.900000000000000000e+01 2.010619298297467772e+00 8.670795723907833263e+00
5.000000000000000000e+00 7.000000000000000000e+01 2.513274122871834493e+00 8.796459430051424278e+00
5.000000000000000000e+00 6.400000000000000000e+01 2.513274122871834493e+00 8.042477193189878193e+00
5.000000000000000000e+00 6.700000000000000000e+01 2.513274122871834493e+00 8.419468311620651235e+00
5.000000000000000000e+00 6.700000000000000000e+01 2.513274122871834493e+00 8.419468311620651235e+00
6.000000000000000000e+00 6.800000000000000000e+01 3.015928947446201214e+00 8.545132017764242249e+00
6.000000000000000000e+00 6.600000000000000000e+01 3.015928947446201214e+00 8.293804605477060221e+00
6.000000000000000000e+00 6.300000000000000000e+01 3.015928947446201214e+00 7.916813487046286291e+00
6.000000000000000000e+00 7.500000000000000000e+01 3.015928947446201214e+00 9.424777960769379348e+00
6.000000000000000000e+00 7.100000000000000000e+01 3.015928947446201214e+00 8.922123136195015292e+00
6.000000000000000000e+00 6.900000000000000000e+01 3.015928947446201214e+00 8.670795723907833263e+00
6.000000000000000000e+00 6.300000000000000000e+01 3.015928947446201214e+00 7.916813487046286291e+00
5.000000000000000000e+00 6.500000000000000000e+01 2.513274122871834493e+00 8.168140899333469207e+00
5.000000000000000000e+00 6.500000000000000000e+01 2.513274122871834493e+00 8.168140899333469207e+00
6.000000000000000000e+00 7.700000000000000000e+01 3.015928947446201214e+00 9.676105373056561376e+00
6.000000000000000000e+00 7.500000000000000000e+01 3.015928947446201214e+00 9.424777960769379348e+00
6.000000000000000000e+00 7.400000000000000000e+01 3.015928947446201214e+00 9.299114254625788334e+00
6.000000000000000000e+00 7.700000000000000000e+01 3.015928947446201214e+00 9.676105373056561376e+00
6.000000000000000000e+00 8.100000000000000000e+01 3.015928947446201214e+00 1.017876019763092543e+01
6.000000000000000000e+00 8.600000000000000000e+01 3.015928947446201214e+00 1.080707872834888050e+01
6.000000000000000000e+00 8.600000000000000000e+01 3.015928947446201214e+00 1.080707872834888050e+01
6.000000000000000000e+00 8.800000000000000000e+01 3.015928947446201214e+00 1.105840614063606253e+01
6.000000000000000000e+00 8.800000000000000000e+01 3.015928947446201214e+00 1.105840614063606253e+01
6.000000000000000000e+00 9.100000000000000000e+01 3.015928947446201214e+00 1.143539725906683557e+01
6.000000000000000000e+00 9.100000000000000000e+01 3.015928947446201214e+00 1.143539725906683557e+01
6.000000000000000000e+00 9.300000000000000000e+01 3.015928947446201214e+00 1.168672467135401760e+01
6.000000000000000000e+00 9.600000000000000000e+01 3.015928947446201214e+00 1.206371578978479064e+01
6.000000000000000000e+00 9.500000000000000000e+01 3.015928947446201214e+00 1.193805208364119963e+01
5.000000000000000000e+00 9.100000000000000000e+01 2.513274122871834493e+00 1.143539725906683557e+01
4.000000000000000000e+00 9.000000000000000000e+01 2.010619298297467772e+00 1.130973355292324456e+01
4.000000000000000000e+00 8.900000000000000000e+01 2.010619298297467772e+00 1.118406984677965355e+01
4.000000000000000000e+00 8.800000000000000000e+01 2.010619298297467772e+00 1.105840614063606253e+01
3.000000000000000000e+00 8.800000000000000000e+01 1.507964473723100829e+00 1.105840614063606253e+01
3.000000000000000000e+00 8.400000000000000000e+01 1.507964473723100829e+00 1.055575131606169847e+01
4.000000000000000000e+00 8.100000000000000000e+01 2.010619298297467772e+00 1.017876019763092543e+01
4.000000000000000000e+00 8.300000000000000000e+01 2.010619298297467772e+00 1.043008760991810746e+01
4.000000000000000000e+00 8.200000000000000000e+01 2.010619298297467772e+00 1.030442390377451645e+01
4.000000000000000000e+00 8.100000000000000000e+01 2.010619298297467772e+00 1.017876019763092543e+01
5.000000000000000000e+00 7.800000000000000000e+01 2.513274122871834493e+00 9.801769079200152390e+00
5.000000000000000000e+00 7.600000000000000000e+01 2.513274122871834493e+00 9.550441666912970362e+00
6.000000000000000000e+00 7.800000000000000000e+01 3.015928947446201214e+00 9.801769079200152390e+00
6.000000000000000000e+00 8.200000000000000000e+01 3.015928947446201214e+00 1.030442390377451645e+01
6.000000000000000000e+00 7.900000000000000000e+01 3.015928947446201214e+00 9.927432785343743404e+00
6.000000000000000000e+00 7.600000000000000000e+01 3.015928947446201214e+00 9.550441666912970362e+00
6.000000000000000000e+00 7.000000000000000000e+01 3.015928947446201214e+00 8.796459430051424278e+00
6.000000000000000000e+00 7.200000000000000000e+01 3.015928947446201214e+00 9.047786842338606306e+00
6.000000000000000000e+00 7.000000000000000000e+01 3.015928947446201214e+00 8.796459430051424278e+00
6.000000000000000000e+00 7.000000000000000000e+01 3.015928947446201214e+00 8.796459430051424278e+00
6.000000000000000000e+00 6.600000000000000000e+01 3.015928947446201214e+00 8.293804605477060221e+00
6.000000000000000000e+00 6.200000000000000000e+01 3.015928947446201214e+00 7.791149780902694388e+00
6.000000000000000000e+00 6.400000000000000000e+01 3.015928947446201214e+00 8.042477193189878193e+00
6.000000000000000000e+00 6.200000000000000000e+01 3.015928947446201214e+00 7.791149780902694388e+00
6.000000000000000000e+00 7.000000000000000000e+01 3.015928947446201214e+00 8.796459430051424278e+00
6.000000000000000000e+00 6.800000000000000000e+01 3.015928947446201214e+00 8.545132017764242249e+00
6.000000000000000000e+00 7.500000000000000000e+01 3.015928947446201214e+00 9.424777960769379348e+00
6.000000000000000000e+00 8.600000000000000000e+01 3.015928947446201214e+00 1.080707872834888050e+01
6.000000000000000000e+00 8.500000000000000000e+01 3.015928947446201214e+00 1.068141502220528949e+01
6.000000000000000000e+00 8.300000000000000000e+01 3.015928947446201214e+00 1.043008760991810746e+01
6.000000000000000000e+00 9.500000000000000000e+01 3.015928947446201214e+00 1.193805208364119963e+01
6.000000000000000000e+00 9.500000000000000000e+01 3.015928947446201214e+00 1.193805208364119963e+01
6.000000000000000000e+00 9.500000000000000000e+01 3.015928947446201214e+00 1.193805208364119963e+01
6.000000000000000000e+00 9.400000000000000000e+01 3.015928947446201214e+00 1.181238837749760862e+01
6.000000000000000000e+00 9.300000000000000000e+01 3.015928947446201214e+00 1.168672467135401760e+01
6.000000000000000000e+00 9.200000000000000000e+01 3.015928947446201214e+00 1.156106096521042659e+01
5.000000000000000000e+00 9.900000000000000000e+01 2.513274122871834493e+00 1.244070690821556369e+01
5.000000000000000000e+00 1.050000000000000000e+02 2.513274122871834493e+00 1.319468914507710977e+01
5.000000000000000000e+00 1.020000000000000000e+02 2.513274122871834493e+00 1.281769802664633673e+01
5.000000000000000000e+00 1.020000000000000000e+02 2.513274122871834493e+00 1.281769802664633673e+01
4.000000000000000000e+00 1.040000000000000000e+02 2.010619298297467772e+00 1.306902543893351876e+01
4.000000000000000000e+00 1.030000000000000000e+02 2.010619298297467772e+00 1.294336173278992774e+01
2.000000000000000000e+00 1.020000000000000000e+02 1.005309649148733886e+00 1.281769802664633673e+01
2.000000000000000000e+00 1.170000000000000000e+02 1.005309649148733886e+00 1.470265361880020194e+01
2.000000000000000000e+00 1.170000000000000000e+02 1.005309649148733886e+00 1.470265361880020194e+01
2.000000000000000000e+00 1.160000000000000000e+02 1.005309649148733886e+00 1.457698991265661093e+01
2.000000000000000000e+00 1.150000000000000000e+02 1.005309649148733886e+00 1.445132620651301991e+01
1.000000000000000000e+00 1.110000000000000000e+02 5.026548245743669430e-01 1.394867138193865586e+01
0.000000000000000000e+00 1.100000000000000000e+02 0.000000000000000000e+00 1.382300767579506484e+01
0.000000000000000000e+00 1.100000000000000000e+02 0.000000000000000000e+00 1.382300767579506484e+01
0.000000000000000000e+00 1.100000000000000000e+02 0.000000000000000000e+00 1.382300767579506484e+01
0.000000000000000000e+00 1.100000000000000000e+02 0.000000000000000000e+00 1.382300767579506484e+01
0.000000000000000000e+00 1.120000000000000000e+02 0.000000000000000000e+00 1.407433508808224687e+01
0.000000000000000000e+00 1.100000000000000000e+02 0.000000000000000000e+00 1.382300767579506484e+01
0.000000000000000000e+00 1.110000000000000000e+02 0.000000000000000000e+00 1.394867138193865586e+01
0.000000000000000000e+00 1.090000000000000000e+02 0.000000000000000000e+00 1.369734396965147383e+01
0.000000000000000000e+00 1.060000000000000000e+02 0.000000000000000000e+00 1.332035285122070079e+01
0.000000000000000000e+00 1.030000000000000000e+02 0.000000000000000000e+00 1.294336173278992774e+01
0.000000000000000000e+00 1.020000000000000000e+02 0.000000000000000000e+00 1.281769802664633673e+01
0.000000000000000000e+00 1.030000000000000000e+02 0.000000000000000000e+00 1.294336173278992774e+01
1.000000000000000000e+00 1.010000000000000000e+02 5.026548245743669430e-01 1.269203432050274571e+01
1.000000000000000000e+00 9.700000000000000000e+01 5.026548245743669430e-01 1.218937949592838166e+01
1.000000000000000000e+00 9.400000000000000000e+01 5.026548245743669430e-01 1.181238837749760862e+01
1.000000000000000000e+00 9.300000000000000000e+01 5.026548245743669430e-01 1.168672467135401760e+01
1.000000000000000000e+00 9.300000000000000000e+01 5.026548245743669430e-01 1.168672467135401760e+01
1.000000000000000000e+00 9.900000000000000000e+01 5.026548245743669430e-01 1.244070690821556369e+01
1.000000000000000000e+00 9.600000000000000000e+01 5.026548245743669430e-01 1.206371578978479064e+01
2.000000000000000000e+00 9.200000000000000000e+01 1.005309649148733886e+00 1.156106096521042659e+01
2.000000000000000000e+00 8.900000000000000000e+01 1.005309649148733886e+00 1.118406984677965355e+01
2.000000000000000000e+00 8.600000000000000000e+01 1.005309649148733886e+00 1.080707872834888050e+01
2.000000000000000000e+00 8.300000000000000000e+01 1.005309649148733886e+00 1.043008760991810746e+01
2.000000000000000000e+00 8.100000000000000000e+01 1.005309649148733886e+00 1.017876019763092543e+01
2.000000000000000000e+00 8.300000000000000000e+01 1.005309649148733886e+00 1.043008760991810746e+01
3.000000000000000000e+00 7.400000000000000000e+01 1.507964473723100829e+00 9.299114254625788334e+00
3.000000000000000000e+00 7.200000000000000000e+01 1.507964473723100829e+00 9.047786842338606306e+00
4.000000000000000000e+00 8.100000000000000000e+01 2.010619298297467772e+00 1.017876019763092543e+01
4.000000000000000000e+00 7.900000000000000000e+01 2.010619298297467772e+00 9.927432785343743404e+00
4.000000000000000000e+00 8.000000000000000000e+01 2.010619298297467772e+00 1.005309649148733442e+01
4.000000000000000000e+00 8.100000000000000000e+01 2.010619298297467772e+00 1.017876019763092543e+01
4.000000000000000000e+00 8.100000000000000000e+01 2.010619298297467772e+00 1.017876019763092543e+01
4.000000000000000000e+00 8.100000000000000000e+01 2.010619298297467772e+00 1.017876019763092543e+01
4.000000000000000000e+00 8.100000000000000000e+01 2.010619298297467772e+00 1.017876019763092543e+01
4.000000000000000000e+00 7.800000000000000000e+01 2.010619298297467772e+00 9.801769079200152390e+00
4.000000000000000000e+00 8.100000000000000000e+01 2.010619298297467772e+00 1.017876019763092543e+01
4.000000000000000000e+00 7.900000000000000000e+01 2.010619298297467772e+00 9.927432785343743404e+00
4.000000000000000000e+00 7.800000000000000000e+01 2.010619298297467772e+00 9.801769079200152390e+00
4.000000000000000000e+00 7.900000000000000000e+01 2.010619298297467772e+00 9.927432785343743404e+00
5.000000000000000000e+00 8.300000000000000000e+01 2.513274122871834493e+00 1.043008760991810746e+01
5.000000000000000000e+00 8.300000000000000000e+01 2.513274122871834493e+00 1.043008760991810746e+01
5.000000000000000000e+00 8.200000000000000000e+01 2.513274122871834493e+00 1.030442390377451645e+01
4.000000000000000000e+00 8.000000000000000000e+01 2.010619298297467772e+00 1.005309649148733442e+01
4.000000000000000000e+00 7.700000000000000000e+01 2.010619298297467772e+00 9.676105373056561376e+00
4.000000000000000000e+00 8.700000000000000000e+01 2.010619298297467772e+00 1.093274243449247152e+01
4.000000000000000000e+00 9.300000000000000000e+01 2.010619298297467772e+00 1.168672467135401760e+01
5.000000000000000000e+00 9.300000000000000000e+01 2.513274122871834493e+00 1.168672467135401760e+01
5.000000000000000000e+00 9.200000000000000000e+01 2.513274122871834493e+00 1.156106096521042659e+01
5.000000000000000000e+00 9.000000000000000000e+01 2.513274122871834493e+00 1.130973355292324456e+01
4.000000000000000000e+00 9.000000000000000000e+01 2.010619298297467772e+00 1.130973355292324456e+01
4.000000000000000000e+00 9.200000000000000000e+01 2.010619298297467772e+00 1.156106096521042659e+01
4.000000000000000000e+00 9.700000000000000000e+01 2.010619298297467772e+00 1.218937949592838166e+01
4.000000000000000000e+00 1.070000000000000000e+02 2.010619298297467772e+00 1.344601655736429180e+01
4.000000000000000000e+00 1.070000000000000000e+02 2.010619298297467772e+00 1.344601655736429180e+01
4.000000000000000000e+00 1.090000000000000000e+02 2.010619298297467772e+00 1.369734396965147383e+01
3.000000000000000000e+00 1.080000000000000000e+02 1.507964473723100829e+00 1.357168026350788281e+01
3.000000000000000000e+00 1.040000000000000000e+02 1.507964473723100829e+00 1.306902543893351876e+01
3.000000000000000000e+00 9.600000000000000000e+01 1.507964473723100829e+00 1.206371578978479064e+01
2.000000000000000000e+00 9.200000000000000000e+01 1.005309649148733886e+00 1.156106096521042659e+01
2.000000000000000000e+00 9.000000000000000000e+01 1.005309649148733886e+00 1.130973355292324456e+01
2.000000000000000000e+00 9.300000000000000000e+01 1.005309649148733886e+00 1.168672467135401760e+01
2.000000000000000000e+00 9.800000000000000000e+01 1.005309649148733886e+00 1.231504320207197267e+01
2.000000000000000000e+00 9.900000000000000000e+01 1.005309649148733886e+00 1.244070690821556369e+01
2.000000000000000000e+00 9.900000000000000000e+01 1.005309649148733886e+00 1.244070690821556369e+01
2.000000000000000000e+00 9.800000000000000000e+01 1.005309649148733886e+00 1.231504320207197267e+01
2.000000000000000000e+00 9.500000000000000000e+01 1.005309649148733886e+00 1.193805208364119963e+01
2.000000000000000000e+00 9.800000000000000000e+01 1.005309649148733886e+00 1.231504320207197267e+01
2.000000000000000000e+00 9.800000000000000000e+01 1.005309649148733886e+00 1.231504320207197267e+01
2.000000000000000000e+00 9.600000000000000000e+01 1.005309649148733886e+00 1.206371578978479064e+01
1.000000000000000000e+00 9.100000000000000000e+01 5.026548245743669430e-01 1.143539725906683557e+01
1.000000000000000000e+00 9.000000000000000000e+01 5.026548245743669430e-01 1.130973355292324456e+01
1.000000000000000000e+00 8.700000000000000000e+01 5.026548245743669430e-01 1.093274243449247152e+01
1.000000000000000000e+00 8.500000000000000000e+01 5.026548245743669430e-01 1.068141502220528949e+01
1.000000000000000000e+00 8.800000000000000000e+01 5.026548245743669430e-01 1.105840614063606253e+01
2.000000000000000000e+00 8.400000000000000000e+01 1.005309649148733886e+00 1.055575131606169847e+01
3.000000000000000000e+00 8.100000000000000000e+01 1.507964473723100829e+00 1.017876019763092543e+01
2.000000000000000000e+00 8.500000000000000000e+01 1.005309649148733886e+00 1.068141502220528949e+01
2.000000000000000000e+00 8.200000000000000000e+01 1.005309649148733886e+00 1.030442390377451645e+01
2.000000000000000000e+00 8.000000000000000000e+01 1.005309649148733886e+00 1.005309649148733442e+01
3.000000000000000000e+00 8.300000000000000000e+01 1.507964473723100829e+00 1.043008760991810746e+01
3.000000000000000000e+00 8.500000000000000000e+01 1.507964473723100829e+00 1.068141502220528949e+01
3.000000000000000000e+00 8.100000000000000000e+01 1.507964473723100829e+00 1.017876019763092543e+01
3.000000000000000000e+00 7.600000000000000000e+01 1.507964473723100829e+00 9.550441666912970362e+00
3.000000000000000000e+00 7.300000000000000000e+01 1.507964473723100829e+00 9.173450548482197320e+00
3.000000000000000000e+00 7.100000000000000000e+01 1.507964473723100829e+00 8.922123136195015292e+00
3.000000000000000000e+00 7.100000000000000000e+01 1.507964473723100829e+00 8.922123136195015292e+00
5.000000000000000000e+00 8.100000000000000000e+01 2.513274122871834493e+00 1.017876019763092543e+01
6.000000000000000000e+00 8.500000000000000000e+01 3.015928947446201214e+00 1.068141502220528949e+01
6.000000000000000000e+00 8.600000000000000000e+01 3.015928947446201214e+00 1.080707872834888050e+01
6.000000000000000000e+00 8.500000000000000000e+01 3.015928947446201214e+00 1.068141502220528949e+01
6.000000000000000000e+00 8.200000000000000000e+01 3.015928947446201214e+00 1.030442390377451645e+01
6.000000000000000000e+00 7.800000000000000000e+01 3.015928947446201214e+00 9.801769079200152390e+00
6.000000000000000000e+00 7.400000000000000000e+01 3.015928947446201214e+00 9.299114254625788334e+00
6.000000000000000000e+00 7.100000000000000000e+01 3.015928947446201214e+00 8.922123136195015292e+00
6.000000000000000000e+00 7.100000000000000000e+01 3.015928947446201214e+00 8.922123136195015292e+00
6.000000000000000000e+00 7.000000000000000000e+01 3.015928947446201214e+00 8.796459430051424278e+00
6.000000000000000000e+00 6.900000000000000000e+01 3.015928947446201214e+00 8.670795723907833263e+00
6.000000000000000000e+00 6.700000000000000000e+01 3.015928947446201214e+00 8.419468311620651235e+00
6.000000000000000000e+00 7.000000000000000000e+01 3.015928947446201214e+00 8.796459430051424278e+00
6.000000000000000000e+00 7.100000000000000000e+01 3.015928947446201214e+00 8.922123136195015292e+00
6.000000000000000000e+00 7.400000000000000000e+01 3.015928947446201214e+00 9.299114254625788334e+00
6.000000000000000000e+00 7.300000000000000000e+01 3.015928947446201214e+00 9.173450548482197320e+00
7.000000000000000000e+00 7.800000000000000000e+01 3.518583772020567935e+00 9.801769079200152390e+00
7.000000000000000000e+00 7.600000000000000000e+01 3.518583772020567935e+00 9.550441666912970362e+00
7.000000000000000000e+00 7.400000000000000000e+01 3.518583772020567935e+00 9.299114254625788334e+00
7.000000000000000000e+00 7.200000000000000000e+01 3.518583772020567935e+00 9.047786842338606306e+00
7.000000000000000000e+00 7.500000000000000000e+01 3.518583772020567935e+00 9.424777960769379348e+00
7.000000000000000000e+00 7.200000000000000000e+01 3.518583772020567935e+00 9.047786842338606306e+00
6.000000000000000000e+00 7.400000000000000000e+01 3.015928947446201214e+00 9.299114254625788334e+00
5.000000000000000000e+00 7.200000000000000000e+01 2.513274122871834493e+00 9.047786842338606306e+00
5.000000000000000000e+00 6.800000000000000000e+01 2.513274122871834493e+00 8.545132017764242249e+00
5.000000000000000000e+00 6.700000000000000000e+01 2.513274122871834493e+00 8.419468311620651235e+00
6.000000000000000000e+00 6.900000000000000000e+01 3.015928947446201214e+00 8.670795723907833263e+00
6.000000000000000000e+00 6.900000000000000000e+01 3.015928947446201214e+00 8.670795723907833263e+00
7.000000000000000000e+00 7.100000000000000000e+01 3.518583772020567935e+00 8.922123136195015292e+00
7.000000000000000000e+00 6.900000000000000000e+01 3.518583772020567935e+00 8.670795723907833263e+00
6.000000000000000000e+00 6.900000000000000000e+01 3.015928947446201214e+00 8.670795723907833263e+00
5.000000000000000000e+00 6.600000000000000000e+01 2.513274122871834493e+00 8.293804605477060221e+00
7.000000000000000000e+00 6.800000000000000000e+01 3.518583772020567935e+00 8.545132017764242249e+00
7.000000000000000000e+00 6.600000000000000000e+01 3.518583772020567935e+00 8.293804605477060221e+00
7.000000000000000000e+00 6.900000000000000000e+01 3.518583772020567935e+00 8.670795723907833263e+00
7.000000000000000000e+00 6.900000000000000000e+01 3.518583772020567935e+00 8.670795723907833263e+00
7.000000000000000000e+00 7.400000000000000000e+01 3.518583772020567935e+00 9.299114254625788334e+00
7.000000000000000000e+00 7.700000000000000000e+01 3.518583772020567935e+00 9.676105373056561376e+00
7.000000000000000000e+00 8.200000000000000000e+01 3.518583772020567935e+00 1.030442390377451645e+01
7.000000000000000000e+00 8.200000000000000000e+01 3.518583772020567935e+00 1.030442390377451645e+01
7.000000000000000000e+00 8.600000000000000000e+01 3.518583772020567935e+00 1.080707872834888050e+01
7.000000000000000000e+00 8.500000000000000000e+01 3.518583772020567935e+00 1.068141502220528949e+01
7.000000000000000000e+00 8.500000000000000000e+01 3.518583772020567935e+00 1.068141502220528949e+01
7.000000000000000000e+00 8.400000000000000000e+01 3.518583772020567935e+00 1.055575131606169847e+01
7.000000000000000000e+00 8.100000000000000000e+01 3.518583772020567935e+00 1.017876019763092543e+01
7.000000000000000000e+00 8.200000000000000000e+01 3.518583772020567935e+00 1.030442390377451645e+01
6.000000000000000000e+00 7.800000000000000000e+01 3.015928947446201214e+00 9.801769079200152390e+00
6.000000000000000000e+00 7.800000000000000000e+01 3.015928947446201214e+00 9.801769079200152390e+00
6.000000000000000000e+00 7.600000000000000000e+01 3.015928947446201214e+00 9.550441666912970362e+00
6.000000000000000000e+00 7.400000000000000000e+01 3.015928947446201214e+00 9.299114254625788334e+00
6.000000000000000000e+00 7.300000000000000000e+01 3.015928947446201214e+00 9.173450548482197320e+00
6.000000000000000000e+00 7.100000000000000000e+01 3.015928947446201214e+00 8.922123136195015292e+00
7.000000000000000000e+00 7.000000000000000000e+01 3.518583772020567935e+00 8.796459430051424278e+00
7.000000000000000000e+00 7.300000000000000000e+01 3.518583772020567935e+00 9.173450548482197320e+00
7.000000000000000000e+00 7.600000000000000000e+01 3.518583772020567935e+00 9.550441666912970362e+00
7.000000000000000000e+00 8.000000000000000000e+01 3.518583772020567935e+00 1.005309649148733442e+01
7.000000000000000000e+00 8.000000000000000000e+01 3.518583772020567935e+00 1.005309649148733442e+01
7.000000000000000000e+00 7.800000000000000000e+01 3.518583772020567935e+00 9.801769079200152390e+00
5.000000000000000000e+00 7.800000000000000000e+01 2.513274122871834493e+00 9.801769079200152390e+00
5.000000000000000000e+00 8.700000000000000000e+01 2.513274122871834493e+00 1.093274243449247152e+01
