0.000000000000000000e+00 0.000000000000000000e+00 0.000000000000000000e+00 0.000000000000000000e+00
8.000000000000000000e+00 2.000000000000000000e+00 1.745833817403321265e-03 9.893195246707083609e-05
4.600000000000000000e+01 1.040000000000000000e+02 1.063352654925115749e-02 5.165862632018273885e-03
5.300000000000000000e+01 1.770000000000000000e+02 1.578171980021511947e-02 9.894303125915810890e-03
5.400000000000000000e+01 2.040000000000000000e+02 2.135297123740895545e-02 1.336687767200948722e-02
5.600000000000000000e+01 3.230000000000000000e+02 2.899733761752325972e-02 2.213411642687120734e-02
5.800000000000000000e+01 3.720000000000000000e+02 3.916904212571393346e-02 2.932320061441186232e-02
5.800000000000000000e+01 3.860000000000000000e+02 5.223707070479670367e-02 3.631446443118122036e-02
5.800000000000000000e+01 4.180000000000000000e+02 6.953533326520604241e-02 4.567504600960534816e-02
6.000000000000000000e+01 4.400000000000000000e+02 9.280108449945211058e-02 5.651692420292948882e-02
6.000000000000000000e+01 4.470000000000000000e+02 1.229755196054157645e-01 6.889114070099151832e-02
6.000000000000000000e+01 4.580000000000000000e+02 1.625104968478136847e-01 8.403887509728817651e-02
6.100000000000000000e+01 4.860000000000000000e+02 2.142987599916521269e-01 1.031623446630462182e-01
6.200000000000000000e+01 5.260000000000000000e+02 2.815225578925194538e-01 1.268186910587312810e-01
6.200000000000000000e+01 5.290000000000000000e+02 3.680717627184131313e-01 1.534890250484538254e-01
6.500000000000000000e+01 5.730000000000000000e+02 4.797157337986456271e-01 1.875815720291983402e-01
6.700000000000000000e+01 6.480000000000000000e+02 6.216911688137507497e-01 2.300716786058553953e-01
7.000000000000000000e+01 7.580000000000000000e+02 8.012914031456704889e-01 2.827921460939858411e-01
7.000000000000000000e+01 8.080000000000000000e+02 1.025589990924381301e+00 3.430151009376820603e-01
7.000000000000000000e+01 8.320000000000000000e+02 1.303762359043910468e+00 4.137254608290502622e-01
7.000000000000000000e+01 8.800000000000000000e+02 1.645106734437165041e+00 4.992470529518702738e-01
7.000000000000000000e+01 9.010000000000000000e+02 2.059171606730848314e+00 5.997163371887525019e-01
7.300000000000000000e+01 1.091000000000000000e+03 2.555912451103104832e+00 7.273547225359685564e-01
7.300000000000000000e+01 1.097000000000000000e+03 3.142674604595040222e+00 8.696662062544964211e-01
7.300000000000000000e+01 1.099000000000000000e+03 3.826820647235609218e+00 1.037554503966235941e+00
7.300000000000000000e+01 1.147000000000000000e+03 4.612929643075921682e+00 1.237533933041482292e+00
7.300000000000000000e+01 1.183000000000000000e+03 5.502626132281785765e+00 1.471789124841992091e+00
7.800000000000000000e+01 1.483000000000000000e+03 6.495173203116062055e+00 1.759011846340779783e+00
7.800000000000000000e+01 1.520000000000000000e+03 7.583229212120714102e+00 2.081626716207484407e+00
7.800000000000000000e+01 1.540000000000000000e+03 8.758460490090120842e+00 2.455777379493039980e+00
7.800000000000000000e+01 1.541000000000000000e+03 1.000846523014849865e+01 2.887994940211177308e+00
7.400000000000000000e+01 1.555000000000000000e+03 1.045035423775481398e+01 3.376466812201952106e+00
5.800000000000000000e+01 1.521000000000000000e+03 7.330694100940679192e+00 3.389866531655626680e+00
4.400000000000000000e+01 1.497000000000000000e+03 4.631075511522641186e+00 3.281697779229145961e+00
4.300000000000000000e+01 1.514000000000000000e+03 3.832996693350811057e+00 3.264922023266490836e+00
4.200000000000000000e+01 1.606000000000000000e+03 3.182551966713124791e+00 2.871430369050129716e+00
3.700000000000000000e+01 1.580000000000000000e+03 2.246363308281183802e+00 2.581394025233783474e+00
