0.000000000000000000e+00 0.000000000000000000e+00 0.000000000000000000e+00 0.000000000000000000e+00
1.000000000000000000e+00 0.000000000000000000e+00 2.182292271754151852e-04 0.000000000000000000e+00
1.000000000000000000e+00 2.000000000000000000e+00 2.926019895731714793e-04 9.893195246707083609e-05
1.000000000000000000e+00 2.000000000000000000e+00 3.919049507758357140e-04 1.203330561976695390e-04
3.000000000000000000e+00 8.000000000000000000e+00 9.607259485682820288e-04 4.430968521877982208e-04
1.000000000000000000e+01 1.100000000000000000e+01 2.813155786612408366e-03 6.871861256669013675e-04
1.300000000000000000e+01 1.300000000000000000e+01 4.420762513448704516e-03 9.342767607871441636e-04
1.400000000000000000e+01 1.500000000000000000e+01 6.131332424959156160e-03 1.234217333073204127e-03
1.500000000000000000e+01 1.500000000000000000e+01 8.408867450190739279e-03 1.499151276488758754e-03
1.600000000000000000e+01 1.600000000000000000e+01 1.143490642906456328e-02 1.869395249941648582e-03
1.900000000000000000e+01 2.000000000000000000e+01 1.588222479083066865e-02 2.466008715271873417e-03
1.900000000000000000e+01 2.000000000000000000e+01 2.111432983853366724e-02 2.990765986899165518e-03
2.100000000000000000e+01 2.400000000000000000e+01 2.844256965921452759e-02 3.822473688471703102e-03
2.100000000000000000e+01 2.500000000000000000e+01 3.763646679933671524e-02 4.679495360651608066e-03
2.100000000000000000e+01 2.500000000000000000e+01 4.965789943301950060e-02 5.663705719344764959e-03
2.200000000000000000e+01 2.600000000000000000e+01 6.552307165911018527e-02 6.898200851248322864e-03
2.400000000000000000e+01 2.600000000000000000e+01 8.629549350707202415e-02 8.333714950423063914e-03
2.400000000000000000e+01 2.900000000000000000e+01 1.126304383499644873e-01 1.020558127649321030e-02
2.500000000000000000e+01 3.000000000000000000e+01 1.465523291285217022e-01 1.235288556013885986e-02
2.500000000000000000e+01 3.000000000000000000e+01 1.894589329313728088e-01 1.487402547507784591e-02
2.600000000000000000e+01 3.200000000000000000e+01 2.437899901016127024e-01 1.798428310196589774e-02
3.200000000000000000e+01 3.500000000000000000e+01 3.128446930724442798e-01 2.174333200582405715e-02
3.200000000000000000e+01 3.600000000000000000e+01 3.972408759900433184e-01 2.611920925898461240e-02
3.300000000000000000e+01 3.600000000000000000e+01 5.010574546076094204e-01 3.126377340008140715e-02
3.600000000000000000e+01 4.400000000000000000e+01 6.276203921553034082e-01 3.774853410544233567e-02
3.600000000000000000e+01 4.700000000000000000e+01 7.790790139561069028e-01 4.516916060523238491e-02
3.700000000000000000e+01 4.800000000000000000e+01 9.591195248798990436e-01 5.381107232802878615e-02
3.700000000000000000e+01 4.900000000000000000e+01 1.170083842013997399e+00 6.395471479619194155e-02
3.800000000000000000e+01 5.000000000000000000e+01 1.414606493513436147e+00 7.582109539076248295e-02
4.300000000000000000e+01 5.700000000000000000e+01 1.695042034448200008e+00 8.995011042293234171e-02
4.300000000000000000e+01 5.800000000000000000e+01 2.010600176075291845e+00 1.060771982065577407e-01
4.400000000000000000e+01 5.800000000000000000e+01 2.145570549137898464e+00 1.246846620712231402e-01
4.600000000000000000e+01 5.900000000000000000e+01 2.510422364545788820e+00 1.357180673272327387e-01
4.600000000000000000e+01 5.800000000000000000e+01 2.908605238799032211e+00 1.466634489555403154e-01
4.700000000000000000e+01 5.800000000000000000e+01 3.121748912148042621e+00 1.398883949296599871e-01
4.300000000000000000e+01 5.800000000000000000e+01 2.451012101132849619e+00 1.407364978390040489e-01
4.000000000000000000e+01 5.500000000000000000e+01 2.106247829022962481e+00 1.275999496529456323e-01
3.900000000000000000e+01 5.900000000000000000e+01 1.958789761108496563e+00 1.090518957681594625e-01
3.700000000000000000e+01 5.800000000000000000e+01 1.747154903881217969e+00 1.138283954931135072e-01
3.500000000000000000e+01 5.800000000000000000e+01 1.516478687037373874e+00 1.332195960202365859e-01
3.500000000000000000e+01 5.800000000000000000e+01 1.334146745093889530e+00 1.188077201557933282e-01
3.700000000000000000e+01 6.000000000000000000e+01 1.567676117038909300e+00 1.131763152897213021e-01
3.500000000000000000e+01 5.800000000000000000e+01 1.394317387145640019e+00 1.081663560412606112e-01
3.700000000000000000e+01 5.900000000000000000e+01 1.356221044199146686e+00 1.043772026078043924e-01
3.700000000000000000e+01 5.900000000000000000e+01 1.609071175222328343e+00 1.087068094856570438e-01
4.300000000000000000e+01 6.100000000000000000e+01 1.894255368223349834e+00 1.015490116435017742e-01
4.300000000000000000e+01 6.500000000000000000e+01 1.754215746608801751e+00 1.198686512478040478e-01
4.700000000000000000e+01 7.000000000000000000e+01 1.819075989993592879e+00 1.306737359174157120e-01
4.700000000000000000e+01 6.900000000000000000e+01 2.132159917542461258e+00 1.308390159109185658e-01
5.200000000000000000e+01 7.900000000000000000e+01 2.478188556703095013e+00 1.403226156364584531e-01
5.100000000000000000e+01 8.000000000000000000e+01 2.593187872170143127e+00 1.543019881611527311e-01
5.100000000000000000e+01 8.600000000000000000e+01 2.327637443314983567e+00 1.481444086469022037e-01
5.600000000000000000e+01 1.100000000000000000e+02 2.175467436124078890e+00 1.628422951645612793e-01
6.000000000000000000e+01 1.190000000000000000e+02 2.246960326125200247e+00 1.790861544231930891e-01
6.000000000000000000e+01 1.150000000000000000e+02 2.086312387023623760e+00 1.568761522087182281e-01
6.100000000000000000e+01 1.140000000000000000e+02 2.149445742425240891e+00 1.385484310720048184e-01
5.900000000000000000e+01 1.130000000000000000e+02 1.957806915436979267e+00 1.519677242454478272e-01
6.000000000000000000e+01 1.130000000000000000e+02 2.035497480929059577e+00 1.621535022627625666e-01
5.900000000000000000e+01 1.130000000000000000e+02 2.142524560971066805e+00 1.740209347041934695e-01
5.800000000000000000e+01 1.080000000000000000e+02 2.040058496214355532e+00 1.476968771378777967e-01
5.900000000000000000e+01 1.090000000000000000e+02 1.878493316815161629e+00 1.474675692619464851e-01
5.700000000000000000e+01 1.130000000000000000e+02 1.702930167712167986e+00 1.595950418998088038e-01
5.600000000000000000e+01 1.160000000000000000e+02 1.538323375645570534e+00 1.613220418438696402e-01
6.200000000000000000e+01 1.300000000000000000e+02 1.582962642645232565e+00 1.746108129121221597e-01
6.200000000000000000e+01 1.280000000000000000e+02 1.882278220219355314e+00 1.705533734620485187e-01
6.000000000000000000e+01 1.270000000000000000e+02 1.745182040607659912e+00 1.904449175731715294e-01
6.000000000000000000e+01 1.280000000000000000e+02 1.848807253972380549e+00 2.103129373097905319e-01
6.000000000000000000e+01 1.240000000000000000e+02 2.002131810876413009e+00 2.018853156767410617e-01
6.200000000000000000e+01 1.240000000000000000e+02 2.403440200147815009e+00 2.137355172379759582e-01
6.200000000000000000e+01 1.250000000000000000e+02 2.860473352816238268e+00 2.380604880549751778e-01
6.100000000000000000e+01 1.250000000000000000e+02 3.158799827097227730e+00 2.540129015901785858e-01
5.900000000000000000e+01 1.240000000000000000e+02 3.255006395320978907e+00 2.660318155527127137e-01
5.800000000000000000e+01 1.230000000000000000e+02 3.583626001639405256e+00 2.992919414580970106e-01
5.900000000000000000e+01 1.230000000000000000e+02 3.972759067080308348e+00 3.170616880451184172e-01
5.900000000000000000e+01 1.220000000000000000e+02 4.376127159570627256e+00 3.462087199820793604e-01
5.800000000000000000e+01 1.200000000000000000e+02 4.402806999912858288e+00 3.714672850070252497e-01
5.600000000000000000e+01 1.210000000000000000e+02 4.328028403149118297e+00 4.024875511104958337e-01
5.400000000000000000e+01 1.150000000000000000e+02 4.498997428094146045e+00 3.925290072220559145e-01
5.100000000000000000e+01 1.150000000000000000e+02 4.368300973191690417e+00 4.366926835732404255e-01
5.300000000000000000e+01 1.100000000000000000e+02 4.306292447888687036e+00 4.308852189815830513e-01
5.200000000000000000e+01 1.150000000000000000e+02 3.913467968485755843e+00 4.800548055868282815e-01
5.200000000000000000e+01 1.120000000000000000e+02 3.734143960242963356e+00 4.884637447855699754e-01
5.100000000000000000e+01 9.700000000000000000e+01 3.589748267798247738e+00 3.659196004668340829e-01
4.500000000000000000e+01 8.500000000000000000e+01 2.737353523750716278e+00 2.781631798851956772e-01
4.200000000000000000e+01 8.000000000000000000e+01 2.387586528490376558e+00 2.314034315636921135e-01
3.900000000000000000e+01 7.700000000000000000e+01 1.761988407931285305e+00 2.130301564215915378e-01
3.800000000000000000e+01 7.500000000000000000e+01 1.793994938523897131e+00 2.025446641036953432e-01
4.500000000000000000e+01 8.300000000000000000e+01 2.095871831443221200e+00 1.924579976805915471e-01
4.700000000000000000e+01 8.400000000000000000e+01 2.186349420129587884e+00 2.051693006078923742e-01
5.300000000000000000e+01 9.000000000000000000e+01 2.044006411723315431e+00 2.406113893373105217e-01
5.200000000000000000e+01 8.900000000000000000e+01 1.927028247528361327e+00 2.566495227413649882e-01
5.200000000000000000e+01 8.700000000000000000e+01 1.985204992714943995e+00 2.660873628613271702e-01
5.200000000000000000e+01 8.400000000000000000e+01 2.067662679276610405e+00 2.626055529903978947e-01
5.100000000000000000e+01 8.100000000000000000e+01 1.500843155033991572e+00 1.938007580186545953e-01
5.100000000000000000e+01 7.500000000000000000e+01 1.496057095653590130e+00 1.490947623879250727e-01
5.400000000000000000e+01 7.300000000000000000e+01 1.732491560394383345e+00 1.184367637715795507e-01
5.100000000000000000e+01 7.300000000000000000e+01 1.210695894921923754e+00 1.389381455328192183e-01
5.800000000000000000e+01 8.300000000000000000e+01 1.435943863292115541e+00 1.331282521162578392e-01
5.700000000000000000e+01 8.100000000000000000e+01 1.473413260873010833e+00 1.318673530411115513e-01
5.900000000000000000e+01 8.600000000000000000e+01 1.238252783281476477e+00 1.446862326082631878e-01
6.100000000000000000e+01 8.600000000000000000e+01 1.494813511508651827e+00 1.454559297273281260e-01
6.300000000000000000e+01 8.900000000000000000e+01 1.789986780689261536e+00 1.466173630820252760e-01
6.400000000000000000e+01 9.100000000000000000e+01 2.126073755485538008e+00 1.585170762555824786e-01
6.500000000000000000e+01 9.100000000000000000e+01 2.288594558603404661e+00 1.618454768972003299e-01
6.600000000000000000e+01 9.400000000000000000e+01 2.234670172149224587e+00 1.781874421488356952e-01
6.500000000000000000e+01 9.400000000000000000e+01 2.421494179946980463e+00 1.847314468698122991e-01
6.600000000000000000e+01 9.000000000000000000e+01 2.851386836602296970e+00 1.712648581381978896e-01
6.500000000000000000e+01 9.300000000000000000e+01 2.830263832129947144e+00 2.013349224340280352e-01
6.600000000000000000e+01 9.100000000000000000e+01 3.316785815467884202e+00 2.114880286869352255e-01
7.200000000000000000e+01 9.800000000000000000e+01 3.423180869239605517e+00 2.131757304346683646e-01
8.000000000000000000e+01 1.030000000000000000e+02 3.732901064432119664e+00 1.836585044622464913e-01
7.700000000000000000e+01 1.070000000000000000e+02 2.898682563546203017e+00 2.052222812815851227e-01
7.600000000000000000e+01 1.070000000000000000e+02 2.681373941540099004e+00 2.040127189291568444e-01
7.600000000000000000e+01 1.060000000000000000e+02 3.170370514832896003e+00 1.973633360870323816e-01
8.000000000000000000e+01 1.150000000000000000e+02 3.434137608885262427e+00 2.216344397745357020e-01
8.000000000000000000e+01 1.140000000000000000e+02 4.015769441955406194e+00 2.333515009146591990e-01
8.700000000000000000e+01 1.250000000000000000e+02 4.655186719439090126e+00 2.494664597341890167e-01
8.400000000000000000e+01 1.230000000000000000e+02 4.002197425112666629e+00 2.497844354121371846e-01
8.100000000000000000e+01 1.220000000000000000e+02 3.917836667844635912e+00 2.451831420370405856e-01
7.700000000000000000e+01 1.230000000000000000e+02 3.188873944993601217e+00 2.258759753108411372e-01
7.400000000000000000e+01 1.230000000000000000e+02 2.742630226377991143e+00 2.363839841267182107e-01
7.300000000000000000e+01 1.200000000000000000e+02 2.953005049841172180e+00 2.340841980357770968e-01
7.600000000000000000e+01 1.190000000000000000e+02 3.454846890006755711e+00 2.339404106742660749e-01
7.400000000000000000e+01 1.140000000000000000e+02 3.551902195920447980e+00 2.140936136045889226e-01
7.900000000000000000e+01 1.160000000000000000e+02 3.614164762979014789e+00 2.274530202256476452e-01
7.700000000000000000e+01 1.160000000000000000e+02 3.488828109893865825e+00 2.531537076435675937e-01
7.900000000000000000e+01 1.170000000000000000e+02 3.762657981320777445e+00 2.846534258020269603e-01
7.300000000000000000e+01 1.130000000000000000e+02 3.005203912766555074e+00 2.803536920418132072e-01
7.400000000000000000e+01 1.110000000000000000e+02 3.276367506895409676e+00 2.756186799413384847e-01
7.000000000000000000e+01 1.070000000000000000e+02 2.908332226536733067e+00 2.734860561838137194e-01
7.100000000000000000e+01 1.060000000000000000e+02 2.966545614515805784e+00 2.693838611579184583e-01
7.200000000000000000e+01 1.020000000000000000e+02 3.257876735053224948e+00 2.518281878255246298e-01
7.100000000000000000e+01 9.900000000000000000e+01 3.372872949272890608e+00 2.567315731042410509e-01
7.000000000000000000e+01 9.700000000000000000e+01 3.485880829087004251e+00 2.626205730490873691e-01
6.700000000000000000e+01 9.400000000000000000e+01 3.425373538444708377e+00 2.711395338189763193e-01
6.700000000000000000e+01 9.000000000000000000e+01 4.037285321769937596e+00 2.674417748317566290e-01
7.200000000000000000e+01 9.400000000000000000e+01 4.715737524198499564e+00 2.863179953922080911e-01
7.000000000000000000e+01 9.400000000000000000e+01 4.956953296858329416e+00 3.254183022754544852e-01
7.100000000000000000e+01 9.800000000000000000e+01 5.454036168999928158e+00 3.689073198766129602e-01
6.800000000000000000e+01 9.900000000000000000e+01 5.162597469263159766e+00 3.749331692289150086e-01
6.100000000000000000e+01 9.500000000000000000e+01 4.288083379270254625e+00 3.499080055386180055e-01
5.800000000000000000e+01 8.600000000000000000e+01 4.217848157940563780e+00 2.981149616363697463e-01
5.500000000000000000e+01 8.200000000000000000e+01 4.081602238783159642e+00 2.832849259482652093e-01
5.500000000000000000e+01 8.600000000000000000e+01 4.097371329386125360e+00 2.923024710786693015e-01
5.100000000000000000e+01 8.000000000000000000e+01 3.678451408840422765e+00 2.758402899119771767e-01
5.100000000000000000e+01 7.900000000000000000e+01 3.430809148205860026e+00 2.862665275311377933e-01
4.800000000000000000e+01 6.900000000000000000e+01 3.244829668746397999e+00 2.164464961571171409e-01
4.400000000000000000e+01 6.600000000000000000e+01 2.575062928729669132e+00 2.010496266062095361e-01
4.500000000000000000e+01 6.600000000000000000e+01 2.483498588428789233e+00 1.809008270987098599e-01
5.000000000000000000e+01 6.600000000000000000e+01 2.670154425857878433e+00 1.353534639091404645e-01
4.900000000000000000e+01 6.800000000000000000e+01 2.545105948433183940e+00 1.250175754705219744e-01
5.000000000000000000e+01 6.800000000000000000e+01 2.957337286980903812e+00 1.141491773973006552e-01
4.800000000000000000e+01 6.700000000000000000e+01 2.971266568250509721e+00 1.073815711183635085e-01
4.600000000000000000e+01 6.700000000000000000e+01 2.885861644619024169e+00 1.259892731144931777e-01
4.300000000000000000e+01 6.400000000000000000e+01 2.660134961133003628e+00 1.125541205881219475e-01
4.200000000000000000e+01 6.200000000000000000e+01 2.570122097437041564e+00 1.093833457738554588e-01
4.200000000000000000e+01 6.200000000000000000e+01 1.986770718938537739e+00 1.178990094393698312e-01
4.600000000000000000e+01 6.800000000000000000e+01 2.060988980725856123e+00 1.122741381646393394e-01
4.500000000000000000e+01 6.900000000000000000e+01 1.879831008885763710e+00 1.215204371559042013e-01
4.500000000000000000e+01 6.700000000000000000e+01 2.182964937944137152e+00 1.147608622620020363e-01
4.300000000000000000e+01 6.700000000000000000e+01 2.035668822270651379e+00 1.142619543888544059e-01
4.100000000000000000e+01 6.600000000000000000e+01 1.871439559209247649e+00 1.242177696629577638e-01
4.000000000000000000e+01 6.600000000000000000e+01 1.929468981531231808e+00 1.325396553979130143e-01
4.000000000000000000e+01 6.600000000000000000e+01 1.754233848990505829e+00 1.561725527830253035e-01
4.300000000000000000e+01 6.800000000000000000e+01 1.780244495581278619e+00 1.835947005279084943e-01
4.300000000000000000e+01 6.900000000000000000e+01 2.073769321531625742e+00 2.013369317770167533e-01
4.100000000000000000e+01 6.900000000000000000e+01 1.745716408139538656e+00 2.041503662650061279e-01
4.000000000000000000e+01 6.700000000000000000e+01 1.791359882752804777e+00 2.143552255461191325e-01
3.800000000000000000e+01 6.500000000000000000e+01 1.388789205802876792e+00 2.274938146800517258e-01
3.700000000000000000e+01 6.000000000000000000e+01 1.429019471531319585e+00 1.934658691489212490e-01
3.700000000000000000e+01 5.900000000000000000e+01 1.457392155258569133e+00 1.787636895488313726e-01
4.000000000000000000e+01 6.200000000000000000e+01 1.737212476758178026e+00 1.670438536150990749e-01
4.300000000000000000e+01 6.300000000000000000e+01 2.052209436865524150e+00 1.689528295065763075e-01
4.200000000000000000e+01 5.900000000000000000e+01 2.185105800469817172e+00 1.500076351848466105e-01
4.400000000000000000e+01 5.900000000000000000e+01 2.308981210789355032e+00 1.514137491148045966e-01
4.500000000000000000e+01 5.700000000000000000e+01 2.250427617790796475e+00 1.527198312904331501e-01
4.600000000000000000e+01 6.300000000000000000e+01 2.375167797087104571e+00 1.630865786227929382e-01
4.600000000000000000e+01 6.200000000000000000e+01 2.748905210343314920e+00 1.662255887787148223e-01
4.800000000000000000e+01 6.500000000000000000e+01 2.481525614781058042e+00 1.837127193322991570e-01
4.400000000000000000e+01 6.500000000000000000e+01 1.981276002479856801e+00 1.688925603729558578e-01
4.200000000000000000e+01 6.000000000000000000e+01 1.809201764407643243e+00 1.390712394556938292e-01
4.100000000000000000e+01 5.800000000000000000e+01 1.360208085395125721e+00 1.360352845622419538e-01
4.400000000000000000e+01 6.000000000000000000e+01 1.613403753513564576e+00 1.169133167383124006e-01
4.900000000000000000e+01 6.000000000000000000e+01 1.896262500916350291e+00 1.066312941076294901e-01
4.900000000000000000e+01 6.000000000000000000e+01 2.207205574795355840e+00 1.092500142914322181e-01
5.000000000000000000e+01 6.200000000000000000e+01 2.329813958396716789e+00 1.282928581491980802e-01
5.100000000000000000e+01 7.000000000000000000e+01 2.240655778939766751e+00 1.400330804370030213e-01
4.800000000000000000e+01 6.600000000000000000e+01 1.893309734442291559e+00 1.110450529642138529e-01
4.600000000000000000e+01 6.300000000000000000e+01 1.677489458667952960e+00 9.527917065721799861e-02
4.500000000000000000e+01 6.300000000000000000e+01 1.444518874085007676e+00 9.804775915949137666e-02
4.600000000000000000e+01 6.400000000000000000e+01 1.414033087031138392e+00 1.047800240869197624e-01
4.700000000000000000e+01 6.700000000000000000e+01 1.676027145535722740e+00 1.073928398094437936e-01
4.700000000000000000e+01 6.600000000000000000e+01 1.970586683072172329e+00 1.124173996184062024e-01
4.700000000000000000e+01 6.600000000000000000e+01 2.082354310682684062e+00 1.202049951192872418e-01
4.400000000000000000e+01 6.700000000000000000e+01 1.750308884016082978e+00 1.309306255972098876e-01
4.300000000000000000e+01 6.600000000000000000e+01 1.821331463727806854e+00 1.312095658360391270e-01
4.300000000000000000e+01 6.600000000000000000e+01 1.669123204353315293e+00 1.436884716639930670e-01
4.300000000000000000e+01 6.600000000000000000e+01 1.990265871584906865e+00 1.427158202541715382e-01
4.400000000000000000e+01 6.500000000000000000e+01 2.352695269857197680e+00 1.537526585281425162e-01
4.400000000000000000e+01 6.700000000000000000e+01 2.517689646804985859e+00 1.805334136154595759e-01
4.400000000000000000e+01 6.500000000000000000e+01 2.941503184064972132e+00 1.781964697028773081e-01
4.300000000000000000e+01 6.700000000000000000e+01 2.733979319670096775e+00 1.771640553548335661e-01
4.400000000000000000e+01 6.300000000000000000e+01 2.956305892445335815e+00 1.481063569793478474e-01
4.200000000000000000e+01 6.200000000000000000e+01 2.933536269481682890e+00 1.598210069480369422e-01
4.200000000000000000e+01 6.900000000000000000e+01 2.666479847225119215e+00 1.771143186536785485e-01
4.100000000000000000e+01 6.800000000000000000e+01 2.630761538006744615e+00 1.912528577909083927e-01
3.800000000000000000e+01 6.700000000000000000e+01 2.368961854519996635e+00 1.885805159194636205e-01
3.800000000000000000e+01 6.700000000000000000e+01 2.486422898959207650e+00 1.855751802365817049e-01
3.700000000000000000e+01 6.300000000000000000e+01 2.442236263172771427e+00 1.677623302582216536e-01
3.700000000000000000e+01 5.900000000000000000e+01 2.579026671396424941e+00 1.470192647672106390e-01
4.100000000000000000e+01 6.400000000000000000e+01 2.439953597834850996e+00 1.602729412220192107e-01
4.100000000000000000e+01 6.300000000000000000e+01 2.589144261719037221e+00 1.714660796795835496e-01
4.200000000000000000e+01 6.100000000000000000e+01 2.741147264907093373e+00 1.529616251134852944e-01
3.800000000000000000e+01 5.900000000000000000e+01 2.174929853998476492e+00 1.562314983785783873e-01
3.600000000000000000e+01 5.700000000000000000e+01 1.973680498925596050e+00 1.598534929089552581e-01
3.500000000000000000e+01 5.500000000000000000e+01 1.769572550152325618e+00 1.601316331370750412e-01
3.400000000000000000e+01 5.200000000000000000e+01 1.278877732980276738e+00 1.342650691094440241e-01
3.300000000000000000e+01 4.900000000000000000e+01 1.240298444857459881e+00 1.185940974385161079e-01
3.300000000000000000e+01 4.700000000000000000e+01 1.437710007553889335e+00 1.109061389495647892e-01
3.300000000000000000e+01 4.700000000000000000e+01 1.371790521587188838e+00 1.194157432681224179e-01
3.500000000000000000e+01 4.700000000000000000e+01 1.371265528179718141e+00 1.134047064815777717e-01
3.200000000000000000e+01 4.600000000000000000e+01 8.682650166602883246e-01 1.222815543100416874e-01
3.500000000000000000e+01 5.100000000000000000e+01 1.039256411253276946e+00 1.173462005734146468e-01
4.100000000000000000e+01 5.700000000000000000e+01 1.234963417614809877e+00 1.133760957342287157e-01
4.600000000000000000e+01 5.900000000000000000e+01 1.456126174989055944e+00 1.067384282665325285e-01
4.600000000000000000e+01 6.400000000000000000e+01 1.441863096120468812e+00 1.151787931877921445e-01
4.800000000000000000e+01 6.500000000000000000e+01 1.695150384505976993e+00 1.109450323804681282e-01
4.800000000000000000e+01 6.500000000000000000e+01 1.737907971281585251e+00 1.199419488309454856e-01
4.700000000000000000e+01 6.700000000000000000e+01 1.548982148331827347e+00 1.408744639659894882e-01
4.700000000000000000e+01 6.700000000000000000e+01 1.607764325710816955e+00 1.510606611990285286e-01
4.900000000000000000e+01 6.800000000000000000e+01 1.892765012491722576e+00 1.541383574017517744e-01
5.100000000000000000e+01 6.400000000000000000e+01 2.209675561225751483e+00 1.346433117659479595e-01
5.000000000000000000e+01 6.200000000000000000e+01 2.102151653655921049e+00 1.348643047628778624e-01
4.900000000000000000e+01 6.500000000000000000e+01 1.937497996341021267e+00 1.577439312936671223e-01
4.900000000000000000e+01 6.400000000000000000e+01 2.044622333579892093e+00 1.261665507727570967e-01
4.800000000000000000e+01 6.500000000000000000e+01 1.683586279907617778e+00 1.353478470636438336e-01
4.800000000000000000e+01 6.300000000000000000e+01 1.983646518060416586e+00 1.196529638001268686e-01
4.900000000000000000e+01 6.200000000000000000e+01 2.317130347156538317e+00 1.030702679249033971e-01
5.300000000000000000e+01 6.600000000000000000e+01 2.684663038085628894e+00 9.514991440122760880e-02
5.200000000000000000e+01 7.000000000000000000e+01 2.606649874289462598e+00 1.120352095171422840e-01
5.100000000000000000e+01 7.000000000000000000e+01 2.084249265240710081e+00 9.997747276763334356e-02
5.200000000000000000e+01 7.700000000000000000e+01 1.963198015424684195e+00 9.373125466140409812e-02
5.000000000000000000e+01 7.500000000000000000e+01 1.810521349243832345e+00 8.612436565297186541e-02
4.900000000000000000e+01 7.900000000000000000e+01 1.607680262313954556e+00 1.021862681961852870e-01
5.600000000000000000e+01 8.500000000000000000e+01 1.925554658018908460e+00 1.072382019928376229e-01
5.500000000000000000e+01 8.500000000000000000e+01 2.068581898737853475e+00 1.269185500619938178e-01
5.600000000000000000e+01 8.800000000000000000e+01 2.234435408062786621e+00 1.395279179133448733e-01
5.900000000000000000e+01 9.800000000000000000e+01 2.401746556030131430e+00 1.650581176620743440e-01
6.000000000000000000e+01 9.800000000000000000e+01 2.831617623047741006e+00 1.803706367147570599e-01
6.600000000000000000e+01 1.020000000000000000e+02 3.308210227803424885e+00 2.017529455075895151e-01
6.400000000000000000e+01 1.010000000000000000e+02 3.371735525024766034e+00 2.261639948634682484e-01
6.300000000000000000e+01 1.000000000000000000e+02 3.649590769852156580e+00 2.525962503916646673e-01
6.300000000000000000e+01 9.600000000000000000e+01 3.706058487903316045e+00 2.529136823779877807e-01
5.800000000000000000e+01 9.400000000000000000e+01 2.887131402054510687e+00 2.513780097609784603e-01
5.400000000000000000e+01 8.900000000000000000e+01 2.425367762298635821e+00 2.320782952910212249e-01
5.200000000000000000e+01 8.500000000000000000e+01 2.319781309677438230e+00 1.970923846000954827e-01
5.100000000000000000e+01 8.000000000000000000e+01 2.465249809631593791e+00 1.551477321320664238e-01
5.000000000000000000e+01 8.000000000000000000e+01 2.275077397902779630e+00 1.593156072749690455e-01
5.000000000000000000e+01 7.900000000000000000e+01 2.165680277928432762e+00 1.582530239900513391e-01
5.000000000000000000e+01 7.800000000000000000e+01 2.527931490754326216e+00 1.453282775105249058e-01
4.800000000000000000e+01 7.600000000000000000e+01 2.429326805941937284e+00 1.503133933706349012e-01
4.600000000000000000e+01 7.600000000000000000e+01 2.349049969462667864e+00 1.652071903187204427e-01
4.700000000000000000e+01 7.700000000000000000e+01 2.267071128596334528e+00 1.946833418827520479e-01
4.700000000000000000e+01 7.500000000000000000e+01 2.401023839712228103e+00 2.077172201541780394e-01
4.600000000000000000e+01 7.200000000000000000e+01 2.602324456857323831e+00 2.106673101718347929e-01
4.600000000000000000e+01 6.900000000000000000e+01 2.782961924019820454e+00 2.140839351331569607e-01
4.500000000000000000e+01 7.100000000000000000e+01 3.009881131818531674e+00 2.374089448856994411e-01
4.500000000000000000e+01 7.100000000000000000e+01 3.022032968180459633e+00 2.675462608794474395e-01
4.600000000000000000e+01 6.800000000000000000e+01 3.080083633775077878e+00 2.671735807070729773e-01
5.200000000000000000e+01 7.300000000000000000e+01 3.094038111011950143e+00 2.668471123188158045e-01
5.000000000000000000e+01 7.300000000000000000e+01 3.126710835398742727e+00 2.625528924586224555e-01
5.400000000000000000e+01 7.100000000000000000e+01 3.372973885006767869e+00 2.152438664549532199e-01
5.300000000000000000e+01 7.300000000000000000e+01 3.394591031212961241e+00 2.234182150567224356e-01
5.100000000000000000e+01 7.100000000000000000e+01 3.384654573965713009e+00 2.255905326909087294e-01
4.800000000000000000e+01 7.000000000000000000e+01 2.928758769524616223e+00 2.086406407301537869e-01
4.600000000000000000e+01 6.800000000000000000e+01 2.628874561754215744e+00 2.125130897539621311e-01
4.500000000000000000e+01 6.400000000000000000e+01 2.788470895496875546e+00 1.961778851404412105e-01
4.200000000000000000e+01 5.700000000000000000e+01 2.514773054762305726e+00 1.457838070312960643e-01
4.100000000000000000e+01 5.700000000000000000e+01 2.302498184785816804e+00 1.229361221846166641e-01
4.400000000000000000e+01 5.400000000000000000e+01 1.654767286502691448e+00 9.769825675988982883e-02
4.900000000000000000e+01 6.000000000000000000e+01 1.415916245059914536e+00 8.632742668047455048e-02
4.800000000000000000e+01 6.100000000000000000e+01 1.368443232742735161e+00 8.303849580384477236e-02
4.900000000000000000e+01 6.500000000000000000e+01 1.082396689779691945e+00 9.755920565041588388e-02
5.300000000000000000e+01 6.600000000000000000e+01 1.059560052713981460e+00 8.581106790904016735e-02
5.200000000000000000e+01 6.800000000000000000e+01 9.946882304376887252e-01 1.009587179029464016e-01
5.700000000000000000e+01 7.200000000000000000e+01 1.198508996488842460e+00 9.430160444964540145e-02
5.800000000000000000e+01 8.300000000000000000e+01 1.432762387206711674e+00 9.933387740447255365e-02
5.900000000000000000e+01 8.500000000000000000e+01 1.483920443536517420e+00 1.048282995033532339e-01
5.900000000000000000e+01 8.500000000000000000e+01 1.548711457875477038e+00 1.007343307595646859e-01
6.000000000000000000e+01 8.700000000000000000e+01 1.846721557274145331e+00 9.450277196877901464e-02
5.900000000000000000e+01 8.900000000000000000e+01 1.924132680311150700e+00 1.118527935323993805e-01
6.000000000000000000e+01 9.100000000000000000e+01 2.284599667885652607e+00 1.182650583463433491e-01
6.100000000000000000e+01 8.900000000000000000e+01 2.473674735184992812e+00 1.170901880319344390e-01
6.100000000000000000e+01 9.200000000000000000e+01 2.447654192470921863e+00 1.387516473991481647e-01
6.000000000000000000e+01 9.200000000000000000e+01 2.618799950408371213e+00 1.638274985791686178e-01
6.200000000000000000e+01 9.500000000000000000e+01 2.861144432715148511e+00 1.930578383854187063e-01
6.300000000000000000e+01 9.600000000000000000e+01 3.346210075546233398e+00 2.058332241343327762e-01
6.200000000000000000e+01 9.500000000000000000e+01 3.662068712045429830e+00 2.293101417589793467e-01
6.700000000000000000e+01 1.010000000000000000e+02 3.764852702524604577e+00 2.582275932368487958e-01
6.500000000000000000e+01 1.000000000000000000e+02 3.217813272818800918e+00 2.458203373493434152e-01
6.200000000000000000e+01 9.600000000000000000e+01 2.971628124638145962e+00 2.417623747561838676e-01
6.000000000000000000e+01 8.900000000000000000e+01 3.011680373774826336e+00 1.968915837408596881e-01
5.800000000000000000e+01 8.900000000000000000e+01 2.511005172745953029e+00 1.941472372367631372e-01
5.800000000000000000e+01 8.600000000000000000e+01 2.646777444158069148e+00 1.893230589864245972e-01
6.100000000000000000e+01 8.900000000000000000e+01 2.619191081726083059e+00 1.873743875659264757e-01
6.100000000000000000e+01 8.700000000000000000e+01 2.884249219916969587e+00 1.897905054409452508e-01
6.700000000000000000e+01 9.000000000000000000e+01 3.399131378923915925e+00 2.074020635498834420e-01
6.700000000000000000e+01 8.900000000000000000e+01 3.965974814142835925e+00 2.277767497827984100e-01
6.600000000000000000e+01 8.700000000000000000e+01 4.366378482385911752e+00 2.462520540339179775e-01
6.300000000000000000e+01 8.600000000000000000e+01 4.357446565364655910e+00 2.659175800779384202e-01
5.800000000000000000e+01 8.600000000000000000e+01 3.845557185133583467e+00 2.553632910158962210e-01
5.500000000000000000e+01 8.400000000000000000e+01 3.650405600112331062e+00 2.640283692925517456e-01
5.500000000000000000e+01 8.400000000000000000e+01 3.187717127360022218e+00 2.737300530069316506e-01
5.100000000000000000e+01 8.500000000000000000e+01 2.477081808359073545e+00 2.951338840569283084e-01
5.500000000000000000e+01 8.300000000000000000e+01 2.625447987891140311e+00 2.893475839853569265e-01
5.400000000000000000e+01 7.800000000000000000e+01 2.546711157990470209e+00 2.685465860660632975e-01
5.500000000000000000e+01 7.400000000000000000e+01 2.459141647564580424e+00 2.217029351086045597e-01
5.300000000000000000e+01 7.100000000000000000e+01 2.123592811017802617e+00 1.972349841901334389e-01
5.200000000000000000e+01 6.700000000000000000e+01 2.193277042932187282e+00 1.795131644808898863e-01
5.000000000000000000e+01 6.400000000000000000e+01 2.085285554166819377e+00 1.709369325194537714e-01
5.000000000000000000e+01 6.000000000000000000e+01 2.452038884960181075e+00 1.468270840946303835e-01
5.000000000000000000e+01 5.800000000000000000e+01 2.360987855849422612e+00 1.492794208775918841e-01
5.100000000000000000e+01 5.900000000000000000e+01 2.551929442813558158e+00 1.469087747635057506e-01
5.000000000000000000e+01 5.900000000000000000e+01 2.546380531792473700e+00 1.478175881619425425e-01
5.200000000000000000e+01 5.900000000000000000e+01 2.711806313395813905e+00 1.611102882089118227e-01
5.300000000000000000e+01 6.300000000000000000e+01 2.508517616810424844e+00 1.748000664702099027e-01
5.300000000000000000e+01 5.900000000000000000e+01 2.930241110560603435e+00 1.589443842422663677e-01
5.200000000000000000e+01 5.800000000000000000e+01 3.153361715303596213e+00 1.718624672382771390e-01
5.000000000000000000e+01 5.500000000000000000e+01 2.982193351616793553e+00 1.447398955541259469e-01
4.800000000000000000e+01 5.400000000000000000e+01 2.976160386646285794e+00 1.120649118006164374e-01
4.600000000000000000e+01 5.500000000000000000e+01 2.895035979650183666e+00 1.074978882825421284e-01
4.400000000000000000e+01 5.500000000000000000e+01 2.783766033272623286e+00 1.263694783707528524e-01
4.300000000000000000e+01 5.400000000000000000e+01 2.925736943213519403e+00 1.271672044616540542e-01
4.200000000000000000e+01 5.300000000000000000e+01 3.124656853042433458e+00 1.368940388243407302e-01
3.900000000000000000e+01 5.300000000000000000e+01 2.661850995783255680e+00 1.287891729220511650e-01
3.500000000000000000e+01 5.300000000000000000e+01 2.097336252905487530e+00 1.506798404653218737e-01
3.400000000000000000e+01 5.000000000000000000e+01 1.782171272829190301e+00 1.271182580415506636e-01
3.300000000000000000e+01 4.800000000000000000e+01 1.843136638388201520e+00 1.207845986666902377e-01
3.500000000000000000e+01 4.900000000000000000e+01 1.892439706326551452e+00 1.277793733945537524e-01
3.400000000000000000e+01 4.900000000000000000e+01 1.930354419598287796e+00 1.496298749369495418e-01
3.600000000000000000e+01 5.000000000000000000e+01 2.263291294575181745e+00 1.417782039271142380e-01
3.600000000000000000e+01 5.000000000000000000e+01 2.628305399557346878e+00 1.413801400724456481e-01
3.400000000000000000e+01 4.700000000000000000e+01 2.590222560990224299e+00 1.300181247433531695e-01
3.300000000000000000e+01 4.800000000000000000e+01 2.514082853491621528e+00 1.274563152538778776e-01
2.900000000000000000e+01 4.700000000000000000e+01 1.963798628630819554e+00 1.260746832693731001e-01
3.000000000000000000e+01 4.600000000000000000e+01 2.023205745495412877e+00 1.085756868514115292e-01
2.900000000000000000e+01 4.500000000000000000e+01 1.867429129394686527e+00 9.006313721725815735e-02
2.900000000000000000e+01 4.400000000000000000e+01 1.624576419311643427e+00 8.300342616751987812e-02
2.800000000000000000e+01 4.300000000000000000e+01 1.643581238641611764e+00 8.359976677123011346e-02
2.700000000000000000e+01 4.500000000000000000e+01 1.618858395018742513e+00 9.836907563763036544e-02
2.800000000000000000e+01 5.000000000000000000e+01 1.877366952348608509e+00 9.982218873711849738e-02
2.900000000000000000e+01 5.100000000000000000e+01 1.939089942449142123e+00 1.172465636554953089e-01
2.700000000000000000e+01 5.000000000000000000e+01 1.756630181088306486e+00 1.267389464488196671e-01
2.900000000000000000e+01 5.000000000000000000e+01 2.001966742544004418e+00 1.135413961016415729e-01
2.700000000000000000e+01 5.400000000000000000e+01 1.326759496909719616e+00 1.330058070526456970e-01
2.900000000000000000e+01 5.900000000000000000e+01 1.293565932011204289e+00 9.817098660290285439e-02
2.700000000000000000e+01 5.800000000000000000e+01 9.664205295473337065e-01 1.029093528459592427e-01
2.500000000000000000e+01 5.800000000000000000e+01 5.860541655709098352e-01 1.204353417148983918e-01
2.500000000000000000e+01 5.600000000000000000e+01 6.993220675232182382e-01 1.142300116135394894e-01
3.000000000000000000e+01 6.100000000000000000e+01 5.908697063156215235e-01 1.127522104901919897e-01
3.300000000000000000e+01 6.000000000000000000e+01 7.167748578255193070e-01 9.524898203181221545e-02
3.300000000000000000e+01 5.900000000000000000e+01 8.611925892701736140e-01 8.559058785313533591e-02
3.400000000000000000e+01 5.900000000000000000e+01 1.025829922267637029e+00 8.669164936979606439e-02
3.600000000000000000e+01 6.200000000000000000e+01 1.211469816524089138e+00 9.002335729535994313e-02
3.700000000000000000e+01 6.300000000000000000e+01 1.418178104818578422e+00 8.500514774759836134e-02
4.000000000000000000e+01 6.300000000000000000e+01 1.646701946216812873e+00 8.811894938991782222e-02
3.800000000000000000e+01 6.600000000000000000e+01 1.417638231007115168e+00 1.040432079867427695e-01
4.000000000000000000e+01 6.800000000000000000e+01 1.405384141798828646e+00 1.224435103926460600e-01
4.300000000000000000e+01 7.300000000000000000e+01 1.632124387249298092e+00 1.091407734747886771e-01
4.300000000000000000e+01 7.800000000000000000e+01 1.402474904292849933e+00 1.286604822465975129e-01
4.200000000000000000e+01 7.700000000000000000e+01 1.151307295465044733e+00 1.300156111688317850e-01
4.200000000000000000e+01 7.600000000000000000e+01 1.119175492522484827e+00 1.299916542554293009e-01
4.400000000000000000e+01 7.500000000000000000e+01 1.330016584538259661e+00 1.387088702121795636e-01
4.400000000000000000e+01 7.300000000000000000e+01 1.350904588334628009e+00 1.383817411880964576e-01
4.500000000000000000e+01 7.300000000000000000e+01 1.594816591836070829e+00 1.399878176649952399e-01
4.500000000000000000e+01 7.400000000000000000e+01 1.651306588436861622e+00 1.402110300618258365e-01
4.500000000000000000e+01 7.100000000000000000e+01 1.932835329816269931e+00 1.317543091889323004e-01
4.300000000000000000e+01 7.000000000000000000e+01 1.767548629205825117e+00 1.447267111954983199e-01
4.300000000000000000e+01 7.000000000000000000e+01 1.807939448214955114e+00 1.702860488298498232e-01
4.200000000000000000e+01 6.900000000000000000e+01 1.860512959029794411e+00 1.892788753392416201e-01
4.500000000000000000e+01 7.000000000000000000e+01 2.188962176655159908e+00 1.782571982277859624e-01
4.500000000000000000e+01 7.000000000000000000e+01 2.336893494907005930e+00 1.743145914469197144e-01
4.600000000000000000e+01 7.200000000000000000e+01 2.216271718931187351e+00 2.043982218267996753e-01
4.500000000000000000e+01 7.300000000000000000e+01 2.372183994990622047e+00 2.126913210302692481e-01
4.400000000000000000e+01 7.000000000000000000e+01 2.543561796371040185e+00 2.032217263424851705e-01
4.200000000000000000e+01 6.300000000000000000e+01 2.468693998847538040e+00 1.621390096083847598e-01
4.700000000000000000e+01 6.700000000000000000e+01 2.627161039254296337e+00 1.520314178818548967e-01
5.200000000000000000e+01 7.100000000000000000e+01 2.757051783353865471e+00 1.645883143178299979e-01
5.100000000000000000e+01 7.100000000000000000e+01 2.901478270610836852e+00 1.927065244368007246e-01
4.900000000000000000e+01 6.900000000000000000e+01 2.476370801624954598e+00 1.860678966602034301e-01
4.600000000000000000e+01 6.600000000000000000e+01 2.168848101693338304e+00 1.826984403031062520e-01
5.500000000000000000e+01 7.500000000000000000e+01 2.525769794698205839e+00 1.637227286334166088e-01
5.400000000000000000e+01 7.600000000000000000e+01 2.436261423361192779e+00 1.759169189844504988e-01
5.100000000000000000e+01 7.500000000000000000e+01 2.095983648544169409e+00 1.952154609756454329e-01
5.100000000000000000e+01 7.300000000000000000e+01 2.438031185250108646e+00 1.808858454608010535e-01
5.000000000000000000e+01 7.200000000000000000e+01 2.376673719953253272e+00 1.851815180069120714e-01
5.000000000000000000e+01 6.800000000000000000e+01 2.733189978335408998e+00 1.670046289810971363e-01
4.800000000000000000e+01 7.000000000000000000e+01 2.616959651810478071e+00 1.724866068515835682e-01
4.500000000000000000e+01 6.500000000000000000e+01 2.243908628242827330e+00 1.484469958901816211e-01
4.300000000000000000e+01 6.000000000000000000e+01 2.113715813663227028e+00 1.139209923252748197e-01
4.200000000000000000e+01 5.800000000000000000e+01 1.660216920987844125e+00 1.089851631034096935e-01
4.100000000000000000e+01 5.600000000000000000e+01 1.712270940500671745e+00 9.785259593759436381e-02
4.000000000000000000e+01 5.500000000000000000e+01 1.487895243308332560e+00 1.028814536743975494e-01
4.000000000000000000e+01 5.800000000000000000e+01 1.533455555479654064e+00 1.052703232313143000e-01
4.000000000000000000e+01 5.900000000000000000e+01 1.328304548876563906e+00 1.239471508425577656e-01
4.100000000000000000e+01 5.600000000000000000e+01 1.592337468033018233e+00 1.124030589863362073e-01
4.100000000000000000e+01 5.600000000000000000e+01 1.654866494781632502e+00 1.184841318178135039e-01
4.100000000000000000e+01 5.500000000000000000e+01 1.974239499323403368e+00 1.256668439923981362e-01
4.100000000000000000e+01 5.500000000000000000e+01 2.118663740121518479e+00 1.480115487451565959e-01
4.300000000000000000e+01 5.800000000000000000e+01 2.500899292995356848e+00 1.739780829838752929e-01
4.200000000000000000e+01 5.500000000000000000e+01 2.709183354038860347e+00 1.722182738174197203e-01
5.300000000000000000e+01 6.900000000000000000e+01 2.918368194909231050e+00 1.693122775167281990e-01
5.200000000000000000e+01 6.500000000000000000e+01 3.167728646331605002e+00 1.512419271412277777e-01
5.000000000000000000e+01 6.300000000000000000e+01 3.129759880204677103e+00 1.564067904964276112e-01
5.000000000000000000e+01 6.400000000000000000e+01 3.325954966498552157e+00 1.713119359208615244e-01
5.100000000000000000e+01 6.400000000000000000e+01 3.537025613096806520e+00 2.004010079286855650e-01
4.900000000000000000e+01 6.300000000000000000e+01 3.391485465910102359e+00 1.884773482611517281e-01
5.400000000000000000e+01 5.800000000000000000e+01 3.859374719094633477e+00 1.190665752881831657e-01
5.100000000000000000e+01 6.100000000000000000e+01 3.110425618505438639e+00 1.398200150650978635e-01
5.400000000000000000e+01 6.300000000000000000e+01 2.752233449656200204e+00 1.531547312161687935e-01
5.300000000000000000e+01 6.400000000000000000e+01 2.586340499814531402e+00 1.787222764708316647e-01
4.900000000000000000e+01 5.800000000000000000e+01 1.962773823164700282e+00 1.238963598742766764e-01
4.900000000000000000e+01 5.600000000000000000e+01 1.507215230802066763e+00 9.758854080624501659e-02
4.700000000000000000e+01 5.400000000000000000e+01 1.198102005748437948e+00 8.794499032101014968e-02
5.100000000000000000e+01 5.400000000000000000e+01 8.455952329177770510e-01 9.236306499581020679e-02
5.500000000000000000e+01 5.600000000000000000e+01 1.018077904541326628e+00 7.960558567515385597e-02
5.500000000000000000e+01 5.500000000000000000e+01 1.216984956909453963e+00 7.957779804382893174e-02
5.600000000000000000e+01 5.300000000000000000e+01 1.184643541996687199e+00 7.253653823684602653e-02
5.600000000000000000e+01 5.200000000000000000e+01 1.424140404355411338e+00 7.340812445062801228e-02
5.700000000000000000e+01 5.200000000000000000e+01 1.699519028625348982e+00 7.287236203449970473e-02
5.600000000000000000e+01 5.400000000000000000e+01 1.796061413599652212e+00 8.642857645132118183e-02
5.500000000000000000e+01 5.400000000000000000e+01 1.888657777854970909e+00 1.021417452082326455e-01
5.500000000000000000e+01 5.500000000000000000e+01 2.024708491786507025e+00 1.204490942085068572e-01
5.400000000000000000e+01 5.400000000000000000e+01 2.183840566944049488e+00 1.206460800326945165e-01
5.300000000000000000e+01 5.300000000000000000e+01 2.368232370768688089e+00 1.193538745503978371e-01
5.200000000000000000e+01 5.200000000000000000e+01 2.579589282082459967e+00 1.266924859218265254e-01
5.100000000000000000e+01 5.200000000000000000e+01 2.558035757983268876e+00 1.492120679386191862e-01
5.100000000000000000e+01 5.100000000000000000e+01 3.022186792592598259e+00 1.631444139111806468e-01
5.000000000000000000e+01 5.100000000000000000e+01 3.321758786856191303e+00 1.912997794777709093e-01
4.900000000000000000e+01 4.900000000000000000e+01 3.651011496925942179e+00 2.026018572754484659e-01
5.200000000000000000e+01 5.100000000000000000e+01 3.987358929927818707e+00 2.364235450917213655e-01
4.500000000000000000e+01 4.400000000000000000e+01 3.070592224289574013e+00 1.875526233172560286e-01
4.200000000000000000e+01 4.100000000000000000e+01 2.606602048691172069e+00 1.698078740749315863e-01
4.200000000000000000e+01 4.200000000000000000e+01 2.795724706950439842e+00 1.560762308330246873e-01
4.400000000000000000e+01 3.900000000000000000e+01 3.270831178390000371e+00 1.394938920255541781e-01
4.300000000000000000e+01 3.800000000000000000e+01 3.334420449510019591e+00 1.446436876663232951e-01
4.300000000000000000e+01 3.700000000000000000e+01 3.851797207978270965e+00 1.338143838223066207e-01
4.200000000000000000e+01 3.800000000000000000e+01 3.496415662064005225e+00 1.334784481252386246e-01
4.000000000000000000e+01 3.600000000000000000e+01 3.281472455501537766e+00 1.222527682848117969e-01
3.900000000000000000e+01 3.200000000000000000e+01 3.315093107670687100e+00 8.137131142010330109e-02
3.400000000000000000e+01 3.200000000000000000e+01 2.547528734815246221e+00 9.502376852459307188e-02
3.500000000000000000e+01 3.100000000000000000e+01 2.367971266638541294e+00 1.000991488499569787e-01
3.600000000000000000e+01 3.500000000000000000e+01 2.494879755370973395e+00 7.819236467933396439e-02
3.600000000000000000e+01 3.500000000000000000e+01 2.596694140304350196e+00 7.528543993610890828e-02
3.400000000000000000e+01 3.700000000000000000e+01 2.064403719911279023e+00 7.404445214110548512e-02
3.100000000000000000e+01 3.400000000000000000e+01 1.584694477141744828e+00 5.479809624404959750e-02
2.900000000000000000e+01 4.000000000000000000e+01 1.311794509837212575e+00 5.051545562688200541e-02
2.900000000000000000e+01 4.800000000000000000e+01 7.242067698037092383e-01 5.956721895752981055e-02
2.900000000000000000e+01 4.700000000000000000e+01 8.448800788423864727e-01 5.381128615888852718e-02
2.800000000000000000e+01 4.600000000000000000e+01 7.184897825499320101e-01 5.264380104657243736e-02
2.800000000000000000e+01 4.600000000000000000e+01 6.082537054804010301e-01 5.135146452019918872e-02
2.800000000000000000e+01 4.500000000000000000e+01 7.324310256505609518e-01 4.825138362822538329e-02
3.200000000000000000e+01 4.900000000000000000e+01 8.767984816041700658e-01 4.659806433073498955e-02
3.100000000000000000e+01 4.900000000000000000e+01 8.022476017673497717e-01 5.503110960745558056e-02
3.300000000000000000e+01 5.100000000000000000e+01 9.678879890998960400e-01 5.290239593204542484e-02
3.300000000000000000e+01 5.100000000000000000e+01 1.157639582213324525e+00 5.050185958900330063e-02
3.300000000000000000e+01 5.100000000000000000e+01 1.156405503710593363e+00 5.995792902301112781e-02
3.300000000000000000e+01 5.100000000000000000e+01 1.376444199158155746e+00 7.101879291502304070e-02
3.400000000000000000e+01 5.100000000000000000e+01 1.624305116493886203e+00 8.391278442194483045e-02
3.500000000000000000e+01 5.500000000000000000e+01 1.900324242079619586e+00 9.908782533264830217e-02
3.900000000000000000e+01 6.200000000000000000e+01 1.988437933328160545e+00 9.590915791453590022e-02
3.900000000000000000e+01 6.800000000000000000e+01 1.820046191125242130e+00 1.131743615021375687e-01
3.800000000000000000e+01 6.700000000000000000e+01 1.851596406295720199e+00 1.223401251511045951e-01
4.000000000000000000e+01 6.800000000000000000e+01 1.934031342993803415e+00 1.087551155812238324e-01
4.200000000000000000e+01 7.000000000000000000e+01 1.760593403344764774e+00 1.159464259377648437e-01
4.100000000000000000e+01 6.900000000000000000e+01 1.830778818633097105e+00 1.224483422743490729e-01
4.000000000000000000e+01 6.800000000000000000e+01 1.860935420959473507e+00 1.334583430184941855e-01
4.000000000000000000e+01 6.600000000000000000e+01 1.940117751050844053e+00 1.236538694027149027e-01
4.200000000000000000e+01 7.400000000000000000e+01 2.000846569800656116e+00 1.233900717466436536e-01
4.300000000000000000e+01 7.300000000000000000e+01 2.042114025264940125e+00 1.348405343110434529e-01
4.200000000000000000e+01 7.500000000000000000e+01 2.085635077341012167e+00 1.587259062845593760e-01
4.000000000000000000e+01 7.500000000000000000e+01 1.914393991437203457e+00 1.861801794228735152e-01
4.100000000000000000e+01 8.000000000000000000e+01 1.745478802412386843e+00 1.761559781756603660e-01
4.000000000000000000e+01 7.800000000000000000e+01 1.533337928928156346e+00 1.818214754451149828e-01
3.900000000000000000e+01 7.600000000000000000e+01 1.517932684713195091e+00 1.793774677451298871e-01
4.000000000000000000e+01 7.600000000000000000e+01 1.767379221507030973e+00 1.816364670678661530e-01
4.000000000000000000e+01 7.300000000000000000e+01 1.781531779027138107e+00 1.700647063880693088e-01
3.700000000000000000e+01 6.900000000000000000e+01 1.345008935607843625e+00 1.443790267092055490e-01
3.700000000000000000e+01 6.700000000000000000e+01 1.587665713735636253e+00 1.186614079731378030e-01
3.700000000000000000e+01 6.500000000000000000e+01 1.859878637368026943e+00 1.095814042990010395e-01
3.600000000000000000e+01 6.600000000000000000e+01 1.662924261579555862e+00 1.291842448429061374e-01
3.800000000000000000e+01 6.600000000000000000e+01 1.954280610866835133e+00 1.397937072646892598e-01
3.600000000000000000e+01 6.500000000000000000e+01 1.627380441325289029e+00 1.431942153294383513e-01
3.700000000000000000e+01 6.600000000000000000e+01 1.917717302568503923e+00 1.440689520369477783e-01
3.800000000000000000e+01 6.400000000000000000e+01 2.025182887477184668e+00 1.344348364903013571e-01
3.600000000000000000e+01 6.600000000000000000e+01 1.838908596429817521e+00 1.584085075340695703e-01
3.900000000000000000e+01 6.700000000000000000e+01 1.949938747898128710e+00 1.722778451962116708e-01
4.400000000000000000e+01 7.000000000000000000e+01 2.290931299630211804e+00 1.884826701484903777e-01
4.500000000000000000e+01 7.500000000000000000e+01 2.448693207928598792e+00 2.211113149944637368e-01
4.600000000000000000e+01 7.200000000000000000e+01 2.833641791451171787e+00 2.267882142498785503e-01
4.100000000000000000e+01 7.000000000000000000e+01 2.141850251201516731e+00 2.330236045987950089e-01
4.000000000000000000e+01 6.400000000000000000e+01 2.256977804665761145e+00 1.896794813392140566e-01
4.000000000000000000e+01 6.200000000000000000e+01 2.354108386263547459e+00 1.813811109431581192e-01
4.200000000000000000e+01 6.900000000000000000e+01 1.977178097581656635e+00 1.771564751600284149e-01
4.500000000000000000e+01 6.600000000000000000e+01 2.274843783394252306e+00 1.330501852831521559e-01
4.300000000000000000e+01 6.700000000000000000e+01 2.116142501521572239e+00 1.380693926938730554e-01
4.100000000000000000e+01 6.700000000000000000e+01 1.868756152293169270e+00 1.619612253630146603e-01
3.900000000000000000e+01 6.700000000000000000e+01 1.644066922459164637e+00 1.893950591019454011e-01
4.400000000000000000e+01 6.800000000000000000e+01 1.681742768734889371e+00 1.565238957359310068e-01
4.300000000000000000e+01 6.400000000000000000e+01 1.717821340790475659e+00 1.343039534804113810e-01
4.100000000000000000e+01 6.600000000000000000e+01 1.447375396941657844e+00 1.466641054330851401e-01
4.300000000000000000e+01 7.000000000000000000e+01 1.678840439191108480e+00 1.435232756318920166e-01
4.100000000000000000e+01 6.600000000000000000e+01 1.433904917288816749e+00 1.150842987307261062e-01
4.000000000000000000e+01 6.500000000000000000e+01 1.214548666171375357e+00 1.104828831889209384e-01
4.000000000000000000e+01 6.500000000000000000e+01 1.172784966872937096e+00 1.155271584137625290e-01
4.200000000000000000e+01 6.500000000000000000e+01 1.400460362624937449e+00 9.856026259975735060e-02
