0.000000000000000000e+00 0.000000000000000000e+00 0.000000000000000000e+00 0.000000000000000000e+00
3.000000000000000000e+00 2.000000000000000000e+00 6.546876815262455285e-04 9.893195246707083609e-05
2.200000000000000000e+01 2.200000000000000000e+01 5.024161285052401900e-03 1.109652580868378605e-03
3.500000000000000000e+01 5.100000000000000000e+01 9.572132607498172116e-03 2.784144867535806762e-03
3.600000000000000000e+01 5.300000000000000000e+01 1.304105163901988010e-02 3.484560243572418572e-03
4.600000000000000000e+01 7.800000000000000000e+01 1.963178266325923266e-02 5.472179409838218676e-03
4.800000000000000000e+01 9.800000000000000000e+01 2.667861086328601403e-02 7.639280777087657272e-03
5.300000000000000000e+01 1.330000000000000000e+02 3.670143276050387426e-02 1.101169810352168113e-02
6.100000000000000000e+01 1.670000000000000000e+02 5.065872645001466557e-02 1.505552033992939992e-02
6.500000000000000000e+01 2.380000000000000000e+02 6.827371536063905899e-02 2.179068867960933312e-02
6.600000000000000000e+01 2.430000000000000000e+02 9.086805091444843940e-02 2.669733091659412527e-02
6.600000000000000000e+01 2.600000000000000000e+02 1.203538035818388363e-01 3.322716021380943408e-02
7.300000000000000000e+01 3.640000000000000000e+02 1.604865836628880105e-01 4.542772597693087167e-02
7.300000000000000000e+01 3.710000000000000000e+02 2.113262685826698961e-01 5.540509028874989611e-02
7.300000000000000000e+01 3.960000000000000000e+02 2.772774078823671551e-01 6.833839838560142044e-02
7.400000000000000000e+01 4.280000000000000000e+02 3.625681217870043715e-01 8.428678999826211271e-02
7.400000000000000000e+01 4.400000000000000000e+02 4.716883013180538375e-01 1.025175384068425510e-01
7.600000000000000000e+01 4.500000000000000000e+02 6.110170987393059860e-01 1.243481518151098031e-01
7.600000000000000000e+01 4.510000000000000000e+02 7.865789219177325986e-01 1.501226109065068870e-01
7.700000000000000000e+01 4.520000000000000000e+02 1.006636474742463427e+00 1.810216846465368123e-01
7.900000000000000000e+01 4.870000000000000000e+02 1.279858181164203135e+00 2.196806052265540543e-01
8.000000000000000000e+01 5.000000000000000000e+02 1.615191181670821763e+00 2.648038373344474561e-01
8.100000000000000000e+01 5.210000000000000000e+02 2.022513524359229820e+00 3.190057206157606018e-01
8.600000000000000000e+01 5.520000000000000000e+02 2.512400462591564132e+00 3.840008001420258110e-01
8.600000000000000000e+01 5.620000000000000000e+02 3.092351290739414171e+00 4.601393357773164161e-01
8.800000000000000000e+01 5.770000000000000000e+02 3.771647261159297493e+00 5.505370487360335963e-01
9.200000000000000000e+01 6.040000000000000000e+02 4.556694029789222000e+00 6.578819483979952976e-01
9.400000000000000000e+01 6.260000000000000000e+02 5.450693082605541306e+00 7.840544211774942429e-01
9.400000000000000000e+01 6.300000000000000000e+02 6.454599341807031543e+00 9.312901792734242790e-01
9.700000000000000000e+01 6.630000000000000000e+02 7.567216059079019175e+00 1.104972058858689543e+00
1.000000000000000000e+02 6.860000000000000000e+02 8.782596527860185631e+00 1.307024703321917114e+00
9.800000000000000000e+01 7.000000000000000000e+02 9.440708876182469567e+00 1.541324098061023884e+00
9.000000000000000000e+01 7.050000000000000000e+02 8.378921456754676811e+00 1.705932427535534313e+00
8.700000000000000000e+01 7.410000000000000000e+02 7.030550880919217427e+00 1.784888151522172395e+00
8.300000000000000000e+01 7.530000000000000000e+02 6.490663461607145024e+00 1.959169603211352584e+00
7.900000000000000000e+01 7.350000000000000000e+02 6.414183470321311198e+00 2.035194290169910047e+00
7.500000000000000000e+01 7.170000000000000000e+02 6.010474832962149350e+00 2.155001624146764438e+00
7.100000000000000000e+01 7.030000000000000000e+02 5.514539878349538071e+00 2.206409050481742629e+00
6.800000000000000000e+01 6.830000000000000000e+02 4.553183375348607065e+00 2.223521288708862009e+00
7.400000000000000000e+01 6.810000000000000000e+02 4.101694668850619507e+00 2.004114416108390806e+00
7.800000000000000000e+01 7.040000000000000000e+02 2.982634909073549778e+00 2.027814468813626370e+00
7.600000000000000000e+01 7.120000000000000000e+02 2.569492332902154619e+00 2.090282676651110005e+00
7.700000000000000000e+01 7.060000000000000000e+02 2.429626293865378983e+00 1.694501608506357559e+00
7.400000000000000000e+01 6.780000000000000000e+02 1.845250363003808403e+00 1.546346809439711034e+00
7.300000000000000000e+01 6.660000000000000000e+02 1.904757748245660576e+00 1.412867181157222873e+00
7.300000000000000000e+01 6.460000000000000000e+02 2.244135570844840277e+00 1.246342606356490412e+00
7.500000000000000000e+01 6.650000000000000000e+02 2.627126009374723292e+00 1.167785698033217523e+00
7.300000000000000000e+01 6.690000000000000000e+02 2.514893221244645094e+00 1.172975619116126245e+00
7.300000000000000000e+01 6.620000000000000000e+02 2.949734375699230249e+00 1.239181210100768871e+00
7.500000000000000000e+01 7.380000000000000000e+02 2.957796662734660575e+00 1.385934272886541363e+00
7.500000000000000000e+01 7.300000000000000000e+02 3.128887215694659663e+00 1.407441680012321950e+00
7.600000000000000000e+01 7.200000000000000000e+02 3.203753159610712942e+00 1.453877320960044406e+00
7.700000000000000000e+01 7.150000000000000000e+02 3.530771137246939695e+00 1.473631700123065658e+00
8.100000000000000000e+01 7.320000000000000000e+02 4.111970693968213020e+00 1.404421941524105710e+00
7.800000000000000000e+01 7.260000000000000000e+02 4.034813874497519492e+00 1.445762177409526394e+00
7.800000000000000000e+01 7.130000000000000000e+02 4.346859018444167333e+00 1.490327770476711500e+00
7.500000000000000000e+01 7.110000000000000000e+02 4.352805065514829153e+00 1.494083044006252692e+00
7.400000000000000000e+01 6.950000000000000000e+02 4.030792722438915732e+00 1.514785773756908593e+00
7.500000000000000000e+01 7.090000000000000000e+02 4.362776812976273177e+00 1.611210292146686207e+00
7.400000000000000000e+01 7.030000000000000000e+02 4.565967559776441753e+00 1.618559993172671074e+00
7.500000000000000000e+01 6.910000000000000000e+02 4.837286697811605585e+00 1.604514433627985737e+00
7.700000000000000000e+01 7.210000000000000000e+02 4.568887129151315563e+00 1.684288828832724239e+00
7.600000000000000000e+01 7.250000000000000000e+02 4.365159865011337459e+00 1.782807821959185191e+00
7.800000000000000000e+01 7.120000000000000000e+02 4.204687709112730154e+00 1.651647133674491341e+00
7.800000000000000000e+01 7.930000000000000000e+02 3.972345147523342224e+00 1.582552053613383913e+00
7.800000000000000000e+01 7.810000000000000000e+02 4.360858563865633641e+00 1.616495468229252053e+00
7.700000000000000000e+01 7.770000000000000000e+02 4.828154793116947729e+00 1.758513993658292529e+00
8.000000000000000000e+01 8.360000000000000000e+02 5.022859132867227849e+00 1.932679257041213461e+00
7.800000000000000000e+01 8.570000000000000000e+02 5.091837173307556696e+00 2.132094169114132853e+00
7.200000000000000000e+01 8.400000000000000000e+02 4.463137508099174866e+00 2.140990683575834996e+00
6.600000000000000000e+01 8.130000000000000000e+02 3.454544326875957694e+00 2.039949983494622199e+00
6.300000000000000000e+01 7.910000000000000000e+02 3.237230481849808772e+00 1.945335954688173885e+00
6.300000000000000000e+01 7.740000000000000000e+02 2.400035081917664126e+00 1.739818750716700890e+00
6.100000000000000000e+01 7.500000000000000000e+02 2.207084086165761683e+00 1.695965017770777017e+00
