0.000000000000000000e+00 0.000000000000000000e+00 0.000000000000000000e+00 0.000000000000000000e+00
0.000000000000000000e+00 0.000000000000000000e+00 0.000000000000000000e+00 0.000000000000000000e+00
3.000000000000000000e+00 6.000000000000000000e+00 6.546876815262455285e-04 2.967958574012125083e-04
4.000000000000000000e+00 1.000000000000000000e+01 1.096035195894929596e-03 5.588630735271504519e-04
4.000000000000000000e+00 1.000000000000000000e+01 1.468316841900678621e-03 6.795690967550963241e-04
4.000000000000000000e+00 1.000000000000000000e+01 1.964707433428190472e-03 8.259690746930305888e-04
4.000000000000000000e+00 1.400000000000000000e+01 2.625309145931930752e-03 1.201268680672149414e-03
4.000000000000000000e+00 1.400000000000000000e+01 3.502500227313918094e-03 1.458951833049139868e-03
5.000000000000000000e+00 1.500000000000000000e+01 4.882562986129417720e-03 1.820356351883576501e-03
1.400000000000000000e+01 2.100000000000000000e+01 8.455356080698870139e-03 2.505128319331935589e-03
2.000000000000000000e+01 2.600000000000000000e+01 1.255295846161351599e-02 3.285489830972171225e-03
2.400000000000000000e+01 3.100000000000000000e+01 1.754630263619345529e-02 4.230145503472036890e-03
2.400000000000000000e+01 3.300000000000000000e+01 2.326414853791532872e-02 5.224274470509698148e-03
2.500000000000000000e+01 3.400000000000000000e+01 3.098346698889018619e-02 6.374816891180580883e-03
2.500000000000000000e+01 3.600000000000000000e+01 4.085865780951513510e-02 7.810962671050162773e-03
2.700000000000000000e+01 4.200000000000000000e+01 5.414231467572201001e-02 9.738095938425698692e-03
3.500000000000000000e+01 4.700000000000000000e+01 7.266727382926455037e-02 1.200863766485348386e-02
4.000000000000000000e+01 5.200000000000000000e+01 9.596103183163243178e-02 1.473759374572281011e-02
4.100000000000000000e+01 5.400000000000000000e+01 1.250042625291011567e-01 1.786412261956398656e-02
4.100000000000000000e+01 5.500000000000000000e+01 1.618068445969898517e-01 2.155780080690366737e-02
4.100000000000000000e+01 5.700000000000000000e+01 2.083881962027728518e-01 2.602012722867565533e-02
4.200000000000000000e+01 6.000000000000000000e+01 2.671396522469338675e-01 3.139109378123499522e-02
4.400000000000000000e+01 6.600000000000000000e+01 3.406396560913935168e-01 3.793197827519616261e-02
4.600000000000000000e+01 6.800000000000000000e+01 4.316074953688747717e-01 4.550531352001592478e-02
4.900000000000000000e+01 7.200000000000000000e+01 5.434803903574447759e-01 5.457418660538163047e-02
5.000000000000000000e+01 7.200000000000000000e+01 6.792097530936392902e-01 6.509248301056469455e-02
5.500000000000000000e+01 7.500000000000000000e+01 8.437821743272891917e-01 7.762740972534781791e-02
5.500000000000000000e+01 7.600000000000000000e+01 1.039519524154459029e+00 9.225111095345124579e-02
5.500000000000000000e+01 7.600000000000000000e+01 1.271338627448446390e+00 1.093184365773079286e-01
5.500000000000000000e+01 7.700000000000000000e+01 1.543337153845794507e+00 1.292746640058666519e-01
5.900000000000000000e+01 8.300000000000000000e+01 1.860335751862710829e+00 1.527174137809652332e-01
5.900000000000000000e+01 8.300000000000000000e+01 2.224515342402935136e+00 1.795806443385776219e-01
6.800000000000000000e+01 8.700000000000000000e+01 2.424880284767293670e+00 1.689638440911713224e-01
6.600000000000000000e+01 8.800000000000000000e+01 2.415631176048605777e+00 1.654461150928012159e-01
6.600000000000000000e+01 9.000000000000000000e+01 2.612592996901861753e+00 1.824295024659995934e-01
6.700000000000000000e+01 8.900000000000000000e+01 3.106684818635609524e+00 1.982378335801671665e-01
6.700000000000000000e+01 8.600000000000000000e+01 3.659059049887404935e+00 1.956465747279022838e-01
6.700000000000000000e+01 8.600000000000000000e+01 4.269222572413760908e+00 2.175854719181785912e-01
6.700000000000000000e+01 8.500000000000000000e+01 4.935230976865601527e+00 2.306038238665301943e-01
6.300000000000000000e+01 8.300000000000000000e+01 4.546966638042688302e+00 2.384107870812242347e-01
5.900000000000000000e+01 8.200000000000000000e+01 4.095984337155742061e+00 2.215785023904913997e-01
5.800000000000000000e+01 8.300000000000000000e+01 3.924190028595752278e+00 1.933121841312232803e-01
5.500000000000000000e+01 8.200000000000000000e+01 3.490960610172572309e+00 2.022032997505455176e-01
5.300000000000000000e+01 8.000000000000000000e+01 3.448050705245914394e+00 2.141625298443022019e-01
5.100000000000000000e+01 8.100000000000000000e+01 3.427485274064878684e+00 2.399876098376018396e-01
5.000000000000000000e+01 7.800000000000000000e+01 3.515545084669504661e+00 2.409306464352126698e-01
4.500000000000000000e+01 7.400000000000000000e+01 2.948309320210808604e+00 2.323421939975957029e-01
4.400000000000000000e+01 7.100000000000000000e+01 2.480826925851245424e+00 2.013753354310777455e-01
4.300000000000000000e+01 7.200000000000000000e+01 2.178704217858547842e+00 1.933725955533645013e-01
4.400000000000000000e+01 6.800000000000000000e+01 2.543243548442662316e+00 1.735604883075838878e-01
4.500000000000000000e+01 6.800000000000000000e+01 2.642945639398789570e+00 1.788626569577778935e-01
4.300000000000000000e+01 6.800000000000000000e+01 2.544035511906517666e+00 1.987261524271197455e-01
4.300000000000000000e+01 6.300000000000000000e+01 2.745676444452215037e+00 1.744141289001779616e-01
4.200000000000000000e+01 6.000000000000000000e+01 2.963417568474042252e+00 1.552565191903286790e-01
4.100000000000000000e+01 5.500000000000000000e+01 3.195755482770368694e+00 1.242584883845446325e-01
3.800000000000000000e+01 5.500000000000000000e+01 2.895962507488333060e+00 1.460679550093388901e-01
3.500000000000000000e+01 5.300000000000000000e+01 2.368890205700783902e+00 1.502043923131073933e-01
4.400000000000000000e+01 5.900000000000000000e+01 2.504147313198461511e+00 1.484295332440997706e-01
4.300000000000000000e+01 5.800000000000000000e+01 2.623476532909267522e+00 1.619852886064183650e-01
4.200000000000000000e+01 5.800000000000000000e+01 2.727362027158289681e+00 1.896517673357956402e-01
4.400000000000000000e+01 6.100000000000000000e+01 2.902505638290706624e+00 1.676484716703328937e-01
4.200000000000000000e+01 6.000000000000000000e+01 2.816429708442587998e+00 1.836779633445269622e-01
3.700000000000000000e+01 5.500000000000000000e+01 2.055585246420743584e+00 1.614862834435182304e-01
3.500000000000000000e+01 5.100000000000000000e+01 1.852704298198132316e+00 1.271606234691725901e-01
3.600000000000000000e+01 5.000000000000000000e+01 1.362741453569288552e+00 1.122431188045496658e-01
3.600000000000000000e+01 5.000000000000000000e+01 1.281408807299373898e+00 1.056168537610750191e-01
3.400000000000000000e+01 5.200000000000000000e+01 9.384267201471160336e-01 1.240346778248482273e-01
3.400000000000000000e+01 5.100000000000000000e+01 1.117520308718812361e+00 1.293348210676981414e-01
3.400000000000000000e+01 5.200000000000000000e+01 1.319882811876437412e+00 1.393462439580982204e-01
3.500000000000000000e+01 5.000000000000000000e+01 1.546594352955002583e+00 1.401906630995346237e-01
3.600000000000000000e+01 5.000000000000000000e+01 1.559037566491895399e+00 1.426834720745620566e-01
3.400000000000000000e+01 4.700000000000000000e+01 1.140478380726076546e+00 1.331255458058583918e-01
3.700000000000000000e+01 4.500000000000000000e+01 1.354761473155759122e+00 1.065563357567773789e-01
3.700000000000000000e+01 4.300000000000000000e+01 1.595608460069209533e+00 9.666502460371093064e-02
3.700000000000000000e+01 4.300000000000000000e+01 1.864327182629179180e+00 8.688832194605355941e-02
3.500000000000000000e+01 4.300000000000000000e+01 1.661483619722224914e+00 1.019774750299059785e-01
3.500000000000000000e+01 4.500000000000000000e+01 1.943983102871226443e+00 1.056438286484078920e-01
3.300000000000000000e+01 4.600000000000000000e+01 1.822108345659707140e+00 1.132055950017355761e-01
3.200000000000000000e+01 4.300000000000000000e+01 1.663070014755807735e+00 9.913440323861025250e-02
3.500000000000000000e+01 4.700000000000000000e+01 1.729289054196157860e+00 9.030733874003889217e-02
3.400000000000000000e+01 4.800000000000000000e+01 1.541672529756283883e+00 9.549187347214208033e-02
3.400000000000000000e+01 4.800000000000000000e+01 1.818816527727363130e+00 8.408847638753895459e-02
3.300000000000000000e+01 4.800000000000000000e+01 1.648855089155889964e+00 9.898990655281726669e-02
3.300000000000000000e+01 4.800000000000000000e+01 1.943690975949427857e+00 1.024164260582818842e-01
3.300000000000000000e+01 4.900000000000000000e+01 2.268691213146073693e+00 1.083053646742742904e-01
3.300000000000000000e+01 5.100000000000000000e+01 2.622335273009337886e+00 1.272273805541967728e-01
3.200000000000000000e+01 5.200000000000000000e+01 2.785435948810458751e+00 1.489314351245867307e-01
2.600000000000000000e+01 4.900000000000000000e+01 1.865003079787902029e+00 1.422201664639668184e-01
2.500000000000000000e+01 4.900000000000000000e+01 1.654904569572466677e+00 1.296221292956785953e-01
2.600000000000000000e+01 5.000000000000000000e+01 1.637226855104776169e+00 1.373583784104923655e-01
2.500000000000000000e+01 4.500000000000000000e+01 1.378259493195769236e+00 1.073825617237421648e-01
2.600000000000000000e+01 4.200000000000000000e+01 1.594943889440078921e+00 8.300029875567457860e-02
2.400000000000000000e+01 4.200000000000000000e+01 1.307758590412019251e+00 9.729168272905611148e-02
3.400000000000000000e+01 4.700000000000000000e+01 1.520765690503062872e+00 9.822184399211787709e-02
3.400000000000000000e+01 4.600000000000000000e+01 1.317780165258721325e+00 9.239161989895394722e-02
3.200000000000000000e+01 4.700000000000000000e+01 8.269086619062998578e-01 1.082341170325680224e-01
3.300000000000000000e+01 4.600000000000000000e+01 9.831536290659016464e-01 9.003826039858661701e-02
3.400000000000000000e+01 4.600000000000000000e+01 1.158184641103111367e+00 9.168021527265007853e-02
3.400000000000000000e+01 4.400000000000000000e+01 1.351835588660861953e+00 8.311935032987974314e-02
3.500000000000000000e+01 4.300000000000000000e+01 1.564214539181319363e+00 8.563537233227906664e-02
3.300000000000000000e+01 4.600000000000000000e+01 1.121386428862690243e+00 1.008560125694239473e-01
3.600000000000000000e+01 4.800000000000000000e+01 1.086081422298269761e+00 1.063435216189811128e-01
3.700000000000000000e+01 5.200000000000000000e+01 8.289447502948925628e-01 1.110396080182054074e-01
3.600000000000000000e+01 5.100000000000000000e+01 7.390395026461806793e-01 1.180567754410264125e-01
3.900000000000000000e+01 5.300000000000000000e+01 8.853178217591819443e-01 1.140735310878249614e-01
3.900000000000000000e+01 5.600000000000000000e+01 1.050690064769034038e+00 1.218014191868987683e-01
3.900000000000000000e+01 5.400000000000000000e+01 1.236487813134345748e+00 1.215784985997907242e-01
3.900000000000000000e+01 5.300000000000000000e+01 1.443463399852891405e+00 1.196798503869233726e-01
4.000000000000000000e+01 5.200000000000000000e+01 1.672568152040343259e+00 1.278719694241843285e-01
3.600000000000000000e+01 5.100000000000000000e+01 1.034002970295030410e+00 1.283430463971242941e-01
3.500000000000000000e+01 5.000000000000000000e+01 1.003286290710946771e+00 1.134956088540754471e-01
3.500000000000000000e+01 5.000000000000000000e+01 9.320117438749434546e-01 1.100107250563750888e-01
3.600000000000000000e+01 4.800000000000000000e+01 1.129220488996256266e+00 1.005182435677198227e-01
3.600000000000000000e+01 4.700000000000000000e+01 1.358309151421227767e+00 9.135884652019042595e-02
3.800000000000000000e+01 5.000000000000000000e+01 1.361310697754459564e+00 9.690382939385061567e-02
4.100000000000000000e+01 5.700000000000000000e+01 1.641140987097792880e+00 9.145709381290434425e-02
4.200000000000000000e+01 5.600000000000000000e+01 1.959908272638082094e+00 9.529869102780214041e-02
4.500000000000000000e+01 5.500000000000000000e+01 2.319380876823214255e+00 9.978813159335714333e-02
4.400000000000000000e+01 5.400000000000000000e+01 2.501735704835249763e+00 1.065958110276229859e-01
4.300000000000000000e+01 5.200000000000000000e+01 2.701252959269078602e+00 1.023425187112466384e-01
4.200000000000000000e+01 5.100000000000000000e+01 2.894037564529255757e+00 1.062070283977423757e-01
4.100000000000000000e+01 5.100000000000000000e+01 3.122820774501774199e+00 1.108262693367481067e-01
4.000000000000000000e+01 5.100000000000000000e+01 3.318337178455442071e+00 1.300561439933052288e-01
3.500000000000000000e+01 5.300000000000000000e+01 2.482487703701709680e+00 1.313640563257043870e-01
3.500000000000000000e+01 5.400000000000000000e+01 1.930539709111329438e+00 1.295492365805358537e-01
3.300000000000000000e+01 5.200000000000000000e+01 1.748898327030612876e+00 1.255332626303539978e-01
3.100000000000000000e+01 5.200000000000000000e+01 1.526811460856240421e+00 1.348540906704775444e-01
3.000000000000000000e+01 5.200000000000000000e+01 1.569215081762555197e+00 1.276702187552797019e-01
3.200000000000000000e+01 5.600000000000000000e+01 1.831271301973071752e+00 1.359772715937001553e-01
3.700000000000000000e+01 5.900000000000000000e+01 2.117628375984450972e+00 1.455571652074688360e-01
3.600000000000000000e+01 5.800000000000000000e+01 1.969355308100860791e+00 1.597498289581991970e-01
3.600000000000000000e+01 5.600000000000000000e+01 1.819858170186546165e+00 1.533788673833124117e-01
3.200000000000000000e+01 5.500000000000000000e+01 1.188703917148576483e+00 1.545673007532536447e-01
3.500000000000000000e+01 5.600000000000000000e+01 1.117024612213123547e+00 1.560574201357712854e-01
3.300000000000000000e+01 5.400000000000000000e+01 8.700686300900738468e-01 1.415125156629591374e-01
3.400000000000000000e+01 4.900000000000000000e+01 1.033550230055580776e+00 1.039160240608980462e-01
3.300000000000000000e+01 4.800000000000000000e+01 9.575649449921043166e-01 1.095862461294364182e-01
3.300000000000000000e+01 4.600000000000000000e+01 1.144573878432604053e+00 1.019019878220764064e-01
3.300000000000000000e+01 4.500000000000000000e+01 1.356281923597056238e+00 1.037033915223507241e-01
3.300000000000000000e+01 4.600000000000000000e+01 1.354163362403963955e+00 1.218143227022190911e-01
3.300000000000000000e+01 4.400000000000000000e+01 1.594433548448006999e+00 1.200211824071478611e-01
3.200000000000000000e+01 4.400000000000000000e+01 1.643209826251507799e+00 1.284564529295876834e-01
3.100000000000000000e+01 4.300000000000000000e+01 1.694601420171965023e+00 1.380601147063602319e-01
3.100000000000000000e+01 4.200000000000000000e+01 1.964889181620573799e+00 1.472356625239528150e-01
3.100000000000000000e+01 4.100000000000000000e+01 1.825234124703021266e+00 1.489823037229952019e-01
2.900000000000000000e+01 3.900000000000000000e+01 1.424376739924448687e+00 1.193233004851410595e-01
3.100000000000000000e+01 3.800000000000000000e+01 1.436005819056559885e+00 8.888504138800421006e-02
3.000000000000000000e+01 3.600000000000000000e+01 1.231277120543133208e+00 7.422293199186068280e-02
3.000000000000000000e+01 3.600000000000000000e+01 9.179036296643366954e-01 8.725531230808160343e-02
3.300000000000000000e+01 4.300000000000000000e+01 1.109417990113949593e+00 8.477762731716965983e-02
3.700000000000000000e+01 4.500000000000000000e+01 1.329103060149835480e+00 9.992047559668118528e-02
3.800000000000000000e+01 4.500000000000000000e+01 1.577253591194552884e+00 1.068626095138837523e-01
4.000000000000000000e+01 4.600000000000000000e+01 1.855047980143669673e+00 1.253397272951415065e-01
4.000000000000000000e+01 4.300000000000000000e+01 2.161711165066708240e+00 1.149943004462639362e-01
3.800000000000000000e+01 4.000000000000000000e+01 2.062705084925494869e+00 1.013355490970065109e-01
3.800000000000000000e+01 4.000000000000000000e+01 2.118530242913144512e+00 1.065700415501803777e-01
3.900000000000000000e+01 4.400000000000000000e+01 2.177987961667009920e+00 1.143236280532834298e-01
4.100000000000000000e+01 4.300000000000000000e+01 2.218233257040004514e+00 1.228600864453775754e-01
4.200000000000000000e+01 4.000000000000000000e+01 2.542385764800865644e+00 9.942647848834955393e-02
4.000000000000000000e+01 3.500000000000000000e+01 2.452910503081352278e+00 6.008101266106517097e-02
3.600000000000000000e+01 3.600000000000000000e+01 1.813731068830717774e+00 7.040006965628345381e-02
3.400000000000000000e+01 3.500000000000000000e+01 1.559360747454052731e+00 6.834907153589268869e-02
3.300000000000000000e+01 3.500000000000000000e+01 1.255956891631003325e+00 7.986015875008622977e-02
3.400000000000000000e+01 3.600000000000000000e+01 1.232237973815048848e+00 4.793370588822697120e-02
3.300000000000000000e+01 3.400000000000000000e+01 1.182475967875696199e+00 3.195210081028783400e-02
3.100000000000000000e+01 3.600000000000000000e+01 8.917423822948027379e-01 3.816634096941124571e-02
3.100000000000000000e+01 4.000000000000000000e+01 7.749974605190437238e-01 4.557574621349221727e-02
3.900000000000000000e+01 4.800000000000000000e+01 9.471571672974153921e-01 5.446770222996136918e-02
3.900000000000000000e+01 4.800000000000000000e+01 1.146693320786419834e+00 6.448168752718669294e-02
4.000000000000000000e+01 4.800000000000000000e+01 1.160723561344120247e+00 7.614725277623911326e-02
4.000000000000000000e+01 4.700000000000000000e+01 1.402104128577348563e+00 7.760941779641515603e-02
4.000000000000000000e+01 4.700000000000000000e+01 1.678137241568063098e+00 8.105945754184501473e-02
4.000000000000000000e+01 4.800000000000000000e+01 1.989858484934134308e+00 9.563042212532908704e-02
4.200000000000000000e+01 4.800000000000000000e+01 2.337941395261106781e+00 1.124461077906084433e-01
4.300000000000000000e+01 4.900000000000000000e+01 2.287749175209705665e+00 1.318750277942641602e-01
4.400000000000000000e+01 4.700000000000000000e+01 2.660567055830912242e+00 1.210950697393976816e-01
4.200000000000000000e+01 4.500000000000000000e+01 2.609192916732100631e+00 1.206036865868088809e-01
4.100000000000000000e+01 4.400000000000000000e+01 2.782712754684184997e+00 1.150258256313475697e-01
4.200000000000000000e+01 4.600000000000000000e+01 2.701147126450903713e+00 1.345985010630519896e-01
4.000000000000000000e+01 4.200000000000000000e+01 2.362519776666340388e+00 1.148836943019781870e-01
3.900000000000000000e+01 4.000000000000000000e+01 1.982054759480109674e+00 1.008937954878010301e-01
4.000000000000000000e+01 4.000000000000000000e+01 2.037423721065724447e+00 7.964781374354636123e-02
4.000000000000000000e+01 4.300000000000000000e+01 1.855135579851024286e+00 6.731818865816897868e-02
4.000000000000000000e+01 4.500000000000000000e+01 1.608354265314332121e+00 7.950006978201572261e-02
4.000000000000000000e+01 4.500000000000000000e+01 1.581486302847092462e+00 9.351785308189572432e-02
4.400000000000000000e+01 4.800000000000000000e+01 1.842467993207636434e+00 9.939130909593459073e-02
4.100000000000000000e+01 4.700000000000000000e+01 1.455755553907296829e+00 1.059429729886401939e-01
4.100000000000000000e+01 4.800000000000000000e+01 1.268444776135464469e+00 9.991858648036086588e-02
3.900000000000000000e+01 5.000000000000000000e+01 1.041270549252311106e+00 1.033404101289169680e-01
4.200000000000000000e+01 5.800000000000000000e+01 1.255171697692403221e+00 1.057250167087829401e-01
4.200000000000000000e+01 5.900000000000000000e+01 1.498903048502665314e+00 1.102803263449021604e-01
4.300000000000000000e+01 6.100000000000000000e+01 1.774247230637201245e+00 1.174445177267257195e-01
4.200000000000000000e+01 6.200000000000000000e+01 1.864372557134249320e+00 1.376997317945816979e-01
4.100000000000000000e+01 6.100000000000000000e+01 1.964031155629391678e+00 1.294830669940804924e-01
4.100000000000000000e+01 6.400000000000000000e+01 2.050735128373234240e+00 1.393490552814769523e-01
4.100000000000000000e+01 6.200000000000000000e+01 2.385407773795337860e+00 1.381151251654866574e-01
4.200000000000000000e+01 6.200000000000000000e+01 2.534101833319104102e+00 1.384062748720581160e-01
4.100000000000000000e+01 5.900000000000000000e+01 2.256270650402082634e+00 8.452486962114851010e-02
4.200000000000000000e+01 5.700000000000000000e+01 2.351919551011396159e+00 4.880553890184347043e-02
3.900000000000000000e+01 5.700000000000000000e+01 1.953064674883105534e+00 5.793106407793414958e-02
3.800000000000000000e+01 5.700000000000000000e+01 1.735142167350727016e+00 6.860876972388166295e-02
3.700000000000000000e+01 5.900000000000000000e+01 1.723036411674593316e+00 8.116188201145321801e-02
3.700000000000000000e+01 5.800000000000000000e+01 2.027034567067419690e+00 8.358300581767415249e-02
3.700000000000000000e+01 5.700000000000000000e+01 2.147949226027552783e+00 8.654602316281592711e-02
3.600000000000000000e+01 5.700000000000000000e+01 2.040925638804260256e+00 9.178889462896774876e-02
3.600000000000000000e+01 5.600000000000000000e+01 2.139722279630324575e+00 9.794974454089487581e-02
3.600000000000000000e+01 5.800000000000000000e+01 2.227390176083840156e+00 1.158216458919773401e-01
3.500000000000000000e+01 5.900000000000000000e+01 2.325826221875899602e+00 1.365300061405804177e-01
3.600000000000000000e+01 5.700000000000000000e+01 2.479342307051269234e+00 1.378606732102188037e-01
3.400000000000000000e+01 5.700000000000000000e+01 2.379248676717776512e+00 1.620698106783455550e-01
3.200000000000000000e+01 5.600000000000000000e+01 2.308077663758160814e+00 1.761369587806653758e-01
3.300000000000000000e+01 5.600000000000000000e+01 2.175319744595352933e+00 1.853173559088105993e-01
3.300000000000000000e+01 5.600000000000000000e+01 2.045349383951679201e+00 1.819495195306727875e-01
3.200000000000000000e+01 5.700000000000000000e+01 1.916366767935599347e+00 1.748823308247897113e-01
3.200000000000000000e+01 5.900000000000000000e+01 1.720261521262660853e+00 1.926529319670676477e-01
2.900000000000000000e+01 5.800000000000000000e+01 1.327515240836546040e+00 1.986747933739297367e-01
2.800000000000000000e+01 5.600000000000000000e+01 1.298987839876471817e+00 2.038948259899990567e-01
3.200000000000000000e+01 5.700000000000000000e+01 1.290754153247430036e+00 2.030373152136204784e-01
3.100000000000000000e+01 5.600000000000000000e+01 1.256151940654534283e+00 2.101692136414175516e-01
2.900000000000000000e+01 5.400000000000000000e+01 8.069285107568493487e-01 1.870813187495948826e-01
3.000000000000000000e+01 5.000000000000000000e+01 9.608352373171492600e-01 1.568702126224705284e-01
3.000000000000000000e+01 5.100000000000000000e+01 1.134106304981075564e+00 1.339819001410952337e-01
3.400000000000000000e+01 4.900000000000000000e+01 1.328170047556145983e+00 1.176319687250388379e-01
3.400000000000000000e+01 4.700000000000000000e+01 1.541652186683362569e+00 1.108284473595605030e-01
3.300000000000000000e+01 5.000000000000000000e+01 1.275307234862431027e+00 1.085254557735302605e-01
3.500000000000000000e+01 5.000000000000000000e+01 1.485523904572832121e+00 1.006186267694739456e-01
3.600000000000000000e+01 5.600000000000000000e+01 1.715754583090977059e+00 8.291986184490839074e-02
3.400000000000000000e+01 5.500000000000000000e+01 1.509464588171977262e+00 7.597341954150367560e-02
3.300000000000000000e+01 5.700000000000000000e+01 1.256492834351372823e+00 6.646109471631227172e-02
3.700000000000000000e+01 5.500000000000000000e+01 1.458737255407388966e+00 5.198990111260795577e-02
3.600000000000000000e+01 5.900000000000000000e+01 1.181976624043464597e+00 6.164804503704168076e-02
3.700000000000000000e+01 5.800000000000000000e+01 1.101475661180223442e+00 6.219608586273973200e-02
4.000000000000000000e+01 6.400000000000000000e+01 1.307456654163708043e+00 6.169442812987206703e-02
3.900000000000000000e+01 6.400000000000000000e+01 1.321957214881263720e+00 7.305591578044084988e-02
4.100000000000000000e+01 6.600000000000000000e+01 1.341657558954879814e+00 8.640140303622817486e-02
4.200000000000000000e+01 6.500000000000000000e+01 1.583456783887646102e+00 8.973640769503174464e-02
4.000000000000000000e+01 6.600000000000000000e+01 1.397322073117088559e+00 1.058758648914537304e-01
4.300000000000000000e+01 6.800000000000000000e+01 1.652685590974007024e+00 1.021537417572459944e-01
4.200000000000000000e+01 7.300000000000000000e+01 1.720440257448497379e+00 1.068641460972161450e-01
4.300000000000000000e+01 7.500000000000000000e+01 1.774084767218649272e+00 1.262142383031758242e-01
4.300000000000000000e+01 7.600000000000000000e+01 2.074746798524591540e+00 1.486014139648913768e-01
4.000000000000000000e+01 7.700000000000000000e+01 1.754807537945773932e+00 1.744554079044109141e-01
4.000000000000000000e+01 7.500000000000000000e+01 2.048697214419572976e+00 1.606648018053790372e-01
3.900000000000000000e+01 7.300000000000000000e+01 1.916217026670786305e+00 1.638526294339564537e-01
3.600000000000000000e+01 7.300000000000000000e+01 1.529540977441165461e+00 1.694226369954592026e-01
4.300000000000000000e+01 7.400000000000000000e+01 1.803134834530179420e+00 1.620611434563155873e-01
4.400000000000000000e+01 7.600000000000000000e+01 2.106463261457196534e+00 1.742567955539114088e-01
4.400000000000000000e+01 7.600000000000000000e+01 1.790243393795421190e+00 1.779171015685781787e-01
4.200000000000000000e+01 7.600000000000000000e+01 1.609709021343415314e+00 1.964186446405040143e-01
4.200000000000000000e+01 7.500000000000000000e+01 1.894590074384437717e+00 1.829284232221039808e-01
4.400000000000000000e+01 7.500000000000000000e+01 2.212087313497880459e+00 1.759588697056586604e-01
4.900000000000000000e+01 7.700000000000000000e+01 2.301652119659000295e+00 1.750668612379401579e-01
4.600000000000000000e+01 7.600000000000000000e+01 1.967091589697138820e+00 1.931543709833603295e-01
4.600000000000000000e+01 7.400000000000000000e+01 2.294168560798706569e+00 2.001021064463666677e-01
4.700000000000000000e+01 7.100000000000000000e+01 2.393139151107153584e+00 2.025119624508151805e-01
4.700000000000000000e+01 7.200000000000000000e+01 2.264437645595645865e+00 2.141092876309942661e-01
4.600000000000000000e+01 6.700000000000000000e+01 2.362861608524156942e+00 1.851142475335636195e-01
4.500000000000000000e+01 6.400000000000000000e+01 2.493614736111724461e+00 1.759869018314896283e-01
4.500000000000000000e+01 6.200000000000000000e+01 2.373211995060690693e+00 1.706666831115520588e-01
4.300000000000000000e+01 6.000000000000000000e+01 2.305310656975189332e+00 1.713410817701375433e-01
4.100000000000000000e+01 5.700000000000000000e+01 2.199768583287440737e+00 1.632267558456623469e-01
4.100000000000000000e+01 5.700000000000000000e+01 2.317418676826731527e+00 1.628816015513575022e-01
3.800000000000000000e+01 5.300000000000000000e+01 1.917908581942895596e+00 1.483190735172152386e-01
3.800000000000000000e+01 5.100000000000000000e+01 1.980267640832822362e+00 1.454876825736070856e-01
3.600000000000000000e+01 4.900000000000000000e+01 1.809311710815896257e+00 1.458739314113128849e-01
3.400000000000000000e+01 4.900000000000000000e+01 1.645085589809131443e+00 1.549205757527331306e-01
3.400000000000000000e+01 4.700000000000000000e+01 1.922372741354836378e+00 1.568179155822043147e-01
3.200000000000000000e+01 4.600000000000000000e+01 1.730598965717809579e+00 1.623379337700161518e-01
3.400000000000000000e+01 4.500000000000000000e+01 1.788600049214464915e+00 1.460005289599518308e-01
3.200000000000000000e+01 4.300000000000000000e+01 1.618136170863134549e+00 1.358097905919496973e-01
3.100000000000000000e+01 4.100000000000000000e+01 1.676858652782049708e+00 1.323011240933216759e-01
3.200000000000000000e+01 3.900000000000000000e+01 1.987927586162860472e+00 1.283048721290412086e-01
3.500000000000000000e+01 3.800000000000000000e+01 2.334622297973513838e+00 1.238204082956077950e-01
3.500000000000000000e+01 3.700000000000000000e+01 2.715079839882542867e+00 1.329057290984610729e-01
4.200000000000000000e+01 4.500000000000000000e+01 2.890408597183847128e+00 1.453259384552488542e-01
4.100000000000000000e+01 4.900000000000000000e+01 2.661043028778939945e+00 1.367810558393628972e-01
4.200000000000000000e+01 4.900000000000000000e+01 2.347719967717211809e+00 1.369929703682924715e-01
4.100000000000000000e+01 5.100000000000000000e+01 1.947680877769943253e+00 1.371122902365265739e-01
4.000000000000000000e+01 4.900000000000000000e+01 2.004617656463189679e+00 1.315068412009897936e-01
4.000000000000000000e+01 4.800000000000000000e+01 2.300092752891280234e+00 1.145656031464271224e-01
3.800000000000000000e+01 4.700000000000000000e+01 2.115126367409771113e+00 1.107275179000948018e-01
4.000000000000000000e+01 5.500000000000000000e+01 1.320670656882235505e+00 9.272645647036562022e-02
3.900000000000000000e+01 5.500000000000000000e+01 1.274848285836817752e+00 6.994484994020287727e-02
3.900000000000000000e+01 5.700000000000000000e+01 1.178322526705561701e+00 6.791691148074641138e-02
4.000000000000000000e+01 5.700000000000000000e+01 1.142122324990058724e+00 6.358501547566100531e-02
3.900000000000000000e+01 5.600000000000000000e+01 1.076684227483976519e+00 5.354463431646715871e-02
3.900000000000000000e+01 5.500000000000000000e+01 1.005468992499632508e+00 5.084625456776929037e-02
3.800000000000000000e+01 5.600000000000000000e+01 9.071800482054750425e-01 5.996740703551391855e-02
3.700000000000000000e+01 5.600000000000000000e+01 8.506592143632847325e-01 5.670817588877710008e-02
3.600000000000000000e+01 6.200000000000000000e+01 7.708358039823974828e-01 6.723684900475693227e-02
3.800000000000000000e+01 6.200000000000000000e+01 9.322854159657677497e-01 6.540399790114694023e-02
3.900000000000000000e+01 6.000000000000000000e+01 1.120354423397446952e+00 5.632165215610770298e-02
3.900000000000000000e+01 6.300000000000000000e+01 1.098812830546350927e+00 6.718295765991751101e-02
3.800000000000000000e+01 6.300000000000000000e+01 1.109832543652123027e+00 7.979493389690359151e-02
3.900000000000000000e+01 6.300000000000000000e+01 1.351438632230115955e+00 9.455985659353283168e-02
3.900000000000000000e+01 6.200000000000000000e+01 1.631478198870245810e+00 1.012891144958786710e-01
4.400000000000000000e+01 6.500000000000000000e+01 1.953630432821354512e+00 1.198919409877750863e-01
4.400000000000000000e+01 6.400000000000000000e+01 2.317784071741561203e+00 1.308781148245622694e-01
4.300000000000000000e+01 6.200000000000000000e+01 2.508617920506349019e+00 1.331860515108871101e-01
4.300000000000000000e+01 6.100000000000000000e+01 2.698532847739015583e+00 1.449035643658621308e-01
4.200000000000000000e+01 6.400000000000000000e+01 2.886635913335096060e+00 1.708274072895145657e-01
4.300000000000000000e+01 6.400000000000000000e+01 3.355857699527996285e+00 1.868571499895040899e-01
4.100000000000000000e+01 6.500000000000000000e+01 3.407756431973534728e+00 2.088329285845304528e-01
4.100000000000000000e+01 6.500000000000000000e+01 3.668031303912607122e+00 2.444568165745384103e-01
3.800000000000000000e+01 5.900000000000000000e+01 3.482004345821696933e+00 2.222330018559505738e-01
3.600000000000000000e+01 5.800000000000000000e+01 3.474606176930756796e+00 1.812634931805348626e-01
3.200000000000000000e+01 5.600000000000000000e+01 2.730482787874396244e+00 1.772223119620715825e-01
3.000000000000000000e+01 5.200000000000000000e+01 2.354968245204037025e+00 1.601331229021556446e-01
3.500000000000000000e+01 5.900000000000000000e+01 1.871042753722890639e+00 1.876631773560135108e-01
3.800000000000000000e+01 6.200000000000000000e+01 1.843577268104864997e+00 1.947295635267269065e-01
3.800000000000000000e+01 6.200000000000000000e+01 2.119530095958102933e+00 2.005335075755876606e-01
3.500000000000000000e+01 5.500000000000000000e+01 1.764244007540691328e+00 1.563237811311410097e-01
3.600000000000000000e+01 5.800000000000000000e+01 1.533034709265170381e+00 1.354787956043615738e-01
3.600000000000000000e+01 5.900000000000000000e+01 1.491631354138245769e+00 1.110193195309007314e-01
3.500000000000000000e+01 6.100000000000000000e+01 1.207520010804556065e+00 1.037228223296294827e-01
3.700000000000000000e+01 6.500000000000000000e+01 1.159299061216622073e+00 9.294160343531589208e-02
3.500000000000000000e+01 6.600000000000000000e+01 8.469107680221004131e-01 1.089378053136274282e-01
3.500000000000000000e+01 6.500000000000000000e+01 1.011175460607171228e+00 1.114649906798848150e-01
3.600000000000000000e+01 6.400000000000000000e+01 1.197049328586022865e+00 1.181645120135247640e-01
3.700000000000000000e+01 6.400000000000000000e+01 1.404966856735265557e+00 9.448496148797035088e-02
4.000000000000000000e+01 7.100000000000000000e+01 1.418914968099004970e+00 8.678532562044422027e-02
3.900000000000000000e+01 7.100000000000000000e+01 1.409987516116886219e+00 8.792020760764630849e-02
3.900000000000000000e+01 6.800000000000000000e+01 1.640783289390778776e+00 6.830573442122613026e-02
3.800000000000000000e+01 6.700000000000000000e+01 1.633310517104047177e+00 6.864835153897425046e-02
3.800000000000000000e+01 6.800000000000000000e+01 1.627895012611410230e+00 8.139145489378796228e-02
3.700000000000000000e+01 6.900000000000000000e+01 1.647318936973532155e+00 9.626609851285440611e-02
3.800000000000000000e+01 7.000000000000000000e+01 1.259687049024832639e+00 1.031216766589483358e-01
3.700000000000000000e+01 6.900000000000000000e+01 1.243272203105894924e+00 1.094895129164017156e-01
3.800000000000000000e+01 6.800000000000000000e+01 1.473231399509884243e+00 1.152714730061823595e-01
4.000000000000000000e+01 6.900000000000000000e+01 1.452127270379219182e+00 1.361141088750801587e-01
3.900000000000000000e+01 6.800000000000000000e+01 1.486724357265114982e+00 1.497454826407607353e-01
4.000000000000000000e+01 6.600000000000000000e+01 1.774482519305641492e+00 1.534744501956938068e-01
4.000000000000000000e+01 6.400000000000000000e+01 2.099346333131418163e+00 1.561431500351243007e-01
3.800000000000000000e+01 6.400000000000000000e+01 1.983598884419375485e+00 1.837704397045294979e-01
4.400000000000000000e+01 6.600000000000000000e+01 2.340988578799494402e+00 2.019760900069471898e-01
4.500000000000000000e+01 6.500000000000000000e+01 2.734771204857614268e+00 2.053281900448459818e-01
4.500000000000000000e+01 6.200000000000000000e+01 3.163905041795743056e+00 2.058196604129987062e-01
4.400000000000000000e+01 6.300000000000000000e+01 3.409068124608335637e+00 2.272622029672932142e-01
4.000000000000000000e+01 6.000000000000000000e+01 2.966366118240428840e+00 2.236824917334913065e-01
3.900000000000000000e+01 5.800000000000000000e+01 2.484190521862099654e+00 2.041090355747122720e-01
3.900000000000000000e+01 6.100000000000000000e+01 2.304492271948703763e+00 2.041326798082087057e-01
3.900000000000000000e+01 6.100000000000000000e+01 2.344063538422560100e+00 2.125339940666101657e-01
3.600000000000000000e+01 6.100000000000000000e+01 1.930608253487963610e+00 2.165171359135909246e-01
3.400000000000000000e+01 5.700000000000000000e+01 1.691998568140898884e+00 2.068630471777013480e-01
3.600000000000000000e+01 5.300000000000000000e+01 1.738208632386554209e+00 1.797774399098926723e-01
3.400000000000000000e+01 4.900000000000000000e+01 1.501901445654654887e+00 1.517024080693937238e-01
3.600000000000000000e+01 4.600000000000000000e+01 1.745820842398025929e+00 1.245112662654760810e-01
3.500000000000000000e+01 4.700000000000000000e+01 1.751860958132076318e+00 1.295425547161278002e-01
3.300000000000000000e+01 4.800000000000000000e+01 1.521537069499816486e+00 1.510641186462954311e-01
3.200000000000000000e+01 4.800000000000000000e+01 1.555253495862831903e+00 1.493202737556343362e-01
2.900000000000000000e+01 4.400000000000000000e+01 9.410325162259887133e-01 1.281291185173080438e-01
2.900000000000000000e+01 3.900000000000000000e+01 1.130541241489008364e+00 8.796612851469726158e-02
3.000000000000000000e+01 3.700000000000000000e+01 1.346376188693503728e+00 7.454132148138296887e-02
3.100000000000000000e+01 3.800000000000000000e+01 1.589203598266949902e+00 7.113955656922532622e-02
3.100000000000000000e+01 3.600000000000000000e+01 1.859167306416776189e+00 5.460704350510767885e-02
3.100000000000000000e+01 3.600000000000000000e+01 1.917214014219627893e+00 6.427924935290464659e-02
2.800000000000000000e+01 3.500000000000000000e+01 1.567939118940790300e+00 6.338535744173877384e-02
2.700000000000000000e+01 3.400000000000000000e+01 1.589383101144282717e+00 6.243566196091274167e-02
3.400000000000000000e+01 3.500000000000000000e+01 1.855097204000341060e+00 5.978944239179122266e-02
3.100000000000000000e+01 3.500000000000000000e+01 1.471927791670244456e+00 7.070291641713556674e-02
3.300000000000000000e+01 3.600000000000000000e+01 1.720374998081354301e+00 7.141594270042675441e-02
3.300000000000000000e+01 3.600000000000000000e+01 1.731705074001915978e+00 8.438636838142259122e-02
3.200000000000000000e+01 3.700000000000000000e+01 1.766950250433945158e+00 9.949200803285476735e-02
3.400000000000000000e+01 3.800000000000000000e+01 2.042869062054308404e+00 1.169589329248817838e-01
3.300000000000000000e+01 3.700000000000000000e+01 1.690059941560640322e+00 1.160723129484609595e-01
3.400000000000000000e+01 3.600000000000000000e+01 1.702556011136706182e+00 1.029413066208610533e-01
3.500000000000000000e+01 4.100000000000000000e+01 1.451213821294094819e+00 1.210246139542075772e-01
3.500000000000000000e+01 4.200000000000000000e+01 1.392329926169379561e+00 1.311552994908271041e-01
3.600000000000000000e+01 4.200000000000000000e+01 1.614422089880047428e+00 1.410327494002429904e-01
3.700000000000000000e+01 4.300000000000000000e+01 1.638621209432098214e+00 1.313597095261709036e-01
3.500000000000000000e+01 4.100000000000000000e+01 1.179653166837859812e+00 1.213870938342340167e-01
3.600000000000000000e+01 4.000000000000000000e+01 1.127704440122757834e+00 1.047014772078403710e-01
3.500000000000000000e+01 3.700000000000000000e+01 1.070788106839815734e+00 8.682799593672817229e-02
3.900000000000000000e+01 3.800000000000000000e+01 1.249967551951770783e+00 7.323163802504076281e-02
3.900000000000000000e+01 3.700000000000000000e+01 1.230680547821054072e+00 5.915239768147315808e-02
4.200000000000000000e+01 3.800000000000000000e+01 1.187079775967375683e+00 5.889125461315713322e-02
4.000000000000000000e+01 3.800000000000000000e+01 9.023087020209638043e-01 6.895989339528123263e-02
4.200000000000000000e+01 3.700000000000000000e+01 1.074752878660420796e+00 5.797373449600085743e-02
4.200000000000000000e+01 3.600000000000000000e+01 1.010507959441174330e+00 5.732260616535828079e-02
4.300000000000000000e+01 3.500000000000000000e+01 1.212929918266329787e+00 4.274105454190470915e-02
4.300000000000000000e+01 3.600000000000000000e+01 1.444600135329245028e+00 3.836708771363966930e-02
5.000000000000000000e+01 4.200000000000000000e+01 1.469944677491773932e+00 4.573576962510184085e-02
5.100000000000000000e+01 4.300000000000000000e+01 1.527503183896955496e+00 5.409772384158453157e-02
5.100000000000000000e+01 4.800000000000000000e+01 1.597170723054263108e+00 5.357227257440697749e-02
5.100000000000000000e+01 4.700000000000000000e+01 1.897074408997533101e+00 5.119421239485453384e-02
5.300000000000000000e+01 5.200000000000000000e+01 2.017387765275876266e+00 6.095654594021345657e-02
5.300000000000000000e+01 5.200000000000000000e+01 2.369180876053030627e+00 7.212115931639279109e-02
5.600000000000000000e+01 5.500000000000000000e+01 2.759143482153306959e+00 8.526407958692915068e-02
5.400000000000000000e+01 5.600000000000000000e+01 2.535229245965828770e+00 7.951528031364080151e-02
5.600000000000000000e+01 5.700000000000000000e+01 2.454023912351726899e+00 9.388593668354527910e-02
5.500000000000000000e+01 5.600000000000000000e+01 2.364679924967048485e+00 9.999932781606227228e-02
5.500000000000000000e+01 6.000000000000000000e+01 2.463705017094251382e+00 1.057727297146100476e-01
5.500000000000000000e+01 5.900000000000000000e+01 2.600995930620698005e+00 1.138738129247451047e-01
5.400000000000000000e+01 6.400000000000000000e+01 2.537982147955865742e+00 1.339840906692272016e-01
5.200000000000000000e+01 6.400000000000000000e+01 2.491475446935727867e+00 1.464429136036136669e-01
5.100000000000000000e+01 6.400000000000000000e+01 2.678614823033520054e+00 1.468867105878395585e-01
5.000000000000000000e+01 6.100000000000000000e+01 2.382109578237468828e+00 1.400823296608518231e-01
5.300000000000000000e+01 6.900000000000000000e+01 2.320530512581774563e+00 1.381212601488152614e-01
5.200000000000000000e+01 6.900000000000000000e+01 2.448441846649245690e+00 1.388233113368577687e-01
5.500000000000000000e+01 7.100000000000000000e+01 2.618160354618059849e+00 1.150030396474595179e-01
5.400000000000000000e+01 7.300000000000000000e+01 2.589525183371609973e+00 1.189937701496098094e-01
5.300000000000000000e+01 7.000000000000000000e+01 2.796863360162618939e+00 1.029846355256414381e-01
5.200000000000000000e+01 7.000000000000000000e+01 2.957178478096173624e+00 1.090993910509814452e-01
5.500000000000000000e+01 7.200000000000000000e+01 3.159888463538897518e+00 9.704815958994961189e-02
5.800000000000000000e+01 7.600000000000000000e+01 2.948258795697390244e+00 1.147192584938994397e-01
5.500000000000000000e+01 7.400000000000000000e+01 2.709556560868752850e+00 1.124477508072904974e-01
5.400000000000000000e+01 7.500000000000000000e+01 2.617620403673059926e+00 1.326228671754491606e-01
5.500000000000000000e+01 7.300000000000000000e+01 2.827717191752629144e+00 1.316009719287407065e-01
5.300000000000000000e+01 7.300000000000000000e+01 2.771808778055938394e+00 1.549659938989073338e-01
5.200000000000000000e+01 7.400000000000000000e+01 2.732840227751410112e+00 1.820064270808829376e-01
5.200000000000000000e+01 7.200000000000000000e+01 3.165792109399229837e+00 1.904890840192056123e-01
4.800000000000000000e+01 7.000000000000000000e+01 2.333938577631654354e+00 2.001509742382792389e-01
4.600000000000000000e+01 6.900000000000000000e+01 2.248106037551159897e+00 1.975422920779497382e-01
4.900000000000000000e+01 6.600000000000000000e+01 2.369348490007775698e+00 1.714805376574113360e-01
4.700000000000000000e+01 6.800000000000000000e+01 2.218479209391924112e+00 1.886029278857662972e-01
4.600000000000000000e+01 6.300000000000000000e+01 2.363427603165163315e+00 1.590107456766429173e-01
4.500000000000000000e+01 6.300000000000000000e+01 2.497902960692779839e+00 1.584104642127623364e-01
4.500000000000000000e+01 6.300000000000000000e+01 2.449795182457350062e+00 1.614419994861512608e-01
4.300000000000000000e+01 6.100000000000000000e+01 2.324375247035504355e+00 1.666674008160556053e-01
4.100000000000000000e+01 6.400000000000000000e+01 2.038468715217107707e+00 1.695815900392438069e-01
4.200000000000000000e+01 6.700000000000000000e+01 1.871419479766334826e+00 1.868344175755644876e-01
4.200000000000000000e+01 6.300000000000000000e+01 2.195597294217479512e+00 1.712625384280879459e-01
4.000000000000000000e+01 6.200000000000000000e+01 2.056322497430512097e+00 1.885851160879894739e-01
4.100000000000000000e+01 5.800000000000000000e+01 2.410846301098027222e+00 1.752022808963020484e-01
4.000000000000000000e+01 5.700000000000000000e+01 2.519886033461786301e+00 1.825182897918637415e-01
4.000000000000000000e+01 5.700000000000000000e+01 2.928118442568645730e+00 1.891049921913393883e-01
4.000000000000000000e+01 5.900000000000000000e+01 2.873513123528333768e+00 2.209020270340082692e-01
4.000000000000000000e+01 5.600000000000000000e+01 2.659856710123590595e+00 1.908741163833875265e-01
4.200000000000000000e+01 5.600000000000000000e+01 2.563203608573210168e+00 1.875701722674905092e-01
4.000000000000000000e+01 5.100000000000000000e+01 2.303479585051724232e+00 1.571526428074257187e-01
3.900000000000000000e+01 4.600000000000000000e+01 2.418378968984649990e+00 1.217499837521642536e-01
4.200000000000000000e+01 4.600000000000000000e+01 2.236810666195790276e+00 1.280943904103051256e-01
4.200000000000000000e+01 4.400000000000000000e+01 2.582261496483052365e+00 1.227910729776340165e-01
4.000000000000000000e+01 4.100000000000000000e+01 2.519772957180890227e+00 1.061225970276982455e-01
3.500000000000000000e+01 3.800000000000000000e+01 1.763052391648028294e+00 8.901586269653215255e-02
3.400000000000000000e+01 4.200000000000000000e+01 1.523166480921527288e+00 8.004324671082507781e-02
3.300000000000000000e+01 4.000000000000000000e+01 1.499492126047135887e+00 6.731902654403160158e-02
3.200000000000000000e+01 3.900000000000000000e+01 1.519901467845258480e+00 6.336018081404737323e-02
3.300000000000000000e+01 3.900000000000000000e+01 1.495533618199715420e+00 7.487327453622014128e-02
3.200000000000000000e+01 4.000000000000000000e+01 1.253793593265749351e+00 8.829394529029700733e-02
3.200000000000000000e+01 3.900000000000000000e+01 1.468056084458437827e+00 9.169527497034334063e-02
3.300000000000000000e+01 3.900000000000000000e+01 1.488125919438009426e+00 1.077737754871963410e-01
3.300000000000000000e+01 3.900000000000000000e+01 1.485839114741469125e+00 1.158441762859951513e-01
3.300000000000000000e+01 3.700000000000000000e+01 1.289548415118245694e+00 1.129377906907776258e-01
3.200000000000000000e+01 3.900000000000000000e+01 1.266003169925550731e+00 1.097246680014856701e-01
3.100000000000000000e+01 4.000000000000000000e+01 1.221964587397742941e+00 1.163741658875862006e-01
3.300000000000000000e+01 4.100000000000000000e+01 1.443048961096034200e+00 1.117612276081029754e-01
3.100000000000000000e+01 4.000000000000000000e+01 1.256247271030735746e+00 1.185379715610479084e-01
3.500000000000000000e+01 3.900000000000000000e+01 1.486690757554014697e+00 1.262380235304123022e-01
3.800000000000000000e+01 4.000000000000000000e+01 1.528281166571234140e+00 1.123819637621665118e-01
4.100000000000000000e+01 4.500000000000000000e+01 1.576295474292975118e+00 8.622767327337471643e-02
4.000000000000000000e+01 4.600000000000000000e+01 1.368829858016578971e+00 8.701992260137367263e-02
4.100000000000000000e+01 5.000000000000000000e+01 1.624807193183631426e+00 8.811652836507301301e-02
4.500000000000000000e+01 5.200000000000000000e+01 1.911081014931423239e+00 8.738592799219382923e-02
4.400000000000000000e+01 5.200000000000000000e+01 1.986483892711692345e+00 1.023239807227716291e-01
4.400000000000000000e+01 5.100000000000000000e+01 2.306910246942190046e+00 9.690794101085714596e-02
4.300000000000000000e+01 4.900000000000000000e+01 2.436840141179866137e+00 9.051760112059904773e-02
4.300000000000000000e+01 4.500000000000000000e+01 2.785841241818426628e+00 6.206352769803383934e-02
4.300000000000000000e+01 4.500000000000000000e+01 2.440087671300573469e+00 4.147005388393009556e-02
4.200000000000000000e+01 4.600000000000000000e+01 2.026085190402196368e+00 4.918944695068654810e-02
4.300000000000000000e+01 5.400000000000000000e+01 1.783931651128864981e+00 5.854494381096478350e-02
4.100000000000000000e+01 5.300000000000000000e+01 1.324256300265610919e+00 5.855013016846934842e-02
4.000000000000000000e+01 5.400000000000000000e+01 1.059152880574469657e+00 6.919674349925415691e-02
4.000000000000000000e+01 5.400000000000000000e+01 9.906258870502445690e-01 8.151275430958991597e-02
4.200000000000000000e+01 5.500000000000000000e+01 1.188029296755338526e+00 9.581237986112210725e-02
4.100000000000000000e+01 5.300000000000000000e+01 1.196554804077190726e+00 8.080134483243078813e-02
4.100000000000000000e+01 5.100000000000000000e+01 1.430017019102385101e+00 7.079370526264527896e-02
4.100000000000000000e+01 5.000000000000000000e+01 1.695614413816065147e+00 6.977489384316770682e-02
4.200000000000000000e+01 5.200000000000000000e+01 1.778459796640406321e+00 8.282844201832047226e-02
4.000000000000000000e+01 5.400000000000000000e+01 1.634481430972126503e+00 9.807259339649544716e-02
4.000000000000000000e+01 5.400000000000000000e+01 1.938592980521637310e+00 1.036850578688523206e-01
3.900000000000000000e+01 5.400000000000000000e+01 2.063401700486368284e+00 1.223872489815733267e-01
4.300000000000000000e+01 5.400000000000000000e+01 2.182997388063955491e+00 1.336183484806683086e-01
4.100000000000000000e+01 5.500000000000000000e+01 2.101290976113320053e+00 1.571321217728280650e-01
4.300000000000000000e+01 5.300000000000000000e+01 2.231377277808440862e+00 1.631804561788975094e-01
4.400000000000000000e+01 5.500000000000000000e+01 2.616679821676618278e+00 1.686712633481900481e-01
4.700000000000000000e+01 5.300000000000000000e+01 2.823171571250486789e+00 1.625129428588446279e-01
5.300000000000000000e+01 5.500000000000000000e+01 3.260564565509873614e+00 1.644461487522438647e-01
5.300000000000000000e+01 5.700000000000000000e+01 3.035537567135907278e+00 1.925196092884009225e-01
5.600000000000000000e+01 5.500000000000000000e+01 3.231098524256977633e+00 1.826342097911996532e-01
5.200000000000000000e+01 5.200000000000000000e+01 2.714593124538929647e+00 1.603742874702962506e-01
4.900000000000000000e+01 4.900000000000000000e+01 2.375445304270259239e+00 1.505140464937736455e-01
4.700000000000000000e+01 4.500000000000000000e+01 2.169195337880544638e+00 1.316290936604793127e-01
4.600000000000000000e+01 4.700000000000000000e+01 1.773838967272139078e+00 1.065607646194448865e-01
4.700000000000000000e+01 4.500000000000000000e+01 1.816833869186633921e+00 9.249516728392291609e-02
4.700000000000000000e+01 4.900000000000000000e+01 1.820544693243278944e+00 9.479501197651177269e-02
4.700000000000000000e+01 5.000000000000000000e+01 1.830169929969467590e+00 1.111810649242853249e-01
4.900000000000000000e+01 4.900000000000000000e+01 2.129375892012359106e+00 1.161025180425188374e-01
4.900000000000000000e+01 4.900000000000000000e+01 2.239082517040656306e+00 1.146871432075238367e-01
4.700000000000000000e+01 4.900000000000000000e+01 1.874964012896941812e+00 1.337790315202978531e-01
4.600000000000000000e+01 4.400000000000000000e+01 1.732678697333538187e+00 9.811735311558655859e-02
4.600000000000000000e+01 4.400000000000000000e+01 1.507056177143797582e+00 9.028259421263817863e-02
4.700000000000000000e+01 4.300000000000000000e+01 1.550655102971784771e+00 7.764339000810691060e-02
4.700000000000000000e+01 4.500000000000000000e+01 1.820546602851380369e+00 6.319794413413333534e-02
4.500000000000000000e+01 4.500000000000000000e+01 1.624808628846041714e+00 6.405503244357520221e-02
4.500000000000000000e+01 4.400000000000000000e+01 1.661340030454752537e+00 6.508382096977691211e-02
4.500000000000000000e+01 4.400000000000000000e+01 1.716310529845564758e+00 7.687267914188372631e-02
4.500000000000000000e+01 4.400000000000000000e+01 2.053880231517884347e+00 9.055870556650152947e-02
4.500000000000000000e+01 4.300000000000000000e+01 2.220199049701939487e+00 9.588780767463805921e-02
4.800000000000000000e+01 4.900000000000000000e+01 2.628355384499012182e+00 9.036056513765321208e-02
4.800000000000000000e+01 4.900000000000000000e+01 2.821972738219409749e+00 9.582079909630748793e-02
4.800000000000000000e+01 4.800000000000000000e+01 3.301734095518999101e+00 9.877307468546191183e-02
4.600000000000000000e+01 4.900000000000000000e+01 3.176227667839456092e+00 1.162274193455650195e-01
4.700000000000000000e+01 4.900000000000000000e+01 3.438394876763695152e+00 1.242813185595765257e-01
4.400000000000000000e+01 4.900000000000000000e+01 3.261759028224618273e+00 1.455965987837243569e-01
4.400000000000000000e+01 4.700000000000000000e+01 3.750704557834750652e+00 1.247972313268460726e-01
4.200000000000000000e+01 4.600000000000000000e+01 3.794753528101190376e+00 1.234936953803821291e-01
3.700000000000000000e+01 4.400000000000000000e+01 3.151192709474674558e+00 1.234571613800561768e-01
3.200000000000000000e+01 4.300000000000000000e+01 2.400888706572696041e+00 1.321974253371829555e-01
2.900000000000000000e+01 4.100000000000000000e+01 1.760243677720801259e+00 1.316454004817086132e-01
3.000000000000000000e+01 3.900000000000000000e+01 2.034736072363854564e+00 1.013159855593294967e-01
2.800000000000000000e+01 3.900000000000000000e+01 1.789246214074829311e+00 1.186906636478758242e-01
2.700000000000000000e+01 3.900000000000000000e+01 1.786494846519858459e+00 1.386057297785954212e-01
2.700000000000000000e+01 3.500000000000000000e+01 1.853388816542516970e+00 1.140516150444112198e-01
2.600000000000000000e+01 3.300000000000000000e+01 1.921810801621484099e+00 1.088247303334035632e-01
2.600000000000000000e+01 3.100000000000000000e+01 1.707395972411358098e+00 9.541469100435878703e-02
2.900000000000000000e+01 3.200000000000000000e+01 1.732704724529501306e+00 8.509514925485113512e-02
2.700000000000000000e+01 3.100000000000000000e+01 1.539523863828348160e+00 8.558954459224643596e-02
2.900000000000000000e+01 3.100000000000000000e+01 1.779002830158380899e+00 6.339822492974428458e-02
2.700000000000000000e+01 3.200000000000000000e+01 1.559509145988472456e+00 7.469527836501052565e-02
2.600000000000000000e+01 3.300000000000000000e+01 1.531688466139446980e+00 8.774371131342727226e-02
2.300000000000000000e+01 3.400000000000000000e+01 1.088604256449742236e+00 1.027511505045468343e-01
2.300000000000000000e+01 3.300000000000000000e+01 1.053077995832387481e+00 9.735769097185832666e-02
2.300000000000000000e+01 3.000000000000000000e+01 1.229626904232037576e+00 7.872346607133544338e-02
2.500000000000000000e+01 3.200000000000000000e+01 1.162616101729341933e+00 8.014808980475694733e-02
2.400000000000000000e+01 3.200000000000000000e+01 1.134497096146803941e+00 7.991372179644773421e-02
2.400000000000000000e+01 3.100000000000000000e+01 1.317327794574796984e+00 7.963755855448516330e-02
2.900000000000000000e+01 3.600000000000000000e+01 1.277594968564640832e+00 9.344814708682989968e-02
2.800000000000000000e+01 3.600000000000000000e+01 1.251614472382222898e+00 1.090165200711339238e-01
3.000000000000000000e+01 3.500000000000000000e+01 1.001066036714307605e+00 8.489417788537030607e-02
3.000000000000000000e+01 3.200000000000000000e+01 1.152383528166216919e+00 5.200743266693558242e-02
3.200000000000000000e+01 3.400000000000000000e+01 1.078102454305601254e+00 4.712319681668070137e-02
3.300000000000000000e+01 3.400000000000000000e+01 9.512056997720835794e-01 4.483809836014972933e-02
3.400000000000000000e+01 3.400000000000000000e+01 6.444390797227332879e-01 5.265826937368020544e-02
3.800000000000000000e+01 3.800000000000000000e+01 7.654268703328424017e-01 4.983453049141515351e-02
3.900000000000000000e+01 4.000000000000000000e+01 6.419550436026981721e-01 4.811319638049682545e-02
3.900000000000000000e+01 3.900000000000000000e+01 7.765602272031237874e-01 4.441625126458521866e-02
4.400000000000000000e+01 4.700000000000000000e+01 9.329373701926160223e-01 4.068579436526834764e-02
4.400000000000000000e+01 4.800000000000000000e+01 1.110663237136177317e+00 4.822393807274628907e-02
4.300000000000000000e+01 4.800000000000000000e+01 1.094760859478360437e+00 5.696468535418582058e-02
4.400000000000000000e+01 4.900000000000000000e+01 1.081265919740734383e+00 5.671990125740132560e-02
4.400000000000000000e+01 4.800000000000000000e+01 1.287356816865516729e+00 5.484146079934894974e-02
4.500000000000000000e+01 5.000000000000000000e+01 1.519936815155932930e+00 6.501402055774481437e-02
4.600000000000000000e+01 5.000000000000000000e+01 1.562985253973707689e+00 7.676565313075156549e-02
4.600000000000000000e+01 5.000000000000000000e+01 1.828281141695525580e+00 9.040078797724088178e-02
4.500000000000000000e+01 5.000000000000000000e+01 1.905347988923633995e+00 9.571097134212493140e-02
4.100000000000000000e+01 5.000000000000000000e+01 1.316458810347473474e+00 1.122858123002007935e-01
4.100000000000000000e+01 4.800000000000000000e+01 1.559443911043195685e+00 1.071853745438935274e-01
3.800000000000000000e+01 4.800000000000000000e+01 1.140156328579548850e+00 1.150387999073407830e-01
3.900000000000000000e+01 5.000000000000000000e+01 1.385566073936768783e+00 1.067984045475958849e-01
4.000000000000000000e+01 5.100000000000000000e+01 1.669632980213958229e+00 1.009825464584336030e-01
4.300000000000000000e+01 5.700000000000000000e+01 1.995238731138262445e+00 1.051017434998914868e-01
4.400000000000000000e+01 5.900000000000000000e+01 2.363470799530972943e+00 1.011334627750826998e-01
4.400000000000000000e+01 6.300000000000000000e+01 2.536418919552865692e+00 1.192555448425754311e-01
4.300000000000000000e+01 6.400000000000000000e+01 2.320072323276502146e+00 1.400505611938545059e-01
4.400000000000000000e+01 6.200000000000000000e+01 2.731568213252947075e+00 1.397701965151234849e-01
4.400000000000000000e+01 6.100000000000000000e+01 3.186144149809380544e+00 1.497704213909583637e-01
5.000000000000000000e+01 6.500000000000000000e+01 3.033462066466920959e+00 1.406450480796889446e-01
5.500000000000000000e+01 7.300000000000000000e+01 3.503661446223755860e+00 1.289352824117792617e-01
5.100000000000000000e+01 7.200000000000000000e+01 3.052850462021536426e+00 1.407493421387399080e-01
4.900000000000000000e+01 7.600000000000000000e+01 2.742770976537500349e+00 1.650019176493909001e-01
4.900000000000000000e+01 7.400000000000000000e+01 2.943267504451339889e+00 1.457926105896197866e-01
4.700000000000000000e+01 7.600000000000000000e+01 2.694434381465771633e+00 1.548142442150420295e-01
4.800000000000000000e+01 7.500000000000000000e+01 2.861250909741460902e+00 1.550354139035520773e-01
4.700000000000000000e+01 7.300000000000000000e+01 2.723484294952850160e+00 1.392434486601601962e-01
4.200000000000000000e+01 7.200000000000000000e+01 1.911260352386102479e+00 1.522609358925247625e-01
4.100000000000000000e+01 7.400000000000000000e+01 1.658961384047317189e+00 1.656331893357726737e-01
4.000000000000000000e+01 7.100000000000000000e+01 1.254567100588170891e+00 1.350631604705203881e-01
4.200000000000000000e+01 6.700000000000000000e+01 1.454004517681848574e+00 9.497195146031818525e-02
4.000000000000000000e+01 6.700000000000000000e+01 1.150647687794276175e+00 1.115071261898930716e-01
4.100000000000000000e+01 6.800000000000000000e+01 1.131637970028657847e+00 1.044448694053364962e-01
4.100000000000000000e+01 6.700000000000000000e+01 1.330916125973695907e+00 9.273297702123832476e-02
4.000000000000000000e+01 6.600000000000000000e+01 1.294735790233570771e+00 9.920067407933433334e-02
3.900000000000000000e+01 6.700000000000000000e+01 1.070400279520837827e+00 1.174242842891162486e-01
4.400000000000000000e+01 6.900000000000000000e+01 1.289918234543878883e+00 1.249070018727661685e-01
4.600000000000000000e+01 7.000000000000000000e+01 1.282150254778102960e+00 1.476044161150797396e-01
4.800000000000000000e+01 7.400000000000000000e+01 1.551193936737677248e+00 1.620719213657453028e-01
4.900000000000000000e+01 7.400000000000000000e+01 1.860309055546819579e+00 1.907731992784918451e-01
5.300000000000000000e+01 7.700000000000000000e+01 2.212293026391922712e+00 2.136010120531624534e-01
5.200000000000000000e+01 7.500000000000000000e+01 2.390081575813636228e+00 2.291421868263003869e-01
5.200000000000000000e+01 7.400000000000000000e+01 2.806299057550490694e+00 2.348654229855493825e-01
4.900000000000000000e+01 7.000000000000000000e+01 2.592650116816635819e+00 2.288545431720953316e-01
4.800000000000000000e+01 6.500000000000000000e+01 2.810640039918605559e+00 2.080308019741074488e-01
4.700000000000000000e+01 6.100000000000000000e+01 3.002715488508300279e+00 1.960002925417348996e-01
4.700000000000000000e+01 5.900000000000000000e+01 3.234286123254941803e+00 1.906363344260607051e-01
4.900000000000000000e+01 6.100000000000000000e+01 3.264203843558387330e+00 2.071539539865578372e-01
4.900000000000000000e+01 6.200000000000000000e+01 3.739302833204793508e+00 2.260872811353978329e-01
4.400000000000000000e+01 6.000000000000000000e+01 2.661173141542766185e+00 2.424168205125778186e-01
4.000000000000000000e+01 5.200000000000000000e+01 2.172766942185151873e+00 1.913652558555364036e-01
3.700000000000000000e+01 4.900000000000000000e+01 1.727662069721748850e+00 1.862218047576252034e-01
3.600000000000000000e+01 4.500000000000000000e+01 1.788643090838687222e+00 1.517851477438268704e-01
3.500000000000000000e+01 4.300000000000000000e+01 1.551834748963378807e+00 1.486589624136999965e-01
3.500000000000000000e+01 4.500000000000000000e+01 1.605225063240075523e+00 1.325877501764059774e-01
3.800000000000000000e+01 4.300000000000000000e+01 1.667241640742046060e+00 1.160907681232189598e-01
3.700000000000000000e+01 4.200000000000000000e+01 1.714933781083976649e+00 1.092040138911418434e-01
3.900000000000000000e+01 4.200000000000000000e+01 2.011817496613607759e+00 9.980089087210222698e-02
3.800000000000000000e+01 4.200000000000000000e+01 1.862547855596851099e+00 1.064498347725280625e-01
4.000000000000000000e+01 4.500000000000000000e+01 1.963557319457290840e+00 1.021543836815920897e-01
3.800000000000000000e+01 4.500000000000000000e+01 1.835161933572369897e+00 1.057152677070689051e-01
3.800000000000000000e+01 4.500000000000000000e+01 2.150804092079906749e+00 9.782462084445320283e-02
3.600000000000000000e+01 4.500000000000000000e+01 2.019848151239884260e+00 1.042032433118450369e-01
3.900000000000000000e+01 4.900000000000000000e+01 2.115389482153977152e+00 1.101095716061531865e-01
3.900000000000000000e+01 5.000000000000000000e+01 2.456953228275590817e+00 1.149725801416661974e-01
4.200000000000000000e+01 4.900000000000000000e+01 2.610250492318342275e+00 1.204716109888926273e-01
4.100000000000000000e+01 4.700000000000000000e+01 2.549280078008579586e+00 1.075725953589978662e-01
3.700000000000000000e+01 4.800000000000000000e+01 1.987783242131499151e+00 1.256593388893518515e-01
3.500000000000000000e+01 5.300000000000000000e+01 1.553165121507858570e+00 1.151462274589478835e-01
3.500000000000000000e+01 5.000000000000000000e+01 1.790024012905727213e+00 9.393880388647983526e-02
3.600000000000000000e+01 4.800000000000000000e+01 1.591754950135931601e+00 6.236401563403431991e-02
3.600000000000000000e+01 4.900000000000000000e+01 1.303367135555502099e+00 6.132415920154961342e-02
3.500000000000000000e+01 5.000000000000000000e+01 1.253442529390416116e+00 6.180930068351896123e-02
3.400000000000000000e+01 5.100000000000000000e+01 1.182940653838263856e+00 7.289070842550393614e-02
3.400000000000000000e+01 5.000000000000000000e+01 1.398464533644061536e+00 7.184086491343429082e-02
3.500000000000000000e+01 5.100000000000000000e+01 1.639593574257798281e+00 8.469954576363716847e-02
3.600000000000000000e+01 5.400000000000000000e+01 1.906631167980692876e+00 8.923162254414324090e-02
3.400000000000000000e+01 5.500000000000000000e+01 1.526511609344856302e+00 9.439512293562511702e-02
3.400000000000000000e+01 5.700000000000000000e+01 1.539637281030180160e+00 8.838740176390845471e-02
3.600000000000000000e+01 6.400000000000000000e+01 1.318951978162162364e+00 9.225358328016154685e-02
3.700000000000000000e+01 6.300000000000000000e+01 1.559850416796675132e+00 9.275563918147453069e-02
3.800000000000000000e+01 6.500000000000000000e+01 1.568428722241572704e+00 1.095303187010450846e-01
3.800000000000000000e+01 6.400000000000000000e+01 1.845664943762010513e+00 1.183745101967855484e-01
3.800000000000000000e+01 6.800000000000000000e+01 1.935926770317408785e+00 1.393188667201211983e-01
4.000000000000000000e+01 6.800000000000000000e+01 2.033727414736228756e+00 1.423659328567474236e-01
3.900000000000000000e+01 6.900000000000000000e+01 1.920680373330656110e+00 1.426983903674303722e-01
3.900000000000000000e+01 6.600000000000000000e+01 2.224693807573845827e+00 1.307053487512114254e-01
3.900000000000000000e+01 6.900000000000000000e+01 2.294742083030741675e+00 1.326740888946926766e-01
4.000000000000000000e+01 7.000000000000000000e+01 2.109145652534969440e+00 1.452981719124113169e-01
3.700000000000000000e+01 6.800000000000000000e+01 1.732885577722569570e+00 1.492123589317100874e-01
3.900000000000000000e+01 6.900000000000000000e+01 1.750902947581383762e+00 1.506151871559205380e-01
3.800000000000000000e+01 6.800000000000000000e+01 1.772698740898505765e+00 1.537081444808497122e-01
4.100000000000000000e+01 6.700000000000000000e+01 2.060740075485159029e+00 1.534931171506082326e-01
3.900000000000000000e+01 6.500000000000000000e+01 1.939943495585667366e+00 1.447674491623267279e-01
4.000000000000000000e+01 6.700000000000000000e+01 1.994107235069461082e+00 1.350965873340537748e-01
3.700000000000000000e+01 6.600000000000000000e+01 1.593455276163717294e+00 1.463344733191453972e-01
3.700000000000000000e+01 6.500000000000000000e+01 1.606152871548048200e+00 1.451342844345210326e-01
3.900000000000000000e+01 6.500000000000000000e+01 1.598990831773902777e+00 1.596794143747731487e-01
3.800000000000000000e+01 6.200000000000000000e+01 1.594220562109585071e+00 1.448540618830761739e-01
4.000000000000000000e+01 6.500000000000000000e+01 1.616033733479883105e+00 1.456837474084175799e-01
3.700000000000000000e+01 6.500000000000000000e+01 1.230111762572806633e+00 1.567968717568912762e-01
3.600000000000000000e+01 6.300000000000000000e+01 1.238466042445482973e+00 1.451099189765726605e-01
3.700000000000000000e+01 6.100000000000000000e+01 1.469959026554668036e+00 1.337669699402646850e-01
3.600000000000000000e+01 6.100000000000000000e+01 1.469315140694733124e+00 1.467836695445791095e-01
3.600000000000000000e+01 6.600000000000000000e+01 1.738683870617095284e+00 1.587143929783891849e-01
3.800000000000000000e+01 6.900000000000000000e+01 2.039739472314601620e+00 1.758085663766199014e-01
3.700000000000000000e+01 6.900000000000000000e+01 2.132431787486268160e+00 1.848151696505976049e-01
3.800000000000000000e+01 6.800000000000000000e+01 2.234161989758817857e+00 1.933670703177248762e-01
3.900000000000000000e+01 6.500000000000000000e+01 2.344101182002949812e+00 1.906835174402692901e-01
3.900000000000000000e+01 6.400000000000000000e+01 2.050164066247670558e+00 1.649827555365712961e-01
