0.000000000000000000e+00 0.000000000000000000e+00 0.000000000000000000e+00 0.000000000000000000e+00
1.000000000000000000e+01 1.400000000000000000e+01 2.182292271754151473e-03 6.925236672694959610e-04
2.800000000000000000e+01 4.600000000000000000e+01 6.854145984889187422e-03 2.425242632856820096e-03
3.500000000000000000e+01 6.200000000000000000e+01 1.071348991030335839e-02 3.740891482405374422e-03
3.900000000000000000e+01 6.300000000000000000e+01 1.521809489185341896e-02 4.597469541013270503e-03
5.400000000000000000e+01 1.070000000000000000e+02 2.362746808965046630e-02 7.763297572286329169e-03
5.400000000000000000e+01 1.110000000000000000e+02 3.157328205009576894e-02 9.630665930044503276e-03
5.400000000000000000e+01 1.270000000000000000e+02 4.212526867161378585e-02 1.248736475034548966e-02
5.800000000000000000e+01 1.640000000000000000e+02 5.697591661916036332e-02 1.698869125204405944e-02
5.900000000000000000e+01 1.650000000000000000e+02 7.595397583699008137e-02 2.066503829608970152e-02
6.100000000000000000e+01 1.790000000000000000e+02 1.011675598662403475e-01 2.575302941488695138e-02
6.400000000000000000e+01 1.870000000000000000e+02 1.344777952682336408e-01 3.160711922963310022e-02
6.500000000000000000e+01 1.980000000000000000e+02 1.775859655541885684e-01 3.882272791658453182e-02
6.600000000000000000e+01 2.040000000000000000e+02 2.336586342292849561e-01 4.727774400179563657e-02
6.600000000000000000e+01 2.060000000000000000e+02 3.059888755803685800e-01 5.726139006010583232e-02
6.800000000000000000e+01 2.250000000000000000e+02 3.994376172435785133e-01 7.010515265655690997e-02
7.500000000000000000e+01 2.520000000000000000e+02 5.199207307251499932e-01 8.593190407956718957e-02
7.700000000000000000e+01 2.610000000000000000e+02 6.716997920759459895e-01 1.040329649828641290e-01
8.400000000000000000e+01 2.780000000000000000e+02 8.637216449151674524e-01 1.260963271555918808e-01
8.400000000000000000e+01 2.810000000000000000e+02 1.101683644609525059e+00 1.517726651836456830e-01
9.000000000000000000e+01 2.940000000000000000e+02 1.396740111707948540e+00 1.828756291543102430e-01
9.700000000000000000e+01 3.290000000000000000e+02 1.757481114342146489e+00 2.209709999556022098e-01
9.800000000000000000e+01 3.420000000000000000e+02 2.192010583613149155e+00 2.651332476566794494e-01
1.040000000000000000e+02 4.030000000000000000e+02 2.711616033310150442e+00 3.197996028754407360e-01
1.040000000000000000e+02 4.100000000000000000e+02 3.322662302098285281e+00 3.817647036201420874e-01
1.060000000000000000e+02 4.750000000000000000e+02 4.033531823906604252e+00 4.575961341352894896e-01
1.070000000000000000e+02 5.050000000000000000e+02 4.848657255465164795e+00 5.449970667409390623e-01
1.070000000000000000e+02 5.220000000000000000e+02 5.770402172777971295e+00 6.466824528311898579e-01
1.080000000000000000e+02 5.610000000000000000e+02 6.798642696716723499e+00 7.663818560278942149e-01
1.090000000000000000e+02 5.750000000000000000e+02 7.929672852545828654e+00 9.043161067671414699e-01
1.090000000000000000e+02 6.040000000000000000e+02 9.156784474874939406e+00 1.064748511992408275e+00
1.040000000000000000e+02 5.970000000000000000e+02 9.386158811312645511e+00 1.174853593856907574e+00
9.200000000000000000e+01 5.790000000000000000e+02 8.016502628785771023e+00 1.168819992403529184e+00
8.500000000000000000e+01 5.720000000000000000e+02 6.962211223543463667e+00 1.160726479531321909e+00
8.000000000000000000e+01 5.650000000000000000e+02 6.657028591832087727e+00 1.213250897599778000e+00
7.200000000000000000e+01 5.560000000000000000e+02 4.800919485875486004e+00 1.120304011312679870e+00
6.900000000000000000e+01 5.710000000000000000e+02 3.641743508863085843e+00 1.141487244554469926e+00
6.800000000000000000e+01 5.650000000000000000e+02 3.949328238326283991e+00 1.117169840477174825e+00
6.500000000000000000e+01 5.420000000000000000e+02 3.513814273854413806e+00 1.011434924675613356e+00
6.100000000000000000e+01 5.300000000000000000e+02 3.074364303044139657e+00 1.026756021621981763e+00
6.000000000000000000e+01 5.190000000000000000e+02 3.413857864100674266e+00 1.012810198631214575e+00
5.800000000000000000e+01 5.110000000000000000e+02 3.578829392171704260e+00 1.038937697181220532e+00
6.000000000000000000e+01 5.040000000000000000e+02 3.481410561409861160e+00 1.092165112473143296e+00
6.000000000000000000e+01 5.070000000000000000e+02 3.882127943119931146e+00 1.166525505262124396e+00
6.100000000000000000e+01 5.040000000000000000e+02 4.540707273859434068e+00 1.288653456223098459e+00
7.000000000000000000e+01 5.180000000000000000e+02 5.044331103172659425e+00 1.373491614952128570e+00
7.500000000000000000e+01 5.360000000000000000e+02 5.147124833289903556e+00 1.375342154960965457e+00
7.200000000000000000e+01 5.430000000000000000e+02 5.186307491576604534e+00 1.442295819387941158e+00
7.100000000000000000e+01 5.810000000000000000e+02 4.246962399187985682e+00 1.528365169675951707e+00
7.300000000000000000e+01 5.900000000000000000e+02 4.080706315138583840e+00 1.674672895267361961e+00
6.900000000000000000e+01 5.870000000000000000e+02 3.730840663920702127e+00 1.822913025102417484e+00
6.300000000000000000e+01 5.710000000000000000e+02 2.671060330772428770e+00 1.872813210203998269e+00
6.300000000000000000e+01 5.690000000000000000e+02 2.544752103036692858e+00 1.954835270451561025e+00
5.900000000000000000e+01 5.300000000000000000e+02 1.965313495878515671e+00 1.823050350328042857e+00
5.900000000000000000e+01 5.070000000000000000e+02 2.017959436269280538e+00 1.806934040385238749e+00
5.900000000000000000e+01 4.620000000000000000e+02 2.313668612351201581e+00 1.567170130796857519e+00
6.800000000000000000e+01 5.170000000000000000e+02 1.334653918215406465e+00 1.423045402846651930e+00
7.600000000000000000e+01 5.340000000000000000e+02 1.582300724222131860e+00 1.295719344030235476e+00
7.500000000000000000e+01 5.020000000000000000e+02 1.579914470649224301e+00 1.106524578253055058e+00
7.500000000000000000e+01 5.020000000000000000e+02 1.876703338313281400e+00 9.758808686805402477e-01
7.500000000000000000e+01 4.840000000000000000e+02 2.214270099630104127e+00 8.081908852122094977e-01
7.400000000000000000e+01 4.800000000000000000e+02 2.334137672485095294e+00 7.736955689565304661e-01
8.100000000000000000e+01 5.290000000000000000e+02 2.741865095262672636e+00 7.964443669529744918e-01
8.000000000000000000e+01 5.200000000000000000e+02 2.875144966935367474e+00 8.244794273114492977e-01
7.900000000000000000e+01 5.140000000000000000e+02 3.126998966777973177e+00 8.800956343699853912e-01
7.800000000000000000e+01 5.180000000000000000e+02 2.785726683106949153e+00 9.085382332204799960e-01
7.800000000000000000e+01 5.020000000000000000e+02 2.632238083889474556e+00 8.273181717689770398e-01
8.200000000000000000e+01 4.930000000000000000e+02 2.822745501150990766e+00 7.806320024422676029e-01
9.000000000000000000e+01 5.390000000000000000e+02 2.886904643179236007e+00 8.012169936795516811e-01
9.400000000000000000e+01 5.560000000000000000e+02 3.455601531397119786e+00 8.696511632422948557e-01
9.700000000000000000e+01 5.710000000000000000e+02 4.097857673033457715e+00 9.573065367123526626e-01
9.700000000000000000e+01 5.680000000000000000e+02 4.813985898213649861e+00 1.074347934067590327e+00
9.300000000000000000e+01 5.660000000000000000e+02 4.735771922351225349e+00 1.231550731561943168e+00
9.500000000000000000e+01 5.870000000000000000e+02 5.268841317927856593e+00 1.356542065381709072e+00
9.500000000000000000e+01 5.850000000000000000e+02 6.087324984760067004e+00 1.507225918101966711e+00
9.900000000000000000e+01 6.470000000000000000e+02 5.671962469740671864e+00 1.599317310340667930e+00
9.600000000000000000e+01 6.530000000000000000e+02 4.683484733227071928e+00 1.578905733051096272e+00
9.300000000000000000e+01 6.280000000000000000e+02 4.573701027746610137e+00 1.553388283143312343e+00
9.200000000000000000e+01 6.000000000000000000e+02 4.351736796183560685e+00 1.363154296284058375e+00
8.900000000000000000e+01 5.940000000000000000e+02 3.819443699028681749e+00 1.253560176358436751e+00
8.800000000000000000e+01 6.010000000000000000e+02 3.347282300990996440e+00 1.261227472957342499e+00
9.000000000000000000e+01 6.030000000000000000e+02 3.677562768950549899e+00 1.298209491035869467e+00
9.000000000000000000e+01 6.300000000000000000e+02 4.312371326676039729e+00 1.315914019653677602e+00
9.100000000000000000e+01 6.420000000000000000e+02 4.773990855235078712e+00 1.430622220145656209e+00
8.900000000000000000e+01 6.400000000000000000e+02 5.017230497226760733e+00 1.614353481531852319e+00
9.200000000000000000e+01 6.900000000000000000e+02 5.781274485457283951e+00 1.838433851161336507e+00
8.400000000000000000e+01 6.500000000000000000e+02 4.871398253461415528e+00 1.661939348686835238e+00
7.500000000000000000e+01 6.120000000000000000e+02 3.191369722751972837e+00 1.452409509289523726e+00
7.400000000000000000e+01 6.180000000000000000e+02 3.022833139029909688e+00 1.382363255597453211e+00
7.600000000000000000e+01 6.060000000000000000e+02 3.570180712818552315e+00 1.282135564027428121e+00
7.800000000000000000e+01 6.100000000000000000e+02 3.902488849943376525e+00 1.283578433950239850e+00
7.700000000000000000e+01 5.990000000000000000e+02 4.242245970837656088e+00 1.342717868680631366e+00
7.800000000000000000e+01 5.920000000000000000e+02 3.873869112571316720e+00 1.189814701788985296e+00
8.000000000000000000e+01 5.990000000000000000e+02 4.310311574412363456e+00 1.158683926831321598e+00
7.900000000000000000e+01 5.970000000000000000e+02 4.772335370037026792e+00 1.240140360670787256e+00
8.200000000000000000e+01 5.910000000000000000e+02 5.326925954385483664e+00 1.297509753184281189e+00
