0.000000000000000000e+00 0.000000000000000000e+00 0.000000000000000000e+00 0.000000000000000000e+00
2.000000000000000000e+00 1.000000000000000000e+00 4.364584543508303704e-04 4.946597623353541804e-05
5.000000000000000000e+00 2.000000000000000000e+00 1.239891660672588379e-03 1.096325043323701876e-04
5.000000000000000000e+00 2.000000000000000000e+00 1.661615870271185812e-03 1.333170254921276529e-04
5.000000000000000000e+00 3.000000000000000000e+00 2.224249840762410405e-03 2.115109878134714412e-04
8.000000000000000000e+00 4.000000000000000000e+00 3.628184598654919484e-03 3.064981383509192002e-04
8.000000000000000000e+00 6.000000000000000000e+00 4.846949627151166638e-03 4.712869713454671816e-04
1.100000000000000000e+01 8.000000000000000000e+00 7.119410714326455253e-03 6.713803757756090472e-04
1.900000000000000000e+01 1.500000000000000000e+01 1.123023399860294085e-02 1.161527325477295378e-03
2.700000000000000000e+01 2.100000000000000000e+01 1.669634020238615346e-02 1.707364646342016861e-03
3.500000000000000000e+01 3.000000000000000000e+01 2.394836824566681441e-02 2.518205308470177709e-03
3.500000000000000000e+01 3.100000000000000000e+01 3.179974462496150400e-02 3.106420148560452062e-03
3.500000000000000000e+01 3.100000000000000000e+01 4.212361308854477987e-02 3.768844881669637832e-03
3.900000000000000000e+01 4.000000000000000000e+01 5.652053234851456276e-02 5.014654697597575525e-03
4.400000000000000000e+01 5.200000000000000000e+01 7.555056842810814466e-02 6.671175079463005295e-03
4.400000000000000000e+01 5.200000000000000000e+01 9.922354405836605884e-02 8.082155573692073602e-03
4.700000000000000000e+01 6.400000000000000000e+01 1.304846094569582504e-01 1.037731460816614278e-02
4.800000000000000000e+01 6.500000000000000000e+01 1.702738685044357936e-01 1.260464126444040336e-02
4.900000000000000000e+01 6.600000000000000000e+01 2.211382719173307920e-01 1.528574604175462689e-02
4.900000000000000000e+01 6.700000000000000000e+01 2.855105186415341501e-01 1.850858101754092669e-02
4.900000000000000000e+01 7.100000000000000000e+01 3.666494617024526614e-01 2.252514162143368429e-02
5.500000000000000000e+01 7.800000000000000000e+01 4.694390066905944070e-01 2.748913118048042573e-02
5.500000000000000000e+01 8.000000000000000000e+01 5.957572007401474856e-01 3.318596847627421770e-02
5.800000000000000000e+01 8.500000000000000000e+01 7.517681413341299468e-01 4.013860003838267548e-02
5.800000000000000000e+01 8.600000000000000000e+01 9.413134845994785005e-01 4.823170190696311060e-02
5.800000000000000000e+01 8.700000000000000000e+01 1.170122462692736676e+00 5.785692515553945980e-02
5.900000000000000000e+01 8.800000000000000000e+01 1.443814567063340659e+00 6.927751763721472222e-02
5.900000000000000000e+01 8.800000000000000000e+01 1.767406597011372815e+00 8.274491274777082128e-02
6.400000000000000000e+01 1.000000000000000000e+02 2.147292018553366155e+00 9.923335765629845429e-02
6.600000000000000000e+01 1.030000000000000000e+02 2.586735513020297361e+00 1.182161573948958960e-01
6.600000000000000000e+01 1.070000000000000000e+02 3.089713976542370233e+00 1.405490078752223426e-01
7.100000000000000000e+01 1.120000000000000000e+02 3.226967804244557758e+00 1.667332956164174762e-01
6.900000000000000000e+01 1.120000000000000000e+02 3.386801458977972690e+00 1.849988737805249306e-01
6.900000000000000000e+01 1.120000000000000000e+02 4.004796180515138637e+00 2.064215285886026319e-01
7.000000000000000000e+01 1.130000000000000000e+02 4.430107992115211779e+00 2.435367847819543130e-01
6.800000000000000000e+01 1.140000000000000000e+02 4.727038687612729717e+00 2.744949438519118101e-01
6.900000000000000000e+01 1.120000000000000000e+02 5.476330822046810987e+00 2.997069021427468116e-01
6.700000000000000000e+01 1.100000000000000000e+02 5.804933246796578850e+00 3.303356083429691559e-01
6.300000000000000000e+01 1.060000000000000000e+02 5.512592045252973527e+00 3.410788895350238548e-01
5.900000000000000000e+01 1.020000000000000000e+02 5.087424455950793067e+00 3.220332402796204918e-01
5.400000000000000000e+01 9.600000000000000000e+01 4.134997623917880283e+00 2.979057483731983313e-01
4.900000000000000000e+01 9.300000000000000000e+01 3.452027486783255661e+00 3.098945600323498861e-01
4.800000000000000000e+01 9.700000000000000000e+01 3.368295439559402027e+00 3.345834016798923671e-01
4.400000000000000000e+01 9.400000000000000000e+01 2.820163432996711350e+00 3.482257119214763330e-01
4.200000000000000000e+01 8.400000000000000000e+01 2.566611409547529643e+00 2.896382158172245980e-01
4.000000000000000000e+01 8.200000000000000000e+01 2.451290116465444591e+00 2.874371630237232411e-01
3.900000000000000000e+01 7.400000000000000000e+01 2.130043968945866339e+00 2.419553806100498139e-01
4.100000000000000000e+01 7.600000000000000000e+01 2.253591064408818401e+00 2.123602034949808870e-01
4.100000000000000000e+01 7.700000000000000000e+01 1.822668831937626077e+00 2.344811219978200911e-01
4.700000000000000000e+01 7.500000000000000000e+01 2.143681699924507633e+00 2.334834631643530611e-01
4.800000000000000000e+01 7.500000000000000000e+01 2.498401683482391888e+00 2.336063502327278552e-01
4.500000000000000000e+01 7.100000000000000000e+01 2.019400854884028540e+00 2.236133035973162930e-01
4.400000000000000000e+01 6.700000000000000000e+01 2.112769036995285621e+00 2.123424820093112730e-01
4.600000000000000000e+01 6.200000000000000000e+01 2.239591364504894599e+00 1.765121093991700862e-01
4.600000000000000000e+01 6.100000000000000000e+01 2.310111516150786581e+00 1.718861937213356783e-01
4.600000000000000000e+01 6.200000000000000000e+01 2.412678957870253882e+00 1.832347393335297669e-01
4.400000000000000000e+01 6.200000000000000000e+01 2.285560699465601253e+00 2.142847701929939674e-01
5.800000000000000000e+01 7.100000000000000000e+01 2.647589899167757999e+00 2.364242978134541151e-01
5.500000000000000000e+01 6.600000000000000000e+01 2.384749349943431795e+00 2.086506145656986666e-01
5.600000000000000000e+01 6.100000000000000000e+01 2.732172767802675484e+00 1.611699974844539862e-01
5.400000000000000000e+01 5.900000000000000000e+01 2.603010120739584377e+00 1.407192744397680606e-01
4.800000000000000000e+01 6.000000000000000000e+01 1.541256720807042013e+00 1.309318477111940104e-01
4.700000000000000000e+01 5.700000000000000000e+01 1.543186182675809093e+00 9.978811903866224853e-02
4.600000000000000000e+01 5.700000000000000000e+01 1.525110173968955651e+00 9.049035966346066773e-02
4.800000000000000000e+01 6.100000000000000000e+01 1.273469408083993892e+00 9.588126457806503411e-02
4.800000000000000000e+01 6.000000000000000000e+01 1.505830963604962269e+00 8.399143359451381741e-02
4.900000000000000000e+01 6.100000000000000000e+01 1.291136912769100809e+00 9.907978211083777464e-02
5.600000000000000000e+01 6.500000000000000000e+01 1.544748681323197426e+00 1.029202410036565429e-01
5.800000000000000000e+01 7.000000000000000000e+01 1.616816929585780604e+00 1.213869466892371907e-01
6.000000000000000000e+01 6.800000000000000000e+01 1.921848433259850886e+00 1.214813268116871625e-01
5.900000000000000000e+01 7.000000000000000000e+01 1.833536420375745379e+00 1.306544636217302491e-01
5.800000000000000000e+01 7.200000000000000000e+01 1.915748170624203883e+00 1.533006387405344007e-01
5.800000000000000000e+01 7.000000000000000000e+01 2.282514723299970960e+00 1.339834987448871306e-01
5.800000000000000000e+01 7.500000000000000000e+01 2.457244103585417339e+00 1.347332373311373177e-01
5.700000000000000000e+01 7.400000000000000000e+01 2.680106524480494024e+00 1.440032947022083509e-01
5.800000000000000000e+01 7.400000000000000000e+01 3.146631049607599540e+00 1.423957081111786038e-01
5.800000000000000000e+01 7.400000000000000000e+01 3.444897880589457895e+00 1.548391056998091597e-01
5.600000000000000000e+01 7.300000000000000000e+01 3.529178071340147937e+00 1.393292678059978307e-01
5.600000000000000000e+01 7.300000000000000000e+01 3.854904532832004183e+00 1.166728358607058980e-01
5.300000000000000000e+01 7.500000000000000000e+01 3.268977175003577429e+00 1.253397841434911453e-01
5.000000000000000000e+01 7.400000000000000000e+01 3.027643060954480880e+00 1.248733663925437609e-01
4.900000000000000000e+01 8.000000000000000000e+01 2.958892498461279441e+00 1.352755528417342590e-01
4.700000000000000000e+01 8.200000000000000000e+01 2.912504378492852375e+00 1.592700434417258504e-01
4.600000000000000000e+01 8.300000000000000000e+01 2.954704347882281201e+00 1.712002283450451134e-01
4.500000000000000000e+01 8.400000000000000000e+01 3.211637966398884103e+00 1.784070929894794877e-01
4.500000000000000000e+01 8.400000000000000000e+01 3.226141025678002539e+00 1.987053928892595911e-01
4.500000000000000000e+01 8.400000000000000000e+01 3.713714141030550753e+00 2.186458172298644531e-01
3.800000000000000000e+01 8.000000000000000000e+01 2.719953335414213580e+00 1.890717042394967073e-01
4.100000000000000000e+01 8.600000000000000000e+01 2.407360154749440095e+00 1.748519838701801388e-01
4.100000000000000000e+01 8.500000000000000000e+01 2.518281791385541979e+00 1.562179379574601956e-01
3.900000000000000000e+01 8.800000000000000000e+01 2.337523694641477690e+00 1.731687937763262131e-01
4.000000000000000000e+01 8.700000000000000000e+01 2.412185522841418628e+00 1.700240974516353254e-01
3.900000000000000000e+01 8.600000000000000000e+01 2.522270628036358264e+00 1.873016896387700858e-01
4.800000000000000000e+01 9.600000000000000000e+01 2.930194604265548008e+00 1.955218011517846077e-01
4.500000000000000000e+01 9.400000000000000000e+01 2.717552004831528922e+00 1.939634191529100715e-01
4.500000000000000000e+01 9.200000000000000000e+01 3.117048923349708289e+00 1.889673558262005837e-01
4.300000000000000000e+01 9.500000000000000000e+01 2.845970126621432339e+00 2.093563044455632460e-01
3.900000000000000000e+01 9.200000000000000000e+01 2.117673256231355605e+00 2.078444058142971673e-01
3.800000000000000000e+01 8.900000000000000000e+01 2.186176273222230293e+00 1.614823478999903306e-01
3.500000000000000000e+01 8.700000000000000000e+01 1.726075075542922388e+00 1.654233901499873038e-01
3.300000000000000000e+01 8.600000000000000000e+01 1.194490085310401462e+00 1.837426809951379636e-01
3.400000000000000000e+01 8.400000000000000000e+01 1.093031973076705521e+00 1.927519603518748625e-01
3.700000000000000000e+01 8.300000000000000000e+01 9.894862715107002327e-01 2.031383599632778092e-01
4.100000000000000000e+01 7.800000000000000000e+01 1.168271744050731975e+00 1.797615225812419226e-01
4.200000000000000000e+01 7.600000000000000000e+01 1.368540134546880394e+00 1.727306876003980030e-01
4.300000000000000000e+01 7.700000000000000000e+01 1.375090922669944371e+00 1.785862466777153323e-01
4.300000000000000000e+01 7.800000000000000000e+01 1.100511879866130194e+00 2.097102308089408840e-01
4.900000000000000000e+01 8.100000000000000000e+01 1.308998168034384291e+00 2.109313061575706916e-01
5.300000000000000000e+01 8.000000000000000000e+01 1.328453729391459781e+00 2.121192240626282033e-01
5.300000000000000000e+01 7.700000000000000000e+01 1.354573963388114421e+00 2.117651534989064555e-01
5.300000000000000000e+01 7.700000000000000000e+01 1.606504636432072086e+00 2.115003524383029243e-01
5.600000000000000000e+01 7.900000000000000000e+01 1.892187971425357329e+00 1.919767230432126714e-01
5.500000000000000000e+01 7.600000000000000000e+01 1.929115389111718093e+00 1.903033587247003333e-01
5.400000000000000000e+01 7.400000000000000000e+01 2.047008822639833969e+00 1.971352995745384029e-01
5.300000000000000000e+01 7.400000000000000000e+01 2.113992287792897162e+00 2.085329158190661336e-01
5.300000000000000000e+01 7.400000000000000000e+01 2.264228185671993021e+00 2.182539046319008080e-01
5.700000000000000000e+01 7.300000000000000000e+01 2.648647062459953627e+00 2.293889821788629713e-01
5.600000000000000000e+01 7.200000000000000000e+01 2.809699473107194923e+00 2.574967266993726800e-01
5.400000000000000000e+01 6.700000000000000000e+01 2.814620885049708754e+00 2.232421090775711103e-01
5.200000000000000000e+01 6.700000000000000000e+01 2.312086826313269228e+00 2.238519353247098997e-01
5.200000000000000000e+01 6.200000000000000000e+01 2.692436488093109315e+00 1.997804169564099674e-01
5.100000000000000000e+01 6.200000000000000000e+01 2.893740541992321003e+00 1.806163851048229463e-01
5.000000000000000000e+01 6.100000000000000000e+01 3.024066534118206917e+00 1.984595658989524447e-01
4.500000000000000000e+01 5.400000000000000000e+01 2.391674111567201777e+00 1.519692314754242102e-01
4.500000000000000000e+01 5.100000000000000000e+01 2.011157257759498052e+00 1.407194157404230983e-01
4.400000000000000000e+01 4.800000000000000000e+01 2.106027313047467153e+00 1.256761600681823021e-01
4.200000000000000000e+01 4.700000000000000000e+01 1.984779557668751027e+00 1.222235038713538335e-01
4.100000000000000000e+01 4.500000000000000000e+01 2.149511016993348012e+00 1.124629684473709007e-01
4.100000000000000000e+01 4.200000000000000000e+01 2.556969483631676532e+00 9.660310266847252358e-02
4.600000000000000000e+01 4.600000000000000000e+01 3.013941655397633923e+00 8.565049070913036133e-02
4.600000000000000000e+01 4.500000000000000000e+01 3.517804332083033447e+00 8.707241668672041635e-02
4.400000000000000000e+01 4.500000000000000000e+01 3.610999750372295036e+00 1.027818316691886391e-01
4.300000000000000000e+01 4.400000000000000000e+01 3.702242053302714719e+00 1.104918547332510992e-01
4.500000000000000000e+01 5.700000000000000000e+01 3.332440963540304502e+00 1.305763616392003335e-01
4.200000000000000000e+01 5.700000000000000000e+01 3.102183712342214683e+00 1.531195523336514597e-01
4.000000000000000000e+01 5.500000000000000000e+01 3.076108453252681230e+00 1.579932579800288617e-01
4.000000000000000000e+01 5.700000000000000000e+01 3.056491009919528157e+00 1.707038990044743021e-01
3.800000000000000000e+01 5.400000000000000000e+01 2.822261080261637023e+00 1.415679899404888864e-01
3.400000000000000000e+01 5.300000000000000000e+01 2.019327054631666840e+00 1.426550905796774571e-01
3.200000000000000000e+01 5.100000000000000000e+01 1.797242631237052191e+00 1.403245393179061440e-01
3.100000000000000000e+01 5.100000000000000000e+01 1.788331587558264602e+00 1.268224071293503341e-01
3.000000000000000000e+01 4.800000000000000000e+01 1.753569544049057072e+00 8.342740854315237875e-02
3.100000000000000000e+01 5.100000000000000000e+01 1.237178595254535107e+00 9.789542495489861329e-02
3.100000000000000000e+01 4.900000000000000000e+01 1.433581375049474804e+00 8.668719124835466694e-02
3.200000000000000000e+01 5.000000000000000000e+01 1.365441672505961490e+00 9.121248322370197059e-02
3.500000000000000000e+01 5.400000000000000000e+01 1.577510552082402429e+00 8.450718750288205294e-02
3.300000000000000000e+01 5.200000000000000000e+01 1.373536849645290880e+00 7.650835134902901624e-02
3.800000000000000000e+01 6.200000000000000000e+01 1.077939673036332424e+00 9.041454770140668062e-02
3.800000000000000000e+01 6.200000000000000000e+01 9.957091292367393764e-01 9.553121545280772453e-02
4.300000000000000000e+01 6.400000000000000000e+01 1.174752544814829713e+00 7.901140092222039280e-02
4.500000000000000000e+01 6.500000000000000000e+01 1.136785730916720638e+00 8.087427088236646966e-02
4.500000000000000000e+01 6.400000000000000000e+01 1.078065654152086550e+00 7.415983042804780156e-02
4.700000000000000000e+01 6.800000000000000000e+01 1.284728886464059139e+00 7.562234540939943850e-02
4.700000000000000000e+01 6.700000000000000000e+01 1.518274980995857337e+00 7.550167950830422026e-02
5.400000000000000000e+01 7.900000000000000000e+01 1.348064823247048238e+00 9.009655460160191642e-02
5.300000000000000000e+01 7.900000000000000000e+01 1.355461401297242796e+00 1.065634541270503721e-01
5.400000000000000000e+01 8.100000000000000000e+01 1.610100013760146664e+00 1.153658378237287785e-01
5.600000000000000000e+01 8.100000000000000000e+01 1.895912513164766056e+00 1.360134350862191865e-01
6.200000000000000000e+01 8.300000000000000000e+01 2.214036530751452680e+00 1.600122888933118992e-01
6.300000000000000000e+01 9.400000000000000000e+01 1.912568298470505246e+00 1.567822991800868204e-01
6.400000000000000000e+01 9.500000000000000000e+01 1.986818632547130425e+00 1.598464130958334728e-01
6.600000000000000000e+01 9.700000000000000000e+01 2.309965128896096953e+00 1.737787781095181672e-01
6.600000000000000000e+01 9.700000000000000000e+01 2.382703121426345216e+00 2.036012435016044952e-01
6.300000000000000000e+01 9.300000000000000000e+01 1.860876151861930783e+00 1.749150855484833122e-01
6.500000000000000000e+01 1.030000000000000000e+02 1.936725854541320402e+00 1.569154777742261808e-01
6.400000000000000000e+01 1.010000000000000000e+02 2.005633946910037047e+00 1.562780190788059242e-01
6.200000000000000000e+01 9.900000000000000000e+01 1.855153035522302263e+00 1.624694443819681977e-01
6.200000000000000000e+01 9.700000000000000000e+01 1.966574719489275536e+00 1.622157124285644458e-01
6.200000000000000000e+01 1.040000000000000000e+02 1.887286802308798972e+00 1.772822053633771877e-01
6.500000000000000000e+01 1.070000000000000000e+02 2.271651617331253536e+00 1.946766624714023897e-01
6.700000000000000000e+01 1.080000000000000000e+02 2.710763765683854576e+00 2.043574988441220486e-01
6.800000000000000000e+01 1.080000000000000000e+02 3.206986191390340579e+00 2.069165549368260915e-01
6.900000000000000000e+01 1.080000000000000000e+02 3.328466190882125808e+00 2.081688126530729932e-01
7.800000000000000000e+01 1.310000000000000000e+02 3.660943540389333783e+00 2.317931758271752629e-01
7.800000000000000000e+01 1.310000000000000000e+02 3.834928740326029040e+00 2.580707589975030358e-01
7.600000000000000000e+01 1.270000000000000000e+02 3.957190707458323242e+00 2.585922269031677989e-01
7.600000000000000000e+01 1.250000000000000000e+02 4.355348195338999417e+00 2.767205436592519718e-01
7.500000000000000000e+01 1.180000000000000000e+02 4.377574935580819115e+00 2.432994142367411738e-01
7.100000000000000000e+01 1.160000000000000000e+02 4.060702254120903909e+00 2.608136254555946110e-01
6.800000000000000000e+01 1.110000000000000000e+02 3.993239999698016351e+00 2.459247443329194704e-01
6.600000000000000000e+01 1.080000000000000000e+02 3.629776473230329703e+00 2.531650336169666282e-01
6.500000000000000000e+01 1.120000000000000000e+02 3.491547821697670528e+00 2.786534409713991578e-01
7.200000000000000000e+01 1.200000000000000000e+02 3.796193217283272858e+00 2.687050931888875227e-01
7.000000000000000000e+01 1.190000000000000000e+02 3.911041682247487827e+00 2.964681755220518466e-01
7.300000000000000000e+01 1.130000000000000000e+02 3.642355034566767014e+00 2.572757833910855885e-01
7.100000000000000000e+01 1.130000000000000000e+02 3.240814846522015902e+00 2.734782551579487131e-01
7.200000000000000000e+01 1.150000000000000000e+02 3.274145000623637447e+00 2.820823405756867075e-01
7.400000000000000000e+01 1.140000000000000000e+02 3.568880089904506558e+00 3.021459025871534587e-01
7.100000000000000000e+01 1.140000000000000000e+02 3.427542660453392731e+00 3.142931662241581492e-01
7.100000000000000000e+01 1.100000000000000000e+02 3.239490302692582535e+00 2.674879233729151040e-01
6.800000000000000000e+01 1.060000000000000000e+02 2.981326596960965691e+00 2.557667619719253826e-01
6.600000000000000000e+01 1.020000000000000000e+02 2.678266612089048593e+00 2.524839267394713427e-01
6.600000000000000000e+01 1.000000000000000000e+02 2.637706126549990593e+00 2.677639685356211774e-01
6.500000000000000000e+01 9.800000000000000000e+01 2.816567741674957048e+00 2.849100491713728034e-01
6.200000000000000000e+01 9.300000000000000000e+01 2.523927356533530286e+00 2.597744013220593673e-01
6.100000000000000000e+01 8.900000000000000000e+01 2.738170426289706860e+00 2.538620355920321314e-01
6.300000000000000000e+01 9.000000000000000000e+01 3.222789827019443720e+00 2.558887954739820225e-01
6.100000000000000000e+01 9.000000000000000000e+01 3.260777987623898699e+00 2.997479621596422228e-01
6.000000000000000000e+01 8.500000000000000000e+01 3.591896496285017726e+00 2.901058217003444906e-01
6.400000000000000000e+01 8.600000000000000000e+01 3.715971298340885909e+00 2.938982757769900700e-01
6.500000000000000000e+01 8.700000000000000000e+01 3.847345616199689733e+00 2.961660805014355025e-01
7.100000000000000000e+01 1.020000000000000000e+02 4.225528574082604294e+00 2.938319870003046064e-01
7.000000000000000000e+01 1.020000000000000000e+02 4.130575497795585527e+00 3.197573036050108120e-01
6.200000000000000000e+01 9.000000000000000000e+01 2.910884912098853139e+00 2.438686159170971035e-01
6.300000000000000000e+01 8.500000000000000000e+01 2.930543589480182121e+00 1.710338097480434971e-01
6.400000000000000000e+01 8.200000000000000000e+01 2.910467113126722793e+00 1.422556447530838597e-01
6.400000000000000000e+01 8.000000000000000000e+01 3.113950053883836944e+00 1.371703644548953327e-01
6.100000000000000000e+01 8.000000000000000000e+01 2.870222115887186121e+00 1.612969448472436063e-01
6.100000000000000000e+01 8.000000000000000000e+01 3.373149227106021719e+00 1.689472238500574763e-01
6.000000000000000000e+01 8.100000000000000000e+01 3.665515211805596252e+00 1.984814094896495962e-01
5.900000000000000000e+01 8.300000000000000000e+01 4.029069161116875186e+00 2.325081165902344593e-01
6.000000000000000000e+01 9.000000000000000000e+01 4.177099100061372638e+00 2.508292321882814591e-01
5.800000000000000000e+01 8.700000000000000000e+01 3.910291476544490941e+00 1.947233678322633499e-01
5.700000000000000000e+01 8.400000000000000000e+01 3.980591581515824373e+00 1.770617838660860921e-01
5.000000000000000000e+01 8.400000000000000000e+01 2.889325319055192409e+00 1.929429143675906733e-01
5.200000000000000000e+01 8.400000000000000000e+01 2.566037375501735607e+00 1.866733866346523829e-01
5.700000000000000000e+01 8.500000000000000000e+01 2.514313894646213132e+00 1.530843876266366477e-01
5.500000000000000000e+01 8.400000000000000000e+01 2.143461729549196004e+00 1.566927573729678391e-01
5.400000000000000000e+01 8.500000000000000000e+01 1.956543074078743061e+00 1.591516238838302510e-01
5.400000000000000000e+01 8.800000000000000000e+01 2.066527731170794357e+00 1.272424432100245639e-01
5.400000000000000000e+01 8.500000000000000000e+01 2.125612649385871133e+00 1.150530565137688616e-01
5.400000000000000000e+01 8.800000000000000000e+01 2.224710741636043654e+00 1.203485704372909137e-01
6.300000000000000000e+01 9.400000000000000000e+01 2.107671819708034189e+00 1.428217702037416770e-01
6.400000000000000000e+01 9.500000000000000000e+01 2.228593729180882388e+00 1.687701642857439566e-01
6.400000000000000000e+01 9.600000000000000000e+01 2.373681567441473739e+00 1.884417536385178116e-01
6.400000000000000000e+01 9.700000000000000000e+01 2.805359740365179100e+00 2.096721558667663798e-01
6.200000000000000000e+01 9.800000000000000000e+01 2.850272241527988193e+00 2.358339600398710600e-01
6.700000000000000000e+01 1.030000000000000000e+02 3.331394546440825000e+00 2.525249686645089087e-01
7.400000000000000000e+01 1.140000000000000000e+02 3.857179543871897653e+00 2.822787216404862853e-01
7.200000000000000000e+01 1.160000000000000000e+02 3.772584745820715124e+00 2.984124513322868877e-01
6.800000000000000000e+01 1.150000000000000000e+02 3.397546330436715056e+00 3.148041122735083519e-01
7.200000000000000000e+01 1.150000000000000000e+02 2.971135357153176670e+00 2.375104423752564531e-01
7.600000000000000000e+01 1.270000000000000000e+02 2.707703342924031364e+00 1.889782260529057345e-01
7.400000000000000000e+01 1.260000000000000000e+02 2.584827553156622493e+00 1.793832876174195623e-01
7.100000000000000000e+01 1.260000000000000000e+02 2.260692989836849520e+00 1.700108220609046206e-01
6.800000000000000000e+01 1.260000000000000000e+02 1.953698138680197705e+00 1.696024339287172111e-01
6.800000000000000000e+01 1.320000000000000000e+02 1.971972318057291895e+00 1.739739990163048089e-01
7.100000000000000000e+01 1.380000000000000000e+02 2.101867373647838821e+00 1.894438106460468452e-01
7.100000000000000000e+01 1.500000000000000000e+02 2.215262870612526580e+00 2.237129922384001601e-01
7.300000000000000000e+01 1.510000000000000000e+02 2.643920293029871971e+00 2.507887083262115291e-01
7.300000000000000000e+01 1.510000000000000000e+02 3.128354810563086286e+00 2.715459564969295858e-01
7.800000000000000000e+01 1.460000000000000000e+02 3.671664204135248522e+00 2.429093267700529468e-01
8.100000000000000000e+01 1.440000000000000000e+02 3.817704234258302076e+00 2.292998824056350082e-01
7.900000000000000000e+01 1.450000000000000000e+02 3.694138735666351980e+00 2.452148082817074692e-01
7.900000000000000000e+01 1.470000000000000000e+02 4.042508198716773471e+00 2.616288029105883206e-01
7.600000000000000000e+01 1.450000000000000000e+02 4.039562126290276112e+00 2.805725597218050593e-01
7.300000000000000000e+01 1.440000000000000000e+02 3.790528993802865010e+00 2.696998968259641805e-01
7.200000000000000000e+01 1.420000000000000000e+02 3.923466263659916020e+00 2.681847171024990262e-01
7.100000000000000000e+01 1.540000000000000000e+02 3.550133025106150253e+00 3.052729684413750255e-01
7.200000000000000000e+01 1.480000000000000000e+02 4.150203502023003921e+00 2.776423853590076485e-01
7.000000000000000000e+01 1.470000000000000000e+02 4.051667898155910663e+00 3.143272007345633279e-01
7.000000000000000000e+01 1.480000000000000000e+02 4.492299939968461331e+00 3.289083085523001881e-01
6.200000000000000000e+01 1.460000000000000000e+02 3.451711126397758900e+00 3.476846506196226150e-01
6.200000000000000000e+01 1.450000000000000000e+02 3.331347184774834158e+00 3.595516140102866243e-01
6.200000000000000000e+01 1.440000000000000000e+02 3.634963783350906752e+00 3.713034536626105275e-01
6.100000000000000000e+01 1.420000000000000000e+02 3.972962468431875838e+00 4.093272701793659318e-01
6.100000000000000000e+01 1.390000000000000000e+02 4.605582206733036088e+00 4.390140756129732869e-01
5.800000000000000000e+01 1.360000000000000000e+02 4.573831323003600069e+00 4.718505071273488283e-01
5.600000000000000000e+01 1.270000000000000000e+02 4.352401027140333056e+00 4.501370691028177551e-01
5.300000000000000000e+01 1.280000000000000000e+02 3.976027011762937491e+00 4.582725196113647259e-01
5.200000000000000000e+01 1.250000000000000000e+02 4.316231556715430351e+00 4.685560493624446043e-01
4.400000000000000000e+01 1.200000000000000000e+02 3.046593926123285723e+00 4.919220815949079673e-01
3.900000000000000000e+01 1.070000000000000000e+02 2.399898282485394940e+00 4.112283743987649176e-01
4.000000000000000000e+01 1.010000000000000000e+02 2.547862246624793769e+00 3.499513230047224810e-01
4.000000000000000000e+01 9.500000000000000000e+01 2.950084636861872056e+00 3.137422767555561598e-01
3.900000000000000000e+01 9.500000000000000000e+01 3.085588154284346629e+00 3.262834541853156245e-01
3.700000000000000000e+01 9.100000000000000000e+01 3.019902547267201420e+00 3.247451023870774889e-01
3.600000000000000000e+01 8.900000000000000000e+01 2.710317264714636298e+00 3.122940100000219932e-01
3.800000000000000000e+01 7.900000000000000000e+01 3.128069203436799395e+00 2.360933759316375669e-01
4.300000000000000000e+01 8.400000000000000000e+01 3.122443891735437127e+00 2.115746453482077460e-01
4.600000000000000000e+01 8.200000000000000000e+01 3.274243608394082461e+00 1.970949796962651324e-01
4.200000000000000000e+01 8.100000000000000000e+01 2.497784481421373215e+00 2.201583375971548628e-01
3.600000000000000000e+01 8.200000000000000000e+01 1.506061551392068987e+00 2.391967591344484612e-01
3.900000000000000000e+01 8.700000000000000000e+01 1.750837970483978268e+00 2.185003942157728585e-01
4.200000000000000000e+01 8.400000000000000000e+01 1.540228305324284452e+00 2.167058359938223433e-01
4.200000000000000000e+01 8.100000000000000000e+01 1.784784263476660193e+00 2.130011784359444882e-01
4.000000000000000000e+01 8.000000000000000000e+01 1.550608449010498324e+00 2.277130585627804849e-01
4.500000000000000000e+01 8.800000000000000000e+01 1.577671257791494419e+00 2.378654082109540324e-01
4.600000000000000000e+01 8.200000000000000000e+01 1.601898877332091020e+00 1.774594450232221676e-01
4.700000000000000000e+01 8.000000000000000000e+01 1.623145550979602225e+00 1.448212310147584392e-01
4.700000000000000000e+01 7.800000000000000000e+01 1.596190300855803823e+00 1.433984112657219756e-01
4.600000000000000000e+01 7.700000000000000000e+01 1.587922363617275234e+00 1.310440511393904661e-01
4.900000000000000000e+01 8.600000000000000000e+01 1.273896246382250075e+00 1.436217596884956371e-01
4.800000000000000000e+01 9.000000000000000000e+01 8.294905543803912096e-01 1.545056394332196270e-01
5.100000000000000000e+01 9.000000000000000000e+01 7.748602561439067449e-01 1.424661402824486389e-01
5.200000000000000000e+01 9.000000000000000000e+01 9.388161383147116679e-01 1.411814680140042744e-01
5.300000000000000000e+01 9.100000000000000000e+01 1.129953096450497574e+00 1.500152963948251095e-01
5.700000000000000000e+01 9.600000000000000000e+01 1.351905952981280024e+00 1.606437023423038790e-01
6.300000000000000000e+01 1.030000000000000000e+02 1.390975021820956892e+00 1.769564699564267485e-01
6.100000000000000000e+01 1.010000000000000000e+02 1.203701133755700869e+00 1.760679697661729215e-01
6.100000000000000000e+01 9.800000000000000000e+01 1.467956434947244482e+00 1.718031983219486802e-01
6.400000000000000000e+01 1.010000000000000000e+02 1.776422379360747428e+00 1.759718611496770280e-01
6.400000000000000000e+01 1.000000000000000000e+02 2.131336588207702221e+00 1.908839993382451250e-01
6.500000000000000000e+01 9.800000000000000000e+01 2.536138907217459160e+00 1.806211756631422582e-01
6.900000000000000000e+01 1.070000000000000000e+02 2.515166531314882548e+00 2.128135204066867736e-01
7.000000000000000000e+01 1.090000000000000000e+02 2.980767094283665042e+00 2.149309512702830549e-01
7.200000000000000000e+01 1.100000000000000000e+02 3.500893663534128120e+00 2.278519369029268493e-01
7.000000000000000000e+01 1.090000000000000000e+02 3.640916522134320044e+00 2.427014828466975138e-01
7.000000000000000000e+01 1.100000000000000000e+02 4.006643992859221015e+00 2.600824856773104043e-01
6.800000000000000000e+01 1.070000000000000000e+02 3.751172461647248824e+00 2.362508898937731583e-01
6.400000000000000000e+01 1.030000000000000000e+02 3.411825016324160131e+00 2.281804587571117371e-01
6.100000000000000000e+01 1.010000000000000000e+02 3.205404077810943164e+00 2.413396612800034757e-01
6.000000000000000000e+01 1.010000000000000000e+02 3.178094385317248083e+00 2.720036304509843572e-01
5.900000000000000000e+01 9.700000000000000000e+01 3.485555993810256936e+00 2.351985634920160939e-01
5.800000000000000000e+01 9.800000000000000000e+01 3.388206630458665547e+00 2.213333491264848907e-01
6.600000000000000000e+01 1.020000000000000000e+02 3.426336183259073298e+00 2.460697138977382681e-01
6.400000000000000000e+01 1.020000000000000000e+02 3.425393094542738215e+00 2.882275813663586206e-01
6.500000000000000000e+01 9.600000000000000000e+01 3.326472841834579253e+00 2.661572446444789852e-01
6.400000000000000000e+01 9.100000000000000000e+01 3.405424551191014615e+00 2.505428787210339237e-01
6.300000000000000000e+01 8.600000000000000000e+01 3.728677686947562631e+00 2.308118109560282072e-01
6.000000000000000000e+01 8.500000000000000000e+01 3.533964887788100029e+00 2.585116642408019638e-01
6.300000000000000000e+01 8.700000000000000000e+01 3.518860967214472613e+00 2.920511006756756900e-01
6.100000000000000000e+01 8.600000000000000000e+01 2.989005347656780387e+00 2.935795490077260927e-01
6.100000000000000000e+01 7.800000000000000000e+01 3.477841105358925766e+00 2.501106385576367108e-01
5.800000000000000000e+01 7.600000000000000000e+01 3.098271719658211687e+00 2.537587576152291469e-01
5.900000000000000000e+01 7.500000000000000000e+01 3.345005516749903318e+00 2.438913913148253731e-01
6.000000000000000000e+01 7.900000000000000000e+01 3.131910239060793799e+00 2.668929769204211322e-01
5.800000000000000000e+01 7.400000000000000000e+01 3.174081035975552911e+00 2.516203781939281847e-01
5.900000000000000000e+01 6.500000000000000000e+01 3.426015495881164163e+00 1.781687715124468940e-01
5.600000000000000000e+01 6.500000000000000000e+01 3.167447700670406707e+00 1.687145461178292116e-01
5.800000000000000000e+01 7.000000000000000000e+01 2.811832854403187198e+00 1.980757767227617483e-01
5.600000000000000000e+01 6.600000000000000000e+01 2.730645290600317132e+00 1.862071022288291910e-01
5.500000000000000000e+01 6.600000000000000000e+01 2.598161132741535262e+00 2.057289166766117228e-01
5.700000000000000000e+01 6.600000000000000000e+01 2.524327037291974829e+00 2.295935394066803414e-01
5.400000000000000000e+01 6.600000000000000000e+01 2.053160095461080026e+00 2.095852745396121208e-01
5.500000000000000000e+01 6.300000000000000000e+01 2.159053012311055397e+00 1.744086328824270560e-01
5.100000000000000000e+01 6.200000000000000000e+01 1.585858104523805379e+00 1.771254846483270862e-01
5.200000000000000000e+01 5.900000000000000000e+01 1.899678137623397545e+00 1.537579681838414647e-01
5.500000000000000000e+01 7.100000000000000000e+01 2.257334957926946384e+00 1.270348159801633070e-01
5.600000000000000000e+01 6.700000000000000000e+01 2.659756782278879683e+00 9.960796679934974529e-02
5.400000000000000000e+01 6.700000000000000000e+01 2.607237806037055350e+00 1.170598405287836818e-01
5.600000000000000000e+01 6.600000000000000000e+01 3.058078606133920907e+00 1.233312970444449264e-01
5.600000000000000000e+01 6.500000000000000000e+01 3.272219365925562506e+00 1.339578514780890572e-01
5.500000000000000000e+01 6.500000000000000000e+01 3.554179568453668558e+00 1.461465742789052336e-01
5.400000000000000000e+01 6.200000000000000000e+01 3.663610263952838064e+00 1.373826904551402883e-01
5.100000000000000000e+01 5.700000000000000000e+01 3.336391344020366301e+00 9.231719743880492657e-02
4.800000000000000000e+01 5.600000000000000000e+01 2.870049423677891731e+00 9.446009077915419605e-02
4.600000000000000000e+01 5.600000000000000000e+01 2.875886798952306922e+00 8.139952711184184064e-02
4.300000000000000000e+01 5.900000000000000000e+01 2.569406431305342409e+00 9.646367091587805531e-02
4.300000000000000000e+01 6.000000000000000000e+01 2.670163724319351672e+00 1.139028265921453592e-01
4.200000000000000000e+01 6.000000000000000000e+01 2.808967892168194425e+00 1.340761413947331449e-01
4.000000000000000000e+01 5.800000000000000000e+01 2.813318679904359243e+00 1.363769481313489018e-01
4.100000000000000000e+01 5.700000000000000000e+01 2.788162924982178659e+00 1.270407936955854633e-01
3.900000000000000000e+01 5.900000000000000000e+01 2.709056603124789131e+00 1.373977030840496105e-01
3.900000000000000000e+01 5.900000000000000000e+01 2.838472071128829821e+00 1.509079669463452289e-01
4.100000000000000000e+01 5.900000000000000000e+01 2.764507554874235051e+00 1.560134450141165419e-01
3.800000000000000000e+01 5.700000000000000000e+01 2.267369659975063012e+00 1.601497257759361137e-01
4.300000000000000000e+01 6.300000000000000000e+01 2.365391821163794539e+00 1.636773103900815984e-01
4.500000000000000000e+01 6.700000000000000000e+01 2.255480460294502443e+00 1.779120018149246418e-01
4.800000000000000000e+01 6.500000000000000000e+01 2.609751552522919127e+00 1.695643888856091519e-01
4.800000000000000000e+01 7.000000000000000000e+01 2.080630821009925135e+00 1.656463371215335101e-01
5.500000000000000000e+01 7.500000000000000000e+01 2.163498895784026210e+00 1.681464766670963118e-01
5.400000000000000000e+01 7.300000000000000000e+01 2.226225604810979419e+00 1.722839712268124934e-01
5.300000000000000000e+01 7.500000000000000000e+01 2.119058753954656371e+00 1.752320082160889192e-01
5.100000000000000000e+01 7.200000000000000000e+01 1.923270924743142096e+00 1.732092040043659020e-01
5.000000000000000000e+01 6.900000000000000000e+01 1.944569937108286073e+00 1.585773277525209246e-01
4.900000000000000000e+01 6.800000000000000000e+01 1.987706848620241606e+00 1.607233566571384109e-01
4.800000000000000000e+01 6.800000000000000000e+01 1.986193623725960533e+00 1.768706072361133086e-01
4.500000000000000000e+01 6.400000000000000000e+01 1.550785878885527103e+00 1.217579085645122960e-01
4.500000000000000000e+01 6.000000000000000000e+01 1.310356901165951715e+00 9.335060227633795726e-02
4.600000000000000000e+01 6.800000000000000000e+01 1.266007076993126645e+00 8.177063909267850983e-02
4.500000000000000000e+01 6.700000000000000000e+01 1.269119545965236240e+00 8.004747727698094395e-02
4.400000000000000000e+01 6.700000000000000000e+01 1.277440046946975327e+00 7.623098604764293185e-02
4.700000000000000000e+01 7.200000000000000000e+01 1.249907368771846494e+00 9.039856349905805999e-02
5.200000000000000000e+01 7.400000000000000000e+01 1.495685842578931890e+00 9.472300836830296888e-02
5.800000000000000000e+01 7.500000000000000000e+01 1.539998347579528470e+00 1.014524230340697747e-01
5.800000000000000000e+01 7.600000000000000000e+01 1.601986841259832595e+00 1.198337144552013706e-01
5.700000000000000000e+01 7.500000000000000000e+01 1.686263291369127337e+00 1.306242713377076259e-01
6.000000000000000000e+01 7.800000000000000000e+01 2.036699680843163662e+00 1.313376437872902092e-01
5.900000000000000000e+01 7.700000000000000000e+01 2.221443419776611528e+00 1.425879452433369277e-01
6.200000000000000000e+01 7.800000000000000000e+01 2.655563898492620645e+00 1.540715767281578275e-01
6.400000000000000000e+01 7.700000000000000000e+01 3.145137319902216344e+00 1.674482933695863596e-01
6.300000000000000000e+01 7.600000000000000000e+01 3.256346252647167816e+00 1.864194018440853140e-01
6.800000000000000000e+01 8.200000000000000000e+01 3.573145751985728147e+00 1.982177372147958527e-01
6.800000000000000000e+01 8.700000000000000000e+01 4.158412110550156804e+00 2.084123629471491546e-01
7.100000000000000000e+01 9.200000000000000000e+01 4.360076666846354421e+00 2.202149383080475309e-01
6.800000000000000000e+01 9.200000000000000000e+01 4.277460554387984892e+00 2.578064721705004003e-01
7.400000000000000000e+01 9.700000000000000000e+01 3.976305278730722481e+00 2.592944584793469009e-01
7.600000000000000000e+01 1.020000000000000000e+02 3.622311073861624653e+00 2.432615795386808832e-01
7.200000000000000000e+01 1.000000000000000000e+02 3.189443807888790783e+00 2.575348036802745377e-01
7.000000000000000000e+01 9.400000000000000000e+01 2.938752388028027074e+00 2.296976841630921362e-01
6.500000000000000000e+01 8.700000000000000000e+01 2.218330190046477135e+00 1.815283580935734553e-01
6.200000000000000000e+01 8.400000000000000000e+01 1.807550040006451919e+00 1.696768794693127025e-01
5.900000000000000000e+01 8.100000000000000000e+01 1.343132684458917980e+00 1.634763553767253352e-01
6.000000000000000000e+01 8.000000000000000000e+01 1.613180865532227948e+00 1.454647634028781999e-01
6.000000000000000000e+01 8.000000000000000000e+01 1.622355722042111426e+00 1.604912842380676052e-01
6.000000000000000000e+01 8.000000000000000000e+01 1.961749015941086194e+00 1.725522139158641721e-01
6.100000000000000000e+01 8.100000000000000000e+01 2.352131392640685270e+00 1.903974578098246162e-01
6.100000000000000000e+01 8.300000000000000000e+01 2.795776174267346814e+00 1.900905834736343891e-01
6.000000000000000000e+01 8.300000000000000000e+01 3.077691342191058776e+00 2.104628007539229850e-01
6.100000000000000000e+01 8.000000000000000000e+01 3.393902714250943919e+00 1.796443942769927749e-01
5.900000000000000000e+01 7.900000000000000000e+01 3.460235379214620099e+00 1.861196840236933603e-01
6.300000000000000000e+01 8.000000000000000000e+01 4.040638686846608429e+00 1.901298630035521409e-01
6.400000000000000000e+01 7.700000000000000000e+01 4.243583054503231367e+00 1.751450909195892136e-01
6.300000000000000000e+01 7.200000000000000000e+01 4.456816483968212950e+00 1.462081734896492347e-01
6.000000000000000000e+01 7.500000000000000000e+01 3.528071216816300648e+00 1.602089716612680736e-01
5.600000000000000000e+01 7.900000000000000000e+01 2.841218007587224648e+00 1.885905925998106192e-01
5.900000000000000000e+01 7.800000000000000000e+01 3.055295518514955955e+00 2.073074979980229215e-01
6.200000000000000000e+01 7.900000000000000000e+01 3.368930814318832123e+00 1.957331900898742760e-01
6.300000000000000000e+01 8.200000000000000000e+01 3.691928917846302838e+00 2.019523983472357731e-01
6.000000000000000000e+01 8.200000000000000000e+01 3.588743285269790473e+00 2.265232456604074351e-01
6.000000000000000000e+01 8.100000000000000000e+01 3.708330692999498801e+00 2.494095393689347573e-01
5.900000000000000000e+01 8.200000000000000000e+01 4.068777691764087656e+00 2.778048013725877285e-01
5.500000000000000000e+01 8.000000000000000000e+01 3.536987266742892544e+00 2.925454558004779160e-01
5.400000000000000000e+01 7.500000000000000000e+01 3.582143641928465350e+00 2.847226801108280747e-01
5.800000000000000000e+01 7.400000000000000000e+01 3.661737721576595384e+00 2.372330934265130531e-01
5.700000000000000000e+01 7.300000000000000000e+01 3.680339187005723378e+00 2.340274682696428521e-01
5.500000000000000000e+01 7.000000000000000000e+01 3.029430143519920016e+00 1.931021204987067030e-01
4.600000000000000000e+01 6.500000000000000000e+01 1.354129208603225054e+00 1.663427983774765917e-01
4.500000000000000000e+01 6.500000000000000000e+01 1.063701543103676483e+00 1.252518193183473072e-01
4.700000000000000000e+01 6.700000000000000000e+01 7.757994356695769866e-01 1.165081362469537335e-01
4.800000000000000000e+01 6.500000000000000000e+01 9.484060138685954655e-01 1.023544448082656655e-01
4.900000000000000000e+01 6.700000000000000000e+01 1.151169230702896007e+00 1.024895551204788174e-01
4.900000000000000000e+01 7.300000000000000000e+01 1.387060027392697625e+00 1.211382251036983299e-01
5.400000000000000000e+01 7.600000000000000000e+01 1.443614701504992048e+00 1.321474950764276735e-01
5.400000000000000000e+01 7.600000000000000000e+01 1.516322536549174815e+00 1.431599950353076856e-01
5.700000000000000000e+01 7.800000000000000000e+01 1.826090883461022329e+00 1.560064985007535987e-01
5.700000000000000000e+01 7.600000000000000000e+01 2.179788957238117941e+00 1.601763015380745503e-01
6.100000000000000000e+01 8.300000000000000000e+01 2.580635175545845872e+00 1.444837904578843701e-01
6.200000000000000000e+01 8.300000000000000000e+01 2.767263566966483346e+00 1.574053692051683995e-01
6.000000000000000000e+01 8.600000000000000000e+01 2.807009190640869178e+00 1.602388885988140221e-01
6.000000000000000000e+01 8.400000000000000000e+01 3.283679993927767882e+00 1.617265869537111156e-01
6.600000000000000000e+01 8.900000000000000000e+01 3.591558733873036591e+00 1.445593475794929861e-01
6.600000000000000000e+01 9.300000000000000000e+01 3.465516025822943380e+00 1.561870878732384282e-01
6.700000000000000000e+01 9.700000000000000000e+01 3.271818693422759772e+00 1.835295468114297446e-01
6.500000000000000000e+01 9.800000000000000000e+01 3.270802146081737583e+00 1.834954254204417268e-01
6.400000000000000000e+01 9.600000000000000000e+01 3.289210993973466390e+00 1.778875244272917766e-01
6.100000000000000000e+01 9.500000000000000000e+01 3.087023289010311977e+00 1.841237602835629761e-01
6.400000000000000000e+01 9.300000000000000000e+01 3.098739578949669227e+00 1.577708617162525695e-01
5.900000000000000000e+01 9.200000000000000000e+01 2.365910720426790625e+00 1.642222814699518807e-01
5.900000000000000000e+01 9.100000000000000000e+01 2.476064742495834192e+00 1.562927362924134145e-01
