0.000000000000000000e+00 0.000000000000000000e+00 0.000000000000000000e+00 0.000000000000000000e+00
3.000000000000000000e+01 5.500000000000000000e+01 6.546876815262453984e-03 2.720628692844446854e-03
3.600000000000000000e+01 1.120000000000000000e+02 1.008743505024764335e-02 6.128719690747418819e-03
3.600000000000000000e+01 1.180000000000000000e+02 1.351276046071409574e-02 7.749565315665916075e-03
4.600000000000000000e+01 1.700000000000000000e+02 2.026174680293270358e-02 1.199200656441988186e-02
5.700000000000000000e+01 2.760000000000000000e+02 2.948256287711074550e-02 1.981635482564750653e-02
5.700000000000000000e+01 3.120000000000000000e+02 3.936128479724979035e-02 2.585865194836368258e-02
5.800000000000000000e+01 3.570000000000000000e+02 5.267899220398986060e-02 3.363226142376338906e-02
5.800000000000000000e+01 3.600000000000000000e+02 7.007621672302251359e-02 4.097815391581539901e-02
5.800000000000000000e+01 3.650000000000000000e+02 9.301181884178315318e-02 4.996489519113150174e-02
6.000000000000000000e+01 4.130000000000000000e+02 1.235778392200116566e-01 6.295538221961835545e-02
6.400000000000000000e+01 5.750000000000000000e+02 1.640192431946892737e-01 8.430009816990192972e-02
6.400000000000000000e+01 5.920000000000000000e+02 2.158528945770214202e-01 1.029554633161052363e-01
6.600000000000000000e+01 6.240000000000000000e+02 2.834624922537386515e-01 1.261974710283860490e-01
6.600000000000000000e+01 6.580000000000000000e+02 3.701583209360824744e-01 1.543022103615131480e-01
6.600000000000000000e+01 6.600000000000000000e+02 4.811404739328248303e-01 1.865410405404892835e-01
6.600000000000000000e+01 6.930000000000000000e+02 6.221834190407511400e-01 2.267923891614940235e-01
6.800000000000000000e+01 7.400000000000000000e+02 8.004258821699332671e-01 2.757735078536482365e-01
6.900000000000000000e+01 7.480000000000000000e+02 1.022958691216966143e+00 3.325183751053257253e-01
7.000000000000000000e+01 8.430000000000000000e+02 1.298349343014442603e+00 4.046319823014606909e-01
7.000000000000000000e+01 8.600000000000000000e+02 1.635349022439807731e+00 4.868754427629622961e-01
7.000000000000000000e+01 8.850000000000000000e+02 2.043296662997516222e+00 5.851679388334708465e-01
7.200000000000000000e+01 9.290000000000000000e+02 2.531564925516119668e+00 7.028449789201415276e-01
7.300000000000000000e+01 9.360000000000000000e+02 3.107777067671511961e+00 8.404523125070142431e-01
7.500000000000000000e+01 9.710000000000000000e+02 3.779030734679533321e+00 1.004391325874744334e+00
7.600000000000000000e+01 9.820000000000000000e+02 4.549597857521357369e+00 1.196353524440589622e+00
7.800000000000000000e+01 1.008000000000000000e+03 5.421829723333118523e+00 1.422516534426290891e+00
8.200000000000000000e+01 1.085000000000000000e+03 6.394872340726718285e+00 1.689780414120548357e+00
8.200000000000000000e+01 1.139000000000000000e+03 7.463084989156921090e+00 2.000530637500059772e+00
8.200000000000000000e+01 1.151000000000000000e+03 8.619276158543762278e+00 2.359707959570810143e+00
8.200000000000000000e+01 1.178000000000000000e+03 9.852544688257362182e+00 2.776272754868441606e+00
7.100000000000000000e+01 1.233000000000000000e+03 7.462155839944396796e+00 2.986303083915482048e+00
7.000000000000000000e+01 1.285000000000000000e+03 6.777066682051467339e+00 2.994205293256427591e+00
6.600000000000000000e+01 1.279000000000000000e+03 6.623950548385947990e+00 3.191671452671072107e+00
5.500000000000000000e+01 1.244000000000000000e+03 4.740172814652677147e+00 3.328939604465229074e+00
4.700000000000000000e+01 1.202000000000000000e+03 2.772901241289467134e+00 3.095279350059707113e+00
4.400000000000000000e+01 1.171000000000000000e+03 2.341168048570537064e+00 2.936827380537209375e+00
4.000000000000000000e+01 1.152000000000000000e+03 1.544100592042435993e+00 2.844634595972778790e+00
4.300000000000000000e+01 1.148000000000000000e+03 1.789384783359989850e+00 2.932973546879297455e+00
4.700000000000000000e+01 1.206000000000000000e+03 1.754360064426746080e+00 3.208362657969485277e+00
4.600000000000000000e+01 1.193000000000000000e+03 1.591371807597807164e+00 3.361201452285631053e+00
4.400000000000000000e+01 1.100000000000000000e+03 1.407096007819413019e+00 2.833377931764163637e+00
5.500000000000000000e+01 1.140000000000000000e+03 1.399235959075673774e+00 2.600245352731157311e+00
5.400000000000000000e+01 1.110000000000000000e+03 1.153396027628429188e+00 2.472606237166085297e+00
5.400000000000000000e+01 1.081000000000000000e+03 1.368488413841372209e+00 2.376794468909330771e+00
5.600000000000000000e+01 1.103000000000000000e+03 1.351905549834343745e+00 2.493852661112532676e+00
6.100000000000000000e+01 1.115000000000000000e+03 1.606757647636438247e+00 2.569892042152959633e+00
6.300000000000000000e+01 1.161000000000000000e+03 1.894880821202787669e+00 2.552870837241488111e+00
