0.000000000000000000e+00 0.000000000000000000e+00 0.000000000000000000e+00 0.000000000000000000e+00
1.000000000000000000e+00 0.000000000000000000e+00 2.182292271754151852e-04 0.000000000000000000e+00
2.000000000000000000e+00 1.000000000000000000e+00 5.108312167485866374e-04 4.946597623353541804e-05
2.000000000000000000e+00 1.000000000000000000e+00 6.845069403490071933e-04 6.016652809883476952e-05
6.000000000000000000e+00 1.000000000000000000e+00 1.789089353694947680e-03 7.315049739329286982e-05
7.000000000000000000e+00 1.000000000000000000e+00 2.613251896923712413e-03 8.889451418664315329e-05
1.300000000000000000e+01 6.000000000000000000e+00 4.803995376325751951e-03 3.553010009995829360e-04
1.300000000000000000e+01 6.000000000000000000e+00 6.422065453641731189e-03 4.318995140485368299e-04
1.500000000000000000e+01 8.000000000000000000e+00 9.008726594490571241e-03 6.236879214101048383e-04
1.800000000000000000e+01 1.800000000000000000e+01 1.266263759526946135e-02 1.252227714329413183e-03
2.600000000000000000e+01 2.400000000000000000e+01 1.859863841587585873e-02 1.818130483175322068e-03
2.900000000000000000e+01 2.800000000000000000e+01 2.537736294869041495e-02 2.406135941219803703e-03
3.400000000000000000e+01 3.600000000000000000e+01 3.475719472844470553e-02 3.317006242580710241e-03
3.500000000000000000e+01 3.800000000000000000e+01 4.622963775114975055e-02 4.124828443473469407e-03
4.300000000000000000e+01 5.200000000000000000e+01 6.277702145118567445e-02 5.696042400684417188e-03
4.700000000000000000e+01 5.300000000000000000e+01 8.353182642180125017e-02 6.957009897848615010e-03
4.900000000000000000e+01 5.700000000000000000e+01 1.100692342241552796e-01 8.628782449955808495e-03
5.000000000000000000e+01 5.900000000000000000e+01 1.441452788252654549e-01 1.054874997712424052e-02
5.000000000000000000e+01 6.200000000000000000e+01 1.877016402901343084e-01 1.291328724878174419e-02
5.400000000000000000e+01 6.500000000000000000e+01 2.441628740394132246e-01 1.576144285601872516e-02
5.800000000000000000e+01 6.700000000000000000e+01 3.157888971993146887e-01 1.913806532064651553e-02
5.900000000000000000e+01 7.000000000000000000e+01 4.053347488099636187e-01 2.324264873896171937e-02
6.000000000000000000e+01 7.200000000000000000e+01 5.171585309270990694e-01 2.811549300885117855e-02
6.000000000000000000e+01 7.300000000000000000e+01 6.554046267340338794e-01 3.389865942270819943e-02
6.000000000000000000e+01 7.300000000000000000e+01 8.250306672529698071e-01 4.075738062723130439e-02
6.200000000000000000e+01 7.700000000000000000e+01 1.031636189065788800e+00 4.913024975778074871e-02
6.300000000000000000e+01 8.300000000000000000e+01 1.280128985924872342e+00 5.919207139613958529e-02
6.400000000000000000e+01 8.500000000000000000e+01 1.576210915817159997e+00 7.094170386024928332e-02
6.500000000000000000e+01 9.100000000000000000e+01 1.925334160669604833e+00 8.505026326701363437e-02
6.500000000000000000e+01 9.300000000000000000e+01 2.332428844335891593e+00 1.015176801334264217e-01
6.600000000000000000e+01 9.500000000000000000e+01 2.802467350913417921e+00 1.209062775056825578e-01
6.500000000000000000e+01 9.500000000000000000e+01 3.121918269446986915e+00 1.435649751635423022e-01
6.700000000000000000e+01 9.700000000000000000e+01 3.705814700710250875e+00 1.597183293150165051e-01
6.600000000000000000e+01 9.900000000000000000e+01 4.121282922662067527e+00 1.891641425052351388e-01
6.700000000000000000e+01 1.030000000000000000e+02 4.392343419953799177e+00 2.235422614899132965e-01
6.600000000000000000e+01 1.050000000000000000e+02 4.667383663196893906e+00 2.633158462617109508e-01
6.200000000000000000e+01 1.030000000000000000e+02 4.511085599173787486e+00 2.881560088688101540e-01
6.000000000000000000e+01 1.030000000000000000e+02 4.766568004587144358e+00 3.256789129653386849e-01
5.900000000000000000e+01 1.020000000000000000e+02 5.041813790564521724e+00 3.564713402780314011e-01
5.500000000000000000e+01 9.900000000000000000e+01 4.920679451162270901e+00 3.686659834414860448e-01
5.000000000000000000e+01 9.500000000000000000e+01 4.570314628170346616e+00 3.585200305641394469e-01
4.800000000000000000e+01 9.400000000000000000e+01 4.568966794716428304e+00 3.431398692053811428e-01
5.900000000000000000e+01 1.110000000000000000e+02 4.307955369263794410e+00 3.150973382714375992e-01
5.800000000000000000e+01 1.050000000000000000e+02 4.644876391815003558e+00 2.898695081591405320e-01
5.000000000000000000e+01 9.800000000000000000e+01 3.365637668799362991e+00 2.605416748180892084e-01
4.500000000000000000e+01 9.300000000000000000e+01 2.699640594809558092e+00 2.350808104906997320e-01
4.300000000000000000e+01 9.200000000000000000e+01 2.513329472888721217e+00 2.028076095695993120e-01
4.200000000000000000e+01 8.800000000000000000e+01 2.635812541248276464e+00 1.823956115095193564e-01
4.200000000000000000e+01 8.900000000000000000e+01 2.498919676537677326e+00 1.849819620873895953e-01
3.900000000000000000e+01 8.800000000000000000e+01 2.102789213187672424e+00 1.834293178026022708e-01
3.700000000000000000e+01 8.600000000000000000e+01 1.705193737816899091e+00 1.777866402615597696e-01
3.700000000000000000e+01 8.900000000000000000e+01 1.261899064053212838e+00 1.820555078063962606e-01
3.700000000000000000e+01 9.400000000000000000e+01 1.250856444928203359e+00 1.751576188841012238e-01
3.800000000000000000e+01 9.400000000000000000e+01 1.173174736620334668e+00 1.933437158687086044e-01
4.100000000000000000e+01 9.900000000000000000e+01 1.380078557124921002e+00 2.108150054769675485e-01
4.000000000000000000e+01 9.800000000000000000e+01 1.393323391663979782e+00 2.117582691086226654e-01
4.200000000000000000e+01 9.500000000000000000e+01 1.387147022575202060e+00 2.039530174462493295e-01
4.200000000000000000e+01 9.500000000000000000e+01 1.167353590897570736e+00 2.124806312742889280e-01
4.100000000000000000e+01 9.000000000000000000e+01 1.169089547448409760e+00 1.906399704881077961e-01
4.100000000000000000e+01 8.700000000000000000e+01 1.394295792680094737e+00 1.724286127421663650e-01
4.300000000000000000e+01 8.900000000000000000e+01 1.433738959591706497e+00 1.743666631159720704e-01
4.400000000000000000e+01 8.700000000000000000e+01 1.699768768190119905e+00 1.766526199810627973e-01
5.100000000000000000e+01 9.200000000000000000e+01 2.000886900682379288e+00 1.729865222141098446e-01
5.200000000000000000e+01 9.600000000000000000e+01 1.857979404954153813e+00 1.931512542962482426e-01
5.600000000000000000e+01 9.600000000000000000e+01 1.752202470680463309e+00 1.920277249539508735e-01
6.000000000000000000e+01 9.800000000000000000e+01 2.072856860861503669e+00 1.789635503451907084e-01
5.900000000000000000e+01 9.900000000000000000e+01 2.191451288775965178e+00 1.970808334062631451e-01
6.700000000000000000e+01 1.070000000000000000e+02 2.284194955316187770e+00 2.323762417916702128e-01
6.800000000000000000e+01 1.110000000000000000e+02 2.458972346828864008e+00 2.609094121355620688e-01
6.800000000000000000e+01 1.140000000000000000e+02 2.865827160539506480e+00 2.937136745548554195e-01
6.800000000000000000e+01 1.120000000000000000e+02 3.309056264890398058e+00 3.206142009155511508e-01
6.900000000000000000e+01 1.080000000000000000e+02 3.787109737896181105e+00 3.301844347041403283e-01
6.000000000000000000e+01 9.800000000000000000e+01 2.344784864241360012e+00 2.551071818663027124e-01
6.400000000000000000e+01 9.900000000000000000e+01 1.946434476627353805e+00 2.008845180354098259e-01
6.700000000000000000e+01 9.800000000000000000e+01 1.469142346127314980e+00 2.070141446313922273e-01
6.800000000000000000e+01 9.900000000000000000e+01 1.461800705795948785e+00 2.103109500021133338e-01
6.800000000000000000e+01 9.600000000000000000e+01 1.754722433218414368e+00 1.963747579501781693e-01
7.200000000000000000e+01 9.900000000000000000e+01 2.090581596854306223e+00 1.977661244092790149e-01
7.600000000000000000e+01 1.120000000000000000e+02 2.471375433082938500e+00 1.978610214084925434e-01
7.600000000000000000e+01 1.120000000000000000e+02 2.659515788418277626e+00 2.096606513012498063e-01
7.500000000000000000e+01 1.150000000000000000e+02 2.635658476626579816e+00 2.458908647487132171e-01
7.200000000000000000e+01 1.140000000000000000e+02 2.446564025036482182e+00 2.630481588093597223e-01
7.800000000000000000e+01 1.290000000000000000e+02 2.896850370281919940e+00 2.279941709881666001e-01
7.600000000000000000e+01 1.260000000000000000e+02 2.946662041870735660e+00 2.284607069883098363e-01
7.700000000000000000e+01 1.310000000000000000e+02 3.011836084910082256e+00 2.063753441064148098e-01
7.800000000000000000e+01 1.270000000000000000e+02 3.550223319497219698e+00 1.792880636791528426e-01
7.600000000000000000e+01 1.300000000000000000e+02 3.673976248998590322e+00 1.849046303274324565e-01
7.600000000000000000e+01 1.330000000000000000e+02 3.775406180551866164e+00 1.970527968803296726e-01
7.600000000000000000e+01 1.320000000000000000e+02 4.182825588240705272e+00 2.162218597925598396e-01
8.200000000000000000e+01 1.450000000000000000e+02 4.592720456815461816e+00 2.446718313987546189e-01
8.400000000000000000e+01 1.510000000000000000e+02 4.613777573110715124e+00 2.772587094782901218e-01
8.400000000000000000e+01 1.500000000000000000e+02 4.894124101638780644e+00 3.128851894803289513e-01
8.400000000000000000e+01 1.470000000000000000e+02 4.998111573681896402e+00 2.996951643859926406e-01
8.400000000000000000e+01 1.450000000000000000e+02 5.072384289561618687e+00 2.897250127974888567e-01
8.100000000000000000e+01 1.480000000000000000e+02 4.201974959924970499e+00 3.151979406814574558e-01
7.600000000000000000e+01 1.450000000000000000e+02 3.685557227356535126e+00 3.195110073722701727e-01
7.400000000000000000e+01 1.420000000000000000e+02 3.719732030613717377e+00 3.247567361889121540e-01
6.900000000000000000e+01 1.360000000000000000e+02 3.222784295545875199e+00 3.037570707570604878e-01
6.800000000000000000e+01 1.290000000000000000e+02 3.273852913481803295e+00 2.693873002999459532e-01
6.900000000000000000e+01 1.290000000000000000e+02 3.072767554673021095e+00 2.631841527810000470e-01
6.800000000000000000e+01 1.280000000000000000e+02 3.315341607510876809e+00 2.831944589617855224e-01
7.100000000000000000e+01 1.260000000000000000e+02 3.874453482633640533e+00 3.006069090861963611e-01
7.200000000000000000e+01 1.260000000000000000e+02 4.486770823288181553e+00 3.246053737754164281e-01
7.000000000000000000e+01 1.260000000000000000e+02 4.021782879850706927e+00 3.391271633683008990e-01
6.600000000000000000e+01 1.220000000000000000e+02 3.733348167662304373e+00 3.475346061686478416e-01
6.300000000000000000e+01 1.190000000000000000e+02 3.358943171571382447e+00 3.710507761189349996e-01
6.300000000000000000e+01 1.230000000000000000e+02 3.333206281102101265e+00 4.122843882359443213e-01
6.700000000000000000e+01 1.210000000000000000e+02 3.856942452354677364e+00 4.082476677281344224e-01
6.600000000000000000e+01 1.130000000000000000e+02 3.452020088424549993e+00 3.810775170201997630e-01
6.300000000000000000e+01 1.080000000000000000e+02 3.222836394837039986e+00 3.865140428407689566e-01
6.400000000000000000e+01 1.090000000000000000e+02 3.195838701071807009e+00 4.046119482409047952e-01
6.400000000000000000e+01 1.050000000000000000e+02 3.721040231869260140e+00 4.175304530042415196e-01
6.300000000000000000e+01 1.000000000000000000e+02 3.169878063562680204e+00 3.636121938138356935e-01
6.000000000000000000e+01 9.600000000000000000e+01 2.905491298939594014e+00 3.632378237118140119e-01
5.900000000000000000e+01 9.200000000000000000e+01 2.760141496392615412e+00 3.359266481651298486e-01
6.000000000000000000e+01 9.900000000000000000e+01 3.250772618456709395e+00 3.131742556491853291e-01
6.000000000000000000e+01 9.500000000000000000e+01 3.792285250189942669e+00 2.874981721668644630e-01
6.100000000000000000e+01 9.200000000000000000e+01 4.121863652996339944e+00 2.755555539793377307e-01
5.900000000000000000e+01 9.200000000000000000e+01 4.280564789704128792e+00 2.908069897343867338e-01
5.800000000000000000e+01 8.800000000000000000e+01 4.243252845119061867e+00 2.351214479829611403e-01
5.400000000000000000e+01 8.400000000000000000e+01 3.633226204809065774e+00 1.953886176541138053e-01
5.100000000000000000e+01 8.000000000000000000e+01 3.426560127655446042e+00 1.755027782785368029e-01
5.200000000000000000e+01 7.600000000000000000e+01 3.405734728628688757e+00 1.413692861060194539e-01
4.800000000000000000e+01 7.400000000000000000e+01 2.897882224888843616e+00 1.389393827882925425e-01
4.500000000000000000e+01 7.400000000000000000e+01 2.097897805648049729e+00 1.295737470976307260e-01
4.600000000000000000e+01 7.400000000000000000e+01 2.156628533957827720e+00 1.138258945633353891e-01
4.700000000000000000e+01 8.300000000000000000e+01 1.969457492103334539e+00 1.237387390621207395e-01
4.900000000000000000e+01 8.900000000000000000e+01 2.321571917002346108e+00 1.298049667743230717e-01
4.900000000000000000e+01 8.800000000000000000e+01 2.712526680803094781e+00 1.367314022080259039e-01
4.600000000000000000e+01 9.000000000000000000e+01 2.469176959040427999e+00 1.399783227761823012e-01
4.700000000000000000e+01 9.300000000000000000e+01 2.631519873055366610e+00 1.422801546823622143e-01
4.500000000000000000e+01 9.200000000000000000e+01 2.614258477194687735e+00 1.535895219360235708e-01
4.800000000000000000e+01 9.500000000000000000e+01 2.524152070968189943e+00 1.703900134590679849e-01
4.400000000000000000e+01 9.500000000000000000e+01 2.013226012433518619e+00 1.896887363875500998e-01
4.500000000000000000e+01 9.900000000000000000e+01 2.361274701118494690e+00 1.967661553462866919e-01
4.500000000000000000e+01 1.000000000000000000e+02 2.526945716844700485e+00 2.169497083785018876e-01
5.500000000000000000e+01 1.090000000000000000e+02 2.922470508164274339e+00 1.969071053260915694e-01
6.000000000000000000e+01 1.070000000000000000e+02 3.109965542547037387e+00 1.771361171941574775e-01
5.600000000000000000e+01 1.070000000000000000e+02 2.630703890423978564e+00 1.945877580041744659e-01
5.400000000000000000e+01 1.140000000000000000e+02 2.458495473877564397e+00 2.170207552818198549e-01
5.300000000000000000e+01 1.110000000000000000e+02 2.532173279846549274e+00 2.127084291537494898e-01
5.200000000000000000e+01 1.140000000000000000e+02 2.373361800448428927e+00 2.377786676170774438e-01
5.200000000000000000e+01 1.110000000000000000e+02 2.243257635050057264e+00 2.365999112437139895e-01
5.300000000000000000e+01 1.190000000000000000e+02 2.053843746307867590e+00 2.549509809132284865e-01
5.600000000000000000e+01 1.240000000000000000e+02 2.111525954492589729e+00 2.636111236115252221e-01
5.600000000000000000e+01 1.180000000000000000e+02 1.916897387762961147e+00 2.344227840502208504e-01
5.700000000000000000e+01 1.180000000000000000e+02 1.993947144714869335e+00 2.135886153403849796e-01
6.300000000000000000e+01 1.400000000000000000e+02 1.823164964707143954e+00 2.148172298413898174e-01
6.200000000000000000e+01 1.420000000000000000e+02 1.903416297609427987e+00 2.254620411151601889e-01
6.100000000000000000e+01 1.400000000000000000e+02 2.020650240294573852e+00 2.130443237408624901e-01
6.000000000000000000e+01 1.370000000000000000e+02 2.153785271571589721e+00 1.995709859175787970e-01
6.100000000000000000e+01 1.380000000000000000e+02 2.259985021463261301e+00 2.228460504285379451e-01
6.200000000000000000e+01 1.390000000000000000e+02 2.429677539457558488e+00 2.356989275558554753e-01
6.300000000000000000e+01 1.440000000000000000e+02 2.597137413354637658e+00 2.614638009011009956e-01
6.400000000000000000e+01 1.540000000000000000e+02 2.763965677860701131e+00 2.865147148815377354e-01
6.400000000000000000e+01 1.520000000000000000e+02 2.976090885533880126e+00 3.027432469026434814e-01
6.400000000000000000e+01 1.530000000000000000e+02 2.757057341659504779e+00 2.901373901203733174e-01
6.200000000000000000e+01 1.480000000000000000e+02 2.713671924658928258e+00 2.631538039746341706e-01
6.500000000000000000e+01 1.570000000000000000e+02 2.655485257447559810e+00 2.832345871011966443e-01
6.500000000000000000e+01 1.550000000000000000e+02 2.866036550840388664e+00 2.951780310826598863e-01
6.500000000000000000e+01 1.500000000000000000e+02 3.152729083590296355e+00 2.843080593157032432e-01
6.600000000000000000e+01 1.480000000000000000e+02 3.688068798895040690e+00 2.915796931018431182e-01
6.600000000000000000e+01 1.510000000000000000e+02 3.626282500047023571e+00 3.059786612672197315e-01
6.400000000000000000e+01 1.530000000000000000e+02 3.677598713558006160e+00 3.474104000261580283e-01
6.300000000000000000e+01 1.500000000000000000e+02 3.997083062045388324e+00 3.635837727754694382e-01
6.200000000000000000e+01 1.480000000000000000e+02 4.388929804135512036e+00 3.857195120317873371e-01
6.000000000000000000e+01 1.400000000000000000e+02 4.372584473795324556e+00 3.308892880973006156e-01
5.200000000000000000e+01 1.370000000000000000e+02 3.116573523430320236e+00 3.411988709864093861e-01
4.900000000000000000e+01 1.350000000000000000e+02 2.833798708815226330e+00 3.581653455211420423e-01
5.300000000000000000e+01 1.340000000000000000e+02 3.009788169185556583e+00 3.482447994454414553e-01
5.200000000000000000e+01 1.310000000000000000e+02 3.188420715425802854e+00 3.703933457315315425e-01
5.000000000000000000e+01 1.300000000000000000e+02 3.175265275416051747e+00 3.992672588895568309e-01
6.000000000000000000e+01 1.350000000000000000e+02 3.470484053105336919e+00 4.291744475332061048e-01
5.800000000000000000e+01 1.290000000000000000e+02 3.545741010404841909e+00 4.331693521246213208e-01
5.600000000000000000e+01 1.220000000000000000e+02 3.617469517137136048e+00 4.132731731229361549e-01
6.000000000000000000e+01 1.240000000000000000e+02 3.706914554508529136e+00 4.188288111878689657e-01
6.200000000000000000e+01 1.250000000000000000e+02 3.265575200168395753e+00 4.519602751635754534e-01
5.500000000000000000e+01 1.150000000000000000e+02 2.120643721185627051e+00 3.848389830436959036e-01
5.700000000000000000e+01 1.080000000000000000e+02 1.918932031667477167e+00 3.287348886765580347e-01
5.800000000000000000e+01 1.020000000000000000e+02 1.991030354530296309e+00 3.032108325431168705e-01
5.900000000000000000e+01 1.000000000000000000e+02 2.338591222793374502e+00 2.979664103330703639e-01
5.900000000000000000e+01 9.700000000000000000e+01 2.505330001891429959e+00 3.055862503948670317e-01
5.700000000000000000e+01 9.600000000000000000e+01 2.467852083802893670e+00 3.243597686814571612e-01
5.600000000000000000e+01 9.200000000000000000e+01 2.375543907766965557e+00 3.347037819432353012e-01
5.500000000000000000e+01 8.700000000000000000e+01 2.077574839825738540e+00 3.112718084050783429e-01
5.700000000000000000e+01 8.200000000000000000e+01 2.418758430340326893e+00 2.856926646539578174e-01
5.900000000000000000e+01 7.900000000000000000e+01 2.359015688042271908e+00 2.574914548588361773e-01
6.100000000000000000e+01 7.700000000000000000e+01 2.459461757575603702e+00 2.492902526783404571e-01
5.900000000000000000e+01 7.200000000000000000e+01 2.180976866309479956e+00 1.937473408491084681e-01
6.600000000000000000e+01 8.100000000000000000e+01 2.065656490777151078e+00 1.745891216522144906e-01
6.300000000000000000e+01 8.000000000000000000e+01 1.613994471447410151e+00 1.902021204613830174e-01
6.200000000000000000e+01 8.000000000000000000e+01 1.701806605694987651e+00 1.924150936244810595e-01
6.400000000000000000e+01 9.000000000000000000e+01 1.593992227814647666e+00 1.758391424568959138e-01
6.600000000000000000e+01 9.500000000000000000e+01 1.921515715582079453e+00 1.575541780750356335e-01
6.700000000000000000e+01 1.030000000000000000e+02 2.037604334859177246e+00 1.625841865551602705e-01
6.800000000000000000e+01 1.020000000000000000e+02 2.446452060584471511e+00 1.642614661763319439e-01
6.800000000000000000e+01 1.000000000000000000e+02 2.911347018884792526e+00 1.558651620186572162e-01
6.700000000000000000e+01 1.040000000000000000e+02 3.194747508994131735e+00 1.728790435299216999e-01
6.700000000000000000e+01 1.030000000000000000e+02 3.753586186820138781e+00 1.889221087704896773e-01
6.600000000000000000e+01 9.900000000000000000e+01 3.936655182708959089e+00 1.777288883540653619e-01
6.400000000000000000e+01 9.800000000000000000e+01 4.086535850568282058e+00 1.962870076836552291e-01
6.700000000000000000e+01 1.010000000000000000e+02 4.725326154565843595e+00 2.056142741124289131e-01
6.100000000000000000e+01 9.700000000000000000e+01 4.047525066330962318e+00 1.879590571227958418e-01
6.500000000000000000e+01 9.900000000000000000e+01 3.937053802136549763e+00 1.941448163527541293e-01
6.400000000000000000e+01 9.700000000000000000e+01 4.262061902807009695e+00 1.993371376171361731e-01
6.400000000000000000e+01 9.500000000000000000e+01 4.155839390317812132e+00 1.791279415251075813e-01
6.100000000000000000e+01 1.000000000000000000e+02 2.878204950868525458e+00 1.978795373381217471e-01
6.000000000000000000e+01 9.500000000000000000e+01 3.094909174144129693e+00 1.688679700415559037e-01
6.100000000000000000e+01 9.600000000000000000e+01 2.857104275517587944e+00 1.513360468060121200e-01
6.100000000000000000e+01 1.010000000000000000e+02 2.555722821772578257e+00 1.645066047869270243e-01
6.200000000000000000e+01 1.080000000000000000e+02 2.779222684525440634e+00 1.517601682798403739e-01
6.100000000000000000e+01 1.090000000000000000e+02 2.961934984808132221e+00 1.675698850058792988e-01
6.200000000000000000e+01 1.110000000000000000e+02 3.171928048380479037e+00 1.878268696556263384e-01
6.100000000000000000e+01 1.110000000000000000e+02 3.429848979078648163e+00 2.218697585721498833e-01
5.900000000000000000e+01 1.110000000000000000e+02 3.300942030957966900e+00 2.613756480674329086e-01
5.800000000000000000e+01 1.130000000000000000e+02 3.605642515813403559e+00 2.846583151290176250e-01
5.700000000000000000e+01 1.120000000000000000e+02 3.712810839950252184e+00 2.991860035774359106e-01
5.500000000000000000e+01 1.090000000000000000e+02 3.769027845137501220e+00 3.176059236270845076e-01
5.200000000000000000e+01 1.100000000000000000e+02 3.576992277950076460e+00 3.613482238723949580e-01
5.200000000000000000e+01 1.100000000000000000e+02 3.352854997812635851e+00 3.156695856799137112e-01
4.900000000000000000e+01 1.100000000000000000e+02 2.571025909710890289e+00 3.445748946690586623e-01
4.900000000000000000e+01 1.070000000000000000e+02 2.689035360962833021e+00 3.613776785727928487e-01
4.700000000000000000e+01 1.000000000000000000e+02 2.362281619696124491e+00 3.312042302787852610e-01
4.400000000000000000e+01 9.300000000000000000e+01 1.960116232626683219e+00 2.947427514715019181e-01
4.500000000000000000e+01 8.400000000000000000e+01 1.811151165511517780e+00 2.240750707862439184e-01
4.800000000000000000e+01 8.200000000000000000e+01 1.873845037687507098e+00 1.846361274629013394e-01
4.900000000000000000e+01 8.200000000000000000e+01 1.955545593576599739e+00 1.733916700111130804e-01
4.800000000000000000e+01 7.900000000000000000e+01 2.058484009244013535e+00 1.639130206321353367e-01
4.800000000000000000e+01 7.800000000000000000e+01 2.446134073161036149e+00 1.622197594871809812e-01
4.700000000000000000e+01 7.700000000000000000e+01 2.662714639446712273e+00 1.767831530618527436e-01
4.700000000000000000e+01 7.700000000000000000e+01 3.119206961288088831e+00 1.918430147670710240e-01
4.800000000000000000e+01 7.900000000000000000e+01 3.402805847871769984e+00 1.939077525692614601e-01
5.000000000000000000e+01 7.900000000000000000e+01 3.444029243618738523e+00 2.170783186539382847e-01
4.700000000000000000e+01 7.500000000000000000e+01 3.305686333184267856e+00 2.088173994682001600e-01
5.000000000000000000e+01 8.100000000000000000e+01 3.547302118058994758e+00 2.171474228823895569e-01
4.700000000000000000e+01 8.100000000000000000e+01 3.079759057697493141e+00 2.439220301871327101e-01
4.300000000000000000e+01 7.700000000000000000e+01 2.574567280376351075e+00 2.414327962862035659e-01
4.300000000000000000e+01 7.900000000000000000e+01 2.462877593394082965e+00 2.561274113875181557e-01
4.200000000000000000e+01 7.600000000000000000e+01 2.093059800928214198e+00 2.637097318201673257e-01
3.900000000000000000e+01 7.100000000000000000e+01 1.724556257701838069e+00 2.475043667204008258e-01
3.900000000000000000e+01 6.400000000000000000e+01 1.485794576351204599e+00 1.989815664447220078e-01
3.900000000000000000e+01 6.000000000000000000e+01 1.488563215478184265e+00 1.673416851985160547e-01
3.900000000000000000e+01 5.700000000000000000e+01 1.517137505872090841e+00 1.430503882155889361e-01
4.100000000000000000e+01 5.600000000000000000e+01 1.245578458408081346e+00 1.553225376425189097e-01
4.300000000000000000e+01 6.600000000000000000e+01 1.264193953989891872e+00 1.640868804711525519e-01
4.400000000000000000e+01 7.100000000000000000e+01 1.507314619833832747e+00 1.553551413240986390e-01
4.300000000000000000e+01 7.100000000000000000e+01 1.564503592874334714e+00 1.592561211070510352e-01
4.400000000000000000e+01 7.000000000000000000e+01 1.848441489293551232e+00 1.722832765841411373e-01
4.700000000000000000e+01 7.800000000000000000e+01 2.165121660436878592e+00 1.771889754604986378e-01
5.000000000000000000e+01 7.500000000000000000e+01 2.514186564837707305e+00 1.316608599176698480e-01
4.600000000000000000e+01 7.300000000000000000e+01 1.981903960257056951e+00 1.297173580995804043e-01
4.700000000000000000e+01 7.900000000000000000e+01 2.043084297274705641e+00 1.260855579559348738e-01
4.900000000000000000e+01 8.200000000000000000e+01 1.919255012023363793e+00 1.319250890295040612e-01
4.900000000000000000e+01 8.200000000000000000e+01 2.237946731709460568e+00 1.281970284810514393e-01
4.900000000000000000e+01 8.500000000000000000e+01 2.154671847997628120e+00 1.365943692774909679e-01
4.700000000000000000e+01 8.300000000000000000e+01 2.057792818758483300e+00 1.269654418922569472e-01
4.700000000000000000e+01 8.200000000000000000e+01 2.120369433444066587e+00 1.038968997049641435e-01
4.700000000000000000e+01 8.100000000000000000e+01 1.953990618391907130e+00 1.103987834958095882e-01
4.700000000000000000e+01 8.200000000000000000e+01 1.994213415385244437e+00 1.197573070810404317e-01
4.600000000000000000e+01 8.200000000000000000e+01 2.047503757986485873e+00 1.410780323127601155e-01
4.700000000000000000e+01 8.100000000000000000e+01 2.398321382313621353e+00 1.552351439713605119e-01
5.800000000000000000e+01 9.400000000000000000e+01 2.570615185571944572e+00 1.513509742053388563e-01
5.700000000000000000e+01 9.100000000000000000e+01 2.754406795291227894e+00 1.429525750684546015e-01
5.500000000000000000e+01 9.100000000000000000e+01 2.667345904581584826e+00 1.680692408076172595e-01
5.200000000000000000e+01 8.800000000000000000e+01 2.376504312018694609e+00 1.550974141781589211e-01
5.100000000000000000e+01 9.200000000000000000e+01 2.227749048018546674e+00 1.477789080295090485e-01
5.400000000000000000e+01 9.500000000000000000e+01 2.333236658313480483e+00 1.602139229195640169e-01
5.300000000000000000e+01 9.500000000000000000e+01 2.497847779239088073e+00 1.518104689842511568e-01
5.700000000000000000e+01 9.800000000000000000e+01 2.396014803488915490e+00 1.672663049119156031e-01
5.600000000000000000e+01 9.700000000000000000e+01 2.548089248347512381e+00 1.834142679537867082e-01
5.600000000000000000e+01 9.900000000000000000e+01 2.672543614724644634e+00 2.058439571487809538e-01
5.800000000000000000e+01 1.050000000000000000e+02 2.858096497893037213e+00 2.320627548472531942e-01
5.800000000000000000e+01 1.040000000000000000e+02 3.037025172693347042e+00 2.620204600506605419e-01
5.500000000000000000e+01 1.090000000000000000e+02 2.797387172462550975e+00 3.072220443972621950e-01
5.300000000000000000e+01 1.030000000000000000e+02 2.505927954247106015e+00 2.958052723528838412e-01
5.300000000000000000e+01 9.900000000000000000e+01 2.185172171336390523e+00 2.791234722471793717e-01
5.600000000000000000e+01 1.100000000000000000e+02 2.291855308610682318e+00 2.778376738812773361e-01
5.600000000000000000e+01 1.070000000000000000e+02 2.675537932803357055e+00 2.822106241124289205e-01
5.600000000000000000e+01 1.050000000000000000e+02 2.641908088178288150e+00 2.586208995100519048e-01
5.300000000000000000e+01 1.040000000000000000e+02 2.384871654967690713e+00 2.386178666783936309e-01
6.000000000000000000e+01 1.210000000000000000e+02 2.535270024863579774e+00 2.397172093215062527e-01
5.800000000000000000e+01 1.170000000000000000e+02 2.440934690607035495e+00 2.239716362654444182e-01
5.600000000000000000e+01 1.150000000000000000e+02 2.192796954900239292e+00 2.089301389940647069e-01
6.000000000000000000e+01 1.220000000000000000e+02 2.309630867129763843e+00 1.963078564539972037e-01
5.800000000000000000e+01 1.190000000000000000e+02 2.273886755824706452e+00 1.896984973155492749e-01
5.800000000000000000e+01 1.170000000000000000e+02 2.388380443321935331e+00 1.983122932824740725e-01
6.200000000000000000e+01 1.150000000000000000e+02 2.593137955623589619e+00 1.941652812744945056e-01
6.100000000000000000e+01 1.140000000000000000e+02 2.819874066060856777e+00 2.001492657163999045e-01
6.100000000000000000e+01 1.170000000000000000e+02 3.069130229381443975e+00 2.110850638994596074e-01
6.800000000000000000e+01 1.220000000000000000e+02 3.296927973771651033e+00 2.482150678161547386e-01
6.800000000000000000e+01 1.210000000000000000e+02 3.805744588773908976e+00 2.769043672453228022e-01
6.300000000000000000e+01 1.120000000000000000e+02 3.248820528796369178e+00 2.187847939781717987e-01
6.000000000000000000e+01 1.080000000000000000e+02 3.009237905018361303e+00 2.082386992169495410e-01
5.900000000000000000e+01 1.070000000000000000e+02 2.937132551845051065e+00 2.169923332071370115e-01
5.700000000000000000e+01 1.070000000000000000e+02 2.817475885111582645e+00 2.550242196411622309e-01
5.600000000000000000e+01 1.030000000000000000e+02 2.958226134330498081e+00 2.568577140395292835e-01
5.600000000000000000e+01 1.040000000000000000e+02 2.968288423659624087e+00 2.437312839203930603e-01
5.600000000000000000e+01 1.040000000000000000e+02 3.192635599255341017e+00 2.391026808319402230e-01
5.100000000000000000e+01 1.020000000000000000e+02 2.546501346241652364e+00 2.543751395195928411e-01
4.900000000000000000e+01 1.000000000000000000e+02 2.438285163274164002e+00 2.743177389252584031e-01
4.800000000000000000e+01 9.700000000000000000e+01 2.635185189967564234e+00 2.813955830593334317e-01
4.500000000000000000e+01 9.300000000000000000e+01 2.354447231992315537e+00 2.863318197650213670e-01
5.300000000000000000e+01 1.040000000000000000e+02 2.555232151899392790e+00 2.982255240879367886e-01
5.300000000000000000e+01 1.030000000000000000e+02 2.734551343293204262e+00 3.146076108691430173e-01
5.300000000000000000e+01 1.070000000000000000e+02 2.983432264982281090e+00 3.405571532120107436e-01
5.200000000000000000e+01 1.080000000000000000e+02 3.039878890988392701e+00 3.737646169752311121e-01
5.000000000000000000e+01 1.030000000000000000e+02 2.858161608010455712e+00 3.466692496275116109e-01
5.000000000000000000e+01 1.180000000000000000e+02 3.087972142914917839e+00 3.429308923094361861e-01
5.000000000000000000e+01 1.150000000000000000e+02 3.361090932715054436e+00 3.370724803334189668e-01
4.900000000000000000e+01 1.160000000000000000e+02 3.630734656140585770e+00 3.437503525718201280e-01
4.600000000000000000e+01 1.100000000000000000e+02 2.768319777252982394e+00 2.931228582495336576e-01
4.600000000000000000e+01 1.030000000000000000e+02 2.959399085450244105e+00 2.416150365934093824e-01
4.500000000000000000e+01 9.800000000000000000e+01 3.184817845001076009e+00 2.129655463498771883e-01
4.600000000000000000e+01 1.070000000000000000e+02 2.204558987259368052e+00 1.943890511178128222e-01
4.700000000000000000e+01 1.050000000000000000e+02 2.555382440763715568e+00 1.599150794674542020e-01
4.700000000000000000e+01 1.030000000000000000e+02 2.934569303486135539e+00 1.386178760073387695e-01
4.200000000000000000e+01 1.080000000000000000e+02 2.166886548319862715e+00 1.627916991196113050e-01
4.400000000000000000e+01 1.090000000000000000e+02 2.247651250165535686e+00 1.620927962930711064e-01
4.300000000000000000e+01 1.060000000000000000e+02 2.307070171356356170e+00 1.582933238598383807e-01
4.100000000000000000e+01 1.050000000000000000e+02 1.761428898178856839e+00 1.261811044722909725e-01
4.100000000000000000e+01 1.040000000000000000e+02 1.277245534211247868e+00 1.365686567695461040e-01
4.000000000000000000e+01 1.040000000000000000e+02 1.228298539842664239e+00 1.346618419660588761e-01
4.000000000000000000e+01 1.030000000000000000e+02 1.444687841396116168e+00 1.433061114439523887e-01
3.900000000000000000e+01 1.040000000000000000e+02 1.168457990378737987e+00 1.696187080125954039e-01
4.000000000000000000e+01 1.040000000000000000e+02 1.400318090440510810e+00 1.881796788072570559e-01
4.400000000000000000e+01 1.070000000000000000e+02 1.664996093159200496e+00 2.220720028777487254e-01
4.700000000000000000e+01 1.150000000000000000e+02 1.529626998799698212e+00 2.406934603294726693e-01
4.700000000000000000e+01 1.100000000000000000e+02 1.817087693651742386e+00 2.271432337459127204e-01
4.800000000000000000e+01 1.140000000000000000e+02 1.900694614248417125e+00 2.538243017923710321e-01
5.000000000000000000e+01 1.150000000000000000e+02 2.236913767952626753e+00 2.827868250768162395e-01
5.100000000000000000e+01 1.160000000000000000e+02 2.608534862698671741e+00 3.164765136687920366e-01
5.100000000000000000e+01 1.160000000000000000e+02 3.014884279470510187e+00 3.711824075559979064e-01
5.400000000000000000e+01 1.220000000000000000e+02 2.155080054280815283e+00 3.715832086356451458e-01
5.300000000000000000e+01 1.170000000000000000e+02 2.038068003664773364e+00 3.736121755607844652e-01
5.200000000000000000e+01 1.140000000000000000e+02 2.103338559092263971e+00 3.649558979983567597e-01
5.300000000000000000e+01 1.120000000000000000e+02 2.158483172738550948e+00 3.669394601330728811e-01
5.100000000000000000e+01 1.100000000000000000e+02 2.030538737847891184e+00 3.872033782864132134e-01
5.000000000000000000e+01 9.900000000000000000e+01 2.154381476723628897e+00 3.177940313634782799e-01
5.400000000000000000e+01 9.600000000000000000e+01 2.009145629280696621e+00 2.993106629687216080e-01
6.000000000000000000e+01 1.020000000000000000e+02 2.355925693240894958e+00 2.724194682184411520e-01
6.000000000000000000e+01 9.900000000000000000e+01 2.303910883328857295e+00 2.527723515447059532e-01
6.000000000000000000e+01 9.600000000000000000e+01 2.437143771782767754e+00 2.524090147155111374e-01
6.400000000000000000e+01 1.040000000000000000e+02 2.823343264988174006e+00 2.651248113938426965e-01
6.100000000000000000e+01 1.000000000000000000e+02 2.376444629549222309e+00 2.197007731112031181e-01
5.900000000000000000e+01 9.600000000000000000e+01 2.220710039864362884e+00 1.869601828388843534e-01
5.800000000000000000e+01 9.600000000000000000e+01 2.057185187004181071e+00 1.925280234191874829e-01
5.900000000000000000e+01 9.800000000000000000e+01 2.149793634684969756e+00 1.777246671232867448e-01
5.700000000000000000e+01 9.600000000000000000e+01 2.088068449198767329e+00 1.672150578389357822e-01
5.600000000000000000e+01 9.500000000000000000e+01 2.218341368645705636e+00 1.680003369963335713e-01
5.600000000000000000e+01 9.400000000000000000e+01 2.392389072671741612e+00 1.602583307578406557e-01
6.100000000000000000e+01 1.060000000000000000e+02 2.373409687627707321e+00 1.610813949277513368e-01
6.600000000000000000e+01 1.110000000000000000e+02 2.289465713009461112e+00 1.793957997077887667e-01
6.900000000000000000e+01 1.210000000000000000e+02 2.709151770044988528e+00 1.955942072894151784e-01
7.000000000000000000e+01 1.210000000000000000e+02 2.960748103095369732e+00 2.160291535726636403e-01
8.000000000000000000e+01 1.330000000000000000e+02 3.241364674435011750e+00 2.420848041718214883e-01
7.800000000000000000e+01 1.350000000000000000e+02 3.330150983928358066e+00 2.611932885310087604e-01
7.400000000000000000e+01 1.350000000000000000e+02 2.944433436300311957e+00 2.427774846369631090e-01
7.300000000000000000e+01 1.350000000000000000e+02 2.952192070881441310e+00 2.461948507904126449e-01
7.200000000000000000e+01 1.300000000000000000e+02 3.225864904322831794e+00 2.269175441006295313e-01
7.300000000000000000e+01 1.350000000000000000e+02 3.287845929313129911e+00 2.280632498245001305e-01
7.400000000000000000e+01 1.370000000000000000e+02 3.506953216014924379e+00 2.347751236244056405e-01
7.400000000000000000e+01 1.390000000000000000e+02 3.819525814465132285e+00 2.597585647726385893e-01
7.100000000000000000e+01 1.400000000000000000e+02 3.247895550216268745e+00 2.416988298797312917e-01
7.400000000000000000e+01 1.440000000000000000e+02 3.048447461476401443e+00 2.475793826705667000e-01
7.500000000000000000e+01 1.450000000000000000e+02 3.026091393492288173e+00 2.557636113956484047e-01
7.700000000000000000e+01 1.580000000000000000e+02 2.838017898430159835e+00 2.744071495918975478e-01
7.700000000000000000e+01 1.550000000000000000e+02 3.328737116549357999e+00 2.811555458059001866e-01
7.700000000000000000e+01 1.530000000000000000e+02 3.870525734011021068e+00 3.034785207790249295e-01
7.800000000000000000e+01 1.590000000000000000e+02 3.813047624745069974e+00 3.297432208970529355e-01
