0.000000000000000000e+00 0.000000000000000000e+00 0.000000000000000000e+00 0.000000000000000000e+00
2.000000000000000000e+00 0.000000000000000000e+00 4.364584543508303704e-04 0.000000000000000000e+00
2.000000000000000000e+00 0.000000000000000000e+00 5.852039791463429586e-04 0.000000000000000000e+00
6.000000000000000000e+00 0.000000000000000000e+00 1.656726810253331952e-03 0.000000000000000000e+00
6.000000000000000000e+00 5.000000000000000000e+00 2.218942946727588909e-03 2.473298811676770902e-04
7.000000000000000000e+00 7.000000000000000000e+00 3.186543464755077753e-03 3.997645929612447108e-04
7.000000000000000000e+00 7.000000000000000000e+00 4.257773973160150841e-03 4.860855431641339288e-04
8.000000000000000000e+00 7.000000000000000000e+00 5.898378217300834572e-03 5.907735657198015739e-04
8.000000000000000000e+00 7.000000000000000000e+00 7.856582471457292452e-03 7.176446275328154543e-04
1.000000000000000000e+01 1.000000000000000000e+01 1.088009146616569951e-02 1.019674536136232559e-03
1.100000000000000000e+01 1.000000000000000000e+01 1.465378731059532695e-02 1.237650741288078308e-03
1.100000000000000000e+01 1.200000000000000000e+01 1.939622595334609609e-02 1.600202032915954038e-03
1.100000000000000000e+01 1.400000000000000000e+01 2.559927268476416135e-02 2.039036955149248036e-03
1.400000000000000000e+01 1.500000000000000000e+01 3.433032225773728630e-02 2.520261376465924609e-03
1.400000000000000000e+01 1.500000000000000000e+01 4.501460037010113907e-02 3.051768889872252984e-03
1.700000000000000000e+01 2.000000000000000000e+01 5.943886928343895121e-02 3.939524290511463647e-03
2.000000000000000000e+01 2.100000000000000000e+01 7.795008313121742916e-02 4.813120679024021631e-03
2.100000000000000000e+01 2.100000000000000000e+01 1.011120482326186981e-01 5.814682744417297607e-03
2.200000000000000000e+01 2.200000000000000000e+01 1.303913891092314259e-01 7.066632544498704580e-03
2.300000000000000000e+01 2.200000000000000000e+01 1.671023873721769193e-01 8.518655815771046177e-03
2.300000000000000000e+01 2.300000000000000000e+01 2.125073604477167866e-01 1.030559797864475692e-02
2.300000000000000000e+01 2.300000000000000000e+01 2.683775482829099390e-01 1.239130906170854765e-02
2.500000000000000000e+01 2.800000000000000000e+01 3.368647296609922903e-01 1.512452893053052409e-02
2.600000000000000000e+01 3.000000000000000000e+01 4.192343510219705416e-01 1.823310802795478219e-02
3.100000000000000000e+01 3.100000000000000000e+01 5.183166056243259101e-01 2.187566794094383121e-02
3.100000000000000000e+01 3.100000000000000000e+01 6.341689698908035133e-01 2.614008661975240205e-02
3.200000000000000000e+01 3.100000000000000000e+01 7.694098733857158701e-01 3.117499848651264852e-02
3.300000000000000000e+01 3.100000000000000000e+01 9.252754396326950959e-01 3.710213281034829835e-02
3.400000000000000000e+01 3.300000000000000000e+01 1.102912137840182050e+00 4.415663329743917814e-02
3.500000000000000000e+01 3.300000000000000000e+01 1.303185558836725599e+00 5.231323335948976500e-02
3.800000000000000000e+01 3.700000000000000000e+01 1.527112616252876753e+00 6.201826857263426085e-02
3.700000000000000000e+01 3.800000000000000000e+01 1.557087961120801056e+00 7.315059034522587711e-02
3.900000000000000000e+01 3.900000000000000000e+01 1.566672887663063340e+00 8.603245694872400928e-02
3.800000000000000000e+01 4.600000000000000000e+01 1.383017066867445299e+00 1.011750436706126688e-01
3.700000000000000000e+01 4.500000000000000000e+01 1.373622563558976717e+00 8.682760937836818405e-02
3.600000000000000000e+01 4.400000000000000000e+01 1.345126087727849029e+00 7.906609842491915674e-02
3.700000000000000000e+01 4.500000000000000000e+01 1.343847629558128753e+00 7.891669450643086503e-02
3.700000000000000000e+01 4.400000000000000000e+01 1.587186092217188982e+00 7.876006594222373369e-02
3.600000000000000000e+01 4.400000000000000000e+01 1.620048446214380711e+00 9.254673844631225443e-02
3.500000000000000000e+01 4.400000000000000000e+01 1.465621224042916726e+00 9.797497963535814480e-02
3.400000000000000000e+01 4.600000000000000000e+01 1.513124847676272866e+00 1.026849536228685994e-01
3.900000000000000000e+01 4.800000000000000000e+01 1.786378909374342072e+00 9.586606160387570186e-02
4.700000000000000000e+01 6.400000000000000000e+01 2.090817220276788291e+00 9.049145770584132720e-02
4.700000000000000000e+01 6.600000000000000000e+01 1.990602140771349005e+00 9.409517026625929814e-02
4.800000000000000000e+01 6.700000000000000000e+01 2.309139507182012441e+00 9.821408359668000465e-02
4.500000000000000000e+01 6.500000000000000000e+01 1.961152975751076388e+00 9.393939022792163751e-02
4.300000000000000000e+01 6.300000000000000000e+01 1.836580234964952929e+00 8.578500502962349561e-02
4.300000000000000000e+01 6.200000000000000000e+01 1.912970054221574401e+00 7.475021338222351264e-02
4.200000000000000000e+01 6.700000000000000000e+01 1.712519072943320841e+00 8.836512649855600421e-02
4.100000000000000000e+01 6.700000000000000000e+01 1.497393036498043228e+00 1.038975427162905779e-01
4.100000000000000000e+01 7.100000000000000000e+01 1.768198945463435034e+00 1.082298930315747643e-01
4.100000000000000000e+01 7.300000000000000000e+01 2.069216428815482622e+00 1.150056138217784019e-01
4.000000000000000000e+01 7.000000000000000000e+01 2.183190926361162632e+00 1.032871888972928531e-01
4.100000000000000000e+01 6.800000000000000000e+01 2.304452291977969303e+00 9.711190575921106738e-02
3.700000000000000000e+01 6.800000000000000000e+01 1.735996264553510304e+00 1.022863264791046001e-01
3.700000000000000000e+01 6.700000000000000000e+01 1.779602403709833913e+00 1.065993989463823316e-01
3.600000000000000000e+01 6.800000000000000000e+01 1.851040514243161850e+00 1.119145042731709422e-01
4.100000000000000000e+01 7.500000000000000000e+01 1.863702657646023164e+00 1.324033807284331621e-01
4.000000000000000000e+01 7.700000000000000000e+01 1.709995386916525861e+00 1.559263059169923027e-01
4.100000000000000000e+01 7.600000000000000000e+01 1.781042219500681201e+00 1.709212805012620684e-01
4.000000000000000000e+01 7.600000000000000000e+01 1.643144923250201783e+00 1.760699603313818085e-01
4.000000000000000000e+01 7.400000000000000000e+01 1.925546003161482833e+00 1.716923237501823685e-01
3.900000000000000000e+01 7.300000000000000000e+01 1.761861676102265850e+00 1.907965818233181843e-01
3.700000000000000000e+01 6.900000000000000000e+01 1.608988731839632313e+00 1.759421181879503027e-01
3.600000000000000000e+01 6.600000000000000000e+01 1.640552432687840678e+00 1.715428202104966604e-01
3.600000000000000000e+01 6.500000000000000000e+01 1.946730945342694641e+00 1.753174070755931235e-01
3.800000000000000000e+01 6.700000000000000000e+01 2.072013548876789013e+00 1.796049699595934357e-01
3.900000000000000000e+01 6.800000000000000000e+01 2.426305257462558984e+00 1.850714225374167077e-01
3.800000000000000000e+01 6.900000000000000000e+01 2.552100600878682179e+00 2.173583154946342744e-01
3.900000000000000000e+01 7.100000000000000000e+01 2.731830348106879747e+00 2.545222468368549817e-01
3.900000000000000000e+01 6.900000000000000000e+01 3.134196847151913268e+00 2.743708827345489598e-01
3.700000000000000000e+01 6.900000000000000000e+01 2.910881464773253047e+00 2.864085288753887570e-01
3.200000000000000000e+01 5.800000000000000000e+01 2.185681835496220859e+00 2.121302615968144178e-01
3.100000000000000000e+01 5.300000000000000000e+01 2.018828001996827659e+00 1.497120393484913659e-01
2.800000000000000000e+01 5.000000000000000000e+01 1.497496335282931801e+00 1.258095775658529814e-01
2.800000000000000000e+01 5.000000000000000000e+01 1.429960560921091695e+00 1.173897661289566158e-01
2.700000000000000000e+01 5.200000000000000000e+01 1.079021468869773903e+00 1.375255977385926309e-01
2.900000000000000000e+01 5.100000000000000000e+01 1.273101753833111971e+00 1.321434793545243347e-01
2.800000000000000000e+01 5.000000000000000000e+01 1.034310700761289059e+00 1.335132630244767471e-01
2.900000000000000000e+01 4.900000000000000000e+01 1.231609450437002540e+00 1.317609528947557562e-01
3.000000000000000000e+01 4.500000000000000000e+01 1.454160764784516502e+00 1.084257130048361523e-01
2.900000000000000000e+01 4.500000000000000000e+01 1.440744482371587809e+00 1.043499417765571119e-01
2.900000000000000000e+01 4.600000000000000000e+01 1.692529061795462253e+00 9.633112872909729840e-02
2.800000000000000000e+01 4.600000000000000000e+01 1.752700298574292326e+00 9.919981291633220288e-02
2.700000000000000000e+01 4.600000000000000000e+01 1.792437716820511673e+00 1.164007360764372501e-01
2.800000000000000000e+01 4.700000000000000000e+01 2.072320961563248076e+00 1.241850576676379048e-01
2.800000000000000000e+01 4.600000000000000000e+01 2.134368302636800330e+00 1.345565997111310697e-01
2.700000000000000000e+01 4.200000000000000000e+01 1.999191870916303460e+00 1.027732592056446459e-01
2.300000000000000000e+01 4.100000000000000000e+01 1.336103580385194833e+00 1.079358301893981603e-01
2.300000000000000000e+01 4.900000000000000000e+01 1.057552790887054783e+00 1.004488918871100089e-01
2.100000000000000000e+01 4.800000000000000000e+01 7.733969852284350299e-01 1.015211412546748321e-01
2.400000000000000000e+01 4.800000000000000000e+01 9.188106235207467165e-01 9.088743908580354525e-02
2.300000000000000000e+01 4.800000000000000000e+01 8.644883502179465662e-01 9.282070577964031399e-02
2.700000000000000000e+01 5.200000000000000000e+01 1.023628849957494369e+00 9.536990650425800076e-02
2.700000000000000000e+01 5.400000000000000000e+01 1.200250070225118204e+00 1.121430072682166185e-01
3.100000000000000000e+01 5.500000000000000000e+01 1.395800601680140529e+00 1.209585852947739765e-01
3.000000000000000000e+01 5.300000000000000000e+01 1.391481902751721345e+00 1.099778305684003532e-01
2.900000000000000000e+01 5.300000000000000000e+01 1.359670701554383854e+00 9.572221984026994812e-02
2.900000000000000000e+01 5.200000000000000000e+01 1.300449625246584695e+00 1.001294320468661403e-01
3.100000000000000000e+01 5.900000000000000000e+01 1.019808932660649203e+00 1.071945747237109253e-01
3.300000000000000000e+01 5.700000000000000000e+01 1.190122105018763365e+00 9.947830081865861873e-02
3.100000000000000000e+01 6.300000000000000000e+01 8.989668368140337762e-01 1.064572007683818322e-01
3.100000000000000000e+01 6.200000000000000000e+01 1.059341349436482949e+00 1.125420935615723261e-01
3.000000000000000000e+01 6.000000000000000000e+01 1.020414423366738044e+00 1.072644815392393841e-01
3.100000000000000000e+01 5.800000000000000000e+01 1.194004137965193335e+00 1.029720685775588063e-01
3.100000000000000000e+01 5.900000000000000000e+01 1.385109225935226673e+00 9.640434000292040506e-02
3.000000000000000000e+01 6.200000000000000000e+01 1.137835419870683706e+00 1.028259841776568984e-01
3.100000000000000000e+01 6.000000000000000000e+01 1.103370462433105326e+00 9.619665889771024381e-02
3.200000000000000000e+01 5.800000000000000000e+01 1.281886865684818799e+00 8.868592771360445104e-02
3.100000000000000000e+01 5.800000000000000000e+01 1.001426762398373027e+00 1.045605693377218287e-01
2.900000000000000000e+01 5.900000000000000000e+01 6.972803317199692819e-01 1.229951312257064472e-01
2.900000000000000000e+01 5.700000000000000000e+01 8.500082390870851157e-01 1.198822445317949265e-01
2.900000000000000000e+01 5.600000000000000000e+01 1.027642281144536041e+00 1.182197020596835041e-01
2.900000000000000000e+01 5.700000000000000000e+01 1.232010042796258587e+00 1.164841164459251566e-01
2.900000000000000000e+01 5.600000000000000000e+01 1.464585279006702212e+00 1.231936702057648547e-01
2.800000000000000000e+01 5.500000000000000000e+01 1.509420467352804218e+00 1.344649208555174502e-01
2.900000000000000000e+01 5.600000000000000000e+01 1.778878444645359602e+00 1.460317679834110260e-01
3.000000000000000000e+01 5.600000000000000000e+01 1.839239179670108637e+00 1.609637390069888485e-01
3.000000000000000000e+01 5.700000000000000000e+01 1.906990052034196026e+00 1.886231807541829675e-01
3.200000000000000000e+01 5.300000000000000000e+01 2.004573976660658730e+00 1.678357955339535024e-01
3.400000000000000000e+01 5.800000000000000000e+01 2.325060752157426691e+00 1.602361544203645960e-01
3.100000000000000000e+01 5.700000000000000000e+01 1.976681462851757720e+00 1.734626895938573277e-01
3.000000000000000000e+01 5.500000000000000000e+01 2.042885086564371733e+00 1.761717297998971477e-01
2.900000000000000000e+01 5.000000000000000000e+01 2.132696741130610363e+00 1.496788278531896166e-01
2.800000000000000000e+01 4.700000000000000000e+01 2.199553173766187086e+00 1.364887714874341296e-01
3.000000000000000000e+01 4.900000000000000000e+01 1.808892860589095708e+00 1.373714989405526721e-01
3.000000000000000000e+01 4.700000000000000000e+01 1.781558647652331739e+00 1.381230679809437312e-01
3.000000000000000000e+01 4.600000000000000000e+01 1.771672133817350669e+00 1.405129939120304261e-01
2.900000000000000000e+01 4.700000000000000000e+01 1.517650322953450148e+00 1.640692704019222348e-01
2.800000000000000000e+01 4.300000000000000000e+01 1.518311408902827120e+00 1.246369726805750117e-01
2.600000000000000000e+01 4.300000000000000000e+01 7.938097039351782458e-01 1.452125066829248745e-01
2.600000000000000000e+01 3.800000000000000000e+01 9.289300790442642786e-01 9.898806286008503263e-02
2.700000000000000000e+01 3.600000000000000000e+01 1.078805436241828453e+00 7.537937121804912100e-02
2.600000000000000000e+01 3.600000000000000000e+01 9.602563366733036787e-01 8.825288003751981247e-02
3.000000000000000000e+01 4.100000000000000000e+01 1.119444452757925701e+00 8.752689887690701109e-02
2.900000000000000000e+01 4.000000000000000000e+01 1.054396809607613728e+00 9.179783735112087562e-02
2.800000000000000000e+01 3.900000000000000000e+01 1.005412035812593530e+00 7.412428931825397471e-02
3.000000000000000000e+01 3.700000000000000000e+01 9.512518262599617413e-01 6.077196921028894805e-02
3.100000000000000000e+01 3.600000000000000000e+01 8.919331685473110838e-01 5.762551181298065234e-02
3.100000000000000000e+01 3.800000000000000000e+01 7.840449250668690695e-01 6.812126693349174200e-02
3.000000000000000000e+01 3.900000000000000000e+01 6.961224082464151364e-01 8.024922936202871782e-02
3.600000000000000000e+01 4.600000000000000000e+01 8.484113207501560172e-01 8.253123004924904638e-02
3.600000000000000000e+01 4.600000000000000000e+01 1.023396191446673598e+00 8.647749358678384624e-02
3.600000000000000000e+01 4.700000000000000000e+01 1.223378532535104757e+00 8.062923492188968366e-02
3.700000000000000000e+01 4.600000000000000000e+01 1.449502267062773964e+00 8.267196930583482761e-02
4.100000000000000000e+01 4.800000000000000000e+01 1.702767104569341772e+00 9.728076393317558468e-02
4.000000000000000000e+01 4.700000000000000000e+01 1.764961423244569616e+00 1.035198218369378365e-01
3.900000000000000000e+01 4.900000000000000000e+01 1.831050532624440841e+00 1.092128637198560570e-01
4.000000000000000000e+01 4.700000000000000000e+01 2.117751636676473037e+00 1.050818631714102586e-01
3.800000000000000000e+01 5.100000000000000000e+01 1.734445698021835458e+00 1.230226358111357055e-01
3.700000000000000000e+01 4.700000000000000000e+01 1.526606281792180386e+00 8.931548710133203894e-02
3.600000000000000000e+01 4.600000000000000000e+01 1.516710667786036248e+00 8.026121330784689867e-02
3.500000000000000000e+01 4.700000000000000000e+01 1.511041628426288641e+00 8.023558558461707513e-02
3.500000000000000000e+01 4.700000000000000000e+01 1.771811741519388139e+00 7.831661900807763976e-02
3.500000000000000000e+01 4.700000000000000000e+01 2.059958312730381103e+00 9.206314494866475739e-02
3.300000000000000000e+01 5.000000000000000000e+01 1.507913981800463210e+00 9.761147422741478508e-02
3.200000000000000000e+01 4.800000000000000000e+01 1.544147290979961618e+00 9.011918408851231355e-02
3.200000000000000000e+01 5.300000000000000000e+01 1.324395932081995575e+00 1.059590423168868534e-01
3.100000000000000000e+01 5.200000000000000000e+01 1.349814025890918590e+00 1.081649191365029183e-01
3.300000000000000000e+01 5.300000000000000000e+01 1.599767247398002246e+00 1.024457756360577093e-01
3.200000000000000000e+01 5.300000000000000000e+01 1.662691172843333121e+00 1.063430346224015499e-01
3.500000000000000000e+01 5.200000000000000000e+01 1.951572291343236065e+00 1.004468014718149921e-01
3.500000000000000000e+01 5.100000000000000000e+01 2.009521090679047273e+00 1.075715620126379002e-01
3.500000000000000000e+01 5.200000000000000000e+01 2.098299732200855860e+00 1.263532697084096545e-01
3.300000000000000000e+01 5.100000000000000000e+01 1.783325496653703768e+00 1.269676040529205130e-01
3.300000000000000000e+01 4.800000000000000000e+01 2.081079915557098037e+00 1.122896778417466490e-01
3.300000000000000000e+01 4.800000000000000000e+01 2.145358893982747706e+00 1.212435949460045348e-01
3.200000000000000000e+01 4.800000000000000000e+01 2.041654866920131095e+00 1.262379141196227905e-01
3.200000000000000000e+01 4.800000000000000000e+01 2.135002775480696169e+00 1.340828963911133154e-01
3.500000000000000000e+01 4.700000000000000000e+01 2.184927799981333241e+00 1.359956280720930888e-01
3.600000000000000000e+01 4.900000000000000000e+01 2.233612141760076941e+00 1.486663797533470943e-01
3.500000000000000000e+01 4.500000000000000000e+01 1.845861938209106379e+00 1.209855256486243175e-01
3.600000000000000000e+01 4.500000000000000000e+01 1.626392876693690148e+00 1.172572986485252433e-01
3.500000000000000000e+01 4.200000000000000000e+01 1.595892956178964317e+00 1.021442930033145263e-01
3.500000000000000000e+01 4.200000000000000000e+01 1.538534506895516740e+00 1.075415457058172819e-01
3.400000000000000000e+01 3.900000000000000000e+01 1.542147229388407537e+00 8.898600180268878557e-02
3.200000000000000000e+01 3.900000000000000000e+01 1.256022080197392699e+00 1.045443080554898652e-01
3.400000000000000000e+01 3.800000000000000000e+01 1.182300807618194005e+00 1.015061809226321526e-01
3.200000000000000000e+01 3.800000000000000000e+01 8.654567301922065914e-01 1.188878737288728421e-01
3.100000000000000000e+01 3.700000000000000000e+01 8.072836016724689312e-01 1.145240832991691465e-01
3.300000000000000000e+01 3.700000000000000000e+01 9.650490926649881729e-01 9.923420783482167495e-02
3.300000000000000000e+01 3.500000000000000000e+01 1.144809502633215237e+00 9.176942897946503697e-02
3.200000000000000000e+01 3.400000000000000000e+01 1.086863169692093400e+00 9.705493641916064507e-02
3.300000000000000000e+01 3.600000000000000000e+01 1.293763688497508113e+00 1.016489091412288853e-01
3.300000000000000000e+01 3.500000000000000000e+01 1.526966667024390434e+00 1.067540088768133000e-01
3.300000000000000000e+01 3.300000000000000000e+01 1.570655635504504266e+00 1.036297927226406540e-01
3.200000000000000000e+01 3.300000000000000000e+01 1.597237963009337181e+00 1.088207497918579625e-01
3.300000000000000000e+01 3.100000000000000000e+01 1.652502588396822070e+00 9.189357841855642917e-02
3.200000000000000000e+01 3.000000000000000000e+01 1.691450320560106135e+00 9.500397552355811792e-02
3.300000000000000000e+01 2.600000000000000000e+01 1.976684930664045492e+00 6.519318348530550589e-02
3.300000000000000000e+01 2.500000000000000000e+01 2.051985159795283398e+00 6.035646502830359361e-02
3.300000000000000000e+01 2.400000000000000000e+01 1.895463421011323035e+00 6.022705338799691499e-02
3.600000000000000000e+01 2.700000000000000000e+01 1.963558085809937070e+00 5.691037048491899564e-02
3.400000000000000000e+01 2.800000000000000000e+01 1.798852258402722226e+00 6.689951580322942015e-02
3.300000000000000000e+01 3.000000000000000000e+01 1.619043976103816451e+00 7.845098463905873787e-02
3.500000000000000000e+01 3.300000000000000000e+01 1.902251522734348166e+00 7.796172137849223527e-02
3.500000000000000000e+01 3.200000000000000000e+01 2.212988263131165922e+00 6.678091287140008880e-02
3.600000000000000000e+01 3.700000000000000000e+01 2.094356717134749690e+00 7.847831775775826468e-02
3.700000000000000000e+01 3.500000000000000000e+01 2.411366297113521018e+00 6.907774252893024436e-02
3.500000000000000000e+01 3.500000000000000000e+01 2.077234253054264013e+00 8.077851993165335864e-02
3.500000000000000000e+01 3.800000000000000000e+01 1.913142299106949773e+00 7.182682455485044082e-02
3.300000000000000000e+01 3.900000000000000000e+01 1.460894279239112414e+00 7.336978056031540074e-02
3.200000000000000000e+01 3.900000000000000000e+01 1.003886269537910048e+00 7.163710852652420413e-02
3.500000000000000000e+01 4.200000000000000000e+01 1.170387468768480099e+00 5.580562065042045383e-02
3.500000000000000000e+01 4.100000000000000000e+01 1.092283487233838501e+00 5.487311688435655282e-02
3.500000000000000000e+01 4.000000000000000000e+01 1.271123712973556641e+00 4.849994521806571396e-02
3.400000000000000000e+01 4.000000000000000000e+01 1.206809858411664882e+00 5.717064843998193729e-02
3.400000000000000000e+01 3.900000000000000000e+01 1.184161551537068036e+00 5.670864001086164952e-02
3.300000000000000000e+01 3.900000000000000000e+01 1.136478891859075135e+00 6.670360605045468072e-02
3.300000000000000000e+01 4.200000000000000000e+01 1.065442718970095459e+00 7.838720201063692494e-02
3.300000000000000000e+01 4.000000000000000000e+01 1.039380153957377928e+00 6.910167371485910481e-02
3.800000000000000000e+01 5.100000000000000000e+01 9.938511657623168016e-01 6.949959488055286461e-02
3.800000000000000000e+01 5.100000000000000000e+01 1.190184202118711454e+00 6.773688499849692124e-02
3.800000000000000000e+01 4.900000000000000000e+01 1.414082457373672552e+00 5.864306659904021390e-02
3.800000000000000000e+01 4.800000000000000000e+01 1.666935919823846479e+00 5.715005597951428734e-02
3.800000000000000000e+01 4.800000000000000000e+01 1.688589884084583659e+00 6.768575261782075470e-02
3.700000000000000000e+01 4.900000000000000000e+01 1.741180412178751968e+00 8.001922070151164246e-02
4.000000000000000000e+01 5.100000000000000000e+01 1.826359952838181755e+00 8.237247893837121304e-02
4.300000000000000000e+01 5.800000000000000000e+01 2.138157247740559708e+00 8.549984806754132305e-02
4.300000000000000000e+01 5.800000000000000000e+01 2.220171692775829264e+00 1.009932507074995794e-01
4.400000000000000000e+01 7.100000000000000000e+01 2.334295893437763336e+00 1.196145613311152128e-01
4.200000000000000000e+01 7.100000000000000000e+01 2.240058284003249689e+00 1.405319649001550431e-01
3.800000000000000000e+01 7.100000000000000000e+01 1.697669271868193830e+00 1.541647385306195994e-01
3.800000000000000000e+01 6.900000000000000000e+01 1.985899663809238103e+00 1.455964227813359435e-01
3.700000000000000000e+01 7.000000000000000000e+01 1.825257548693348220e+00 1.598720269843849073e-01
3.700000000000000000e+01 6.600000000000000000e+01 2.127586695659343441e+00 1.392631168346331882e-01
3.600000000000000000e+01 6.400000000000000000e+01 2.219150717040115239e+00 1.384635395042054795e-01
3.500000000000000000e+01 6.000000000000000000e+01 2.294011024444197577e+00 1.198550565842810417e-01
3.700000000000000000e+01 6.400000000000000000e+01 2.396572708826754106e+00 1.127199752652697368e-01
3.700000000000000000e+01 6.700000000000000000e+01 2.241418495156565438e+00 1.324502936400602238e-01
4.000000000000000000e+01 7.100000000000000000e+01 2.068942634030119354e+00 1.238541237616064411e-01
3.900000000000000000e+01 7.200000000000000000e+01 1.899052175628404893e+00 1.225989491578587665e-01
4.100000000000000000e+01 7.500000000000000000e+01 1.710822152719507772e+00 1.316998062037942341e-01
4.000000000000000000e+01 7.300000000000000000e+01 1.547803192868862698e+00 1.053071765715492686e-01
3.900000000000000000e+01 7.500000000000000000e+01 1.538258839345747919e+00 9.995044943500176748e-02
3.900000000000000000e+01 7.400000000000000000e+01 1.555477640828954122e+00 1.041398764596137144e-01
4.000000000000000000e+01 7.800000000000000000e+01 1.534214398019412284e+00 1.233101731890829250e-01
3.900000000000000000e+01 8.200000000000000000e+01 1.585367106421621708e+00 1.455964788242372632e-01
3.900000000000000000e+01 8.300000000000000000e+01 1.859567234163277405e+00 1.712583689490599359e-01
4.500000000000000000e+01 9.000000000000000000e+01 1.946481886657109195e+00 1.906974073155828786e-01
4.500000000000000000e+01 9.000000000000000000e+01 2.037820001172649942e+00 2.110959846853418531e-01
4.200000000000000000e+01 8.600000000000000000e+01 1.482822680990994346e+00 1.802412656387967216e-01
4.200000000000000000e+01 8.300000000000000000e+01 1.732282843633886626e+00 1.505155896445349861e-01
4.100000000000000000e+01 8.500000000000000000e+01 1.484966513424417212e+00 1.648157086682019434e-01
4.200000000000000000e+01 8.400000000000000000e+01 1.742971149463620195e+00 1.775167008260042645e-01
4.400000000000000000e+01 8.500000000000000000e+01 2.027988197359729572e+00 1.903054676666142697e-01
4.400000000000000000e+01 8.800000000000000000e+01 2.100137136310376018e+00 2.232917162266908617e-01
4.300000000000000000e+01 8.600000000000000000e+01 2.198497076238723480e+00 2.279876062981499307e-01
4.100000000000000000e+01 8.300000000000000000e+01 1.605612882946003905e+00 2.242408579229999421e-01
4.000000000000000000e+01 8.100000000000000000e+01 1.623155857434194882e+00 2.235737677112499544e-01
3.900000000000000000e+01 7.200000000000000000e+01 1.603025487997302490e+00 1.627678891801835892e-01
4.400000000000000000e+01 7.500000000000000000e+01 1.637059831392601916e+00 1.386842277687614366e-01
4.400000000000000000e+01 7.500000000000000000e+01 1.637168515804342528e+00 1.387121240432593328e-01
4.400000000000000000e+01 7.500000000000000000e+01 1.933747361647339957e+00 1.370091399111196817e-01
4.400000000000000000e+01 7.500000000000000000e+01 1.963431017010824231e+00 1.511339808192528611e-01
4.400000000000000000e+01 7.600000000000000000e+01 2.075089535839778954e+00 1.780719221343551872e-01
4.400000000000000000e+01 7.600000000000000000e+01 2.442174747500339471e+00 1.953714461908361288e-01
4.400000000000000000e+01 7.600000000000000000e+01 2.847453398625463539e+00 2.292150246321865426e-01
4.100000000000000000e+01 7.700000000000000000e+01 2.638761561167831005e+00 2.472375047383814917e-01
4.000000000000000000e+01 7.400000000000000000e+01 2.615303424050578140e+00 2.539014792090230066e-01
3.800000000000000000e+01 6.900000000000000000e+01 2.363409697445701063e+00 2.384982112983814739e-01
3.600000000000000000e+01 6.500000000000000000e+01 2.270513526811337002e+00 2.274174013772472247e-01
3.500000000000000000e+01 6.000000000000000000e+01 2.185916779935011434e+00 2.022549654566377642e-01
4.000000000000000000e+01 6.100000000000000000e+01 2.281951901295873775e+00 1.840021887353303631e-01
4.200000000000000000e+01 5.900000000000000000e+01 2.319860253930685623e+00 1.682239884350261450e-01
4.000000000000000000e+01 6.000000000000000000e+01 2.169424324084641587e+00 1.848584544160818133e-01
3.900000000000000000e+01 6.000000000000000000e+01 2.004078460974577425e+00 1.949609380178478346e-01
3.900000000000000000e+01 6.400000000000000000e+01 2.083899637627770307e+00 1.907568636688446451e-01
3.900000000000000000e+01 6.100000000000000000e+01 2.408049209072336438e+00 1.857812917134292474e-01
3.600000000000000000e+01 5.700000000000000000e+01 1.890886318413071532e+00 1.585120470816948346e-01
3.600000000000000000e+01 5.400000000000000000e+01 1.721235101407028845e+00 1.447268474528851934e-01
3.700000000000000000e+01 5.400000000000000000e+01 1.987373656578786063e+00 1.187749991289970275e-01
3.800000000000000000e+01 5.700000000000000000e+01 1.755781854389407481e+00 1.287612527070858270e-01
3.600000000000000000e+01 5.600000000000000000e+01 1.505961346568545522e+00 1.279415673750486371e-01
4.000000000000000000e+01 5.900000000000000000e+01 1.759868579496463470e+00 1.218148129230787746e-01
4.000000000000000000e+01 5.800000000000000000e+01 1.821366926510201489e+00 1.182271645150150541e-01
3.800000000000000000e+01 5.800000000000000000e+01 1.601057639980341785e+00 1.175068352340620653e-01
3.900000000000000000e+01 5.700000000000000000e+01 1.861609346994721470e+00 1.116221503342095106e-01
3.700000000000000000e+01 5.600000000000000000e+01 1.667615192441917804e+00 1.203072432572955125e-01
4.000000000000000000e+01 5.800000000000000000e+01 1.932053020585461578e+00 1.165982011550082270e-01
3.900000000000000000e+01 5.900000000000000000e+01 1.958125127267063448e+00 1.365436972125303738e-01
3.500000000000000000e+01 5.600000000000000000e+01 1.379227465735566760e+00 1.278445294274373478e-01
3.400000000000000000e+01 5.500000000000000000e+01 1.146370871066432207e+00 1.145460708367084940e-01
3.500000000000000000e+01 5.400000000000000000e+01 1.349635395808756577e+00 9.563458822246094504e-02
3.300000000000000000e+01 5.300000000000000000e+01 1.078812408048791971e+00 9.999406907659831589e-02
3.500000000000000000e+01 5.600000000000000000e+01 1.075919522393792294e+00 1.015414188457090944e-01
3.500000000000000000e+01 5.500000000000000000e+01 1.297023676466662723e+00 9.483397513593648520e-02
3.500000000000000000e+01 5.400000000000000000e+01 1.549388694832355418e+00 9.771073428398381611e-02
3.700000000000000000e+01 5.200000000000000000e+01 1.834405217177309755e+00 9.406752892975178693e-02
3.900000000000000000e+01 5.100000000000000000e+01 2.152098883924245420e+00 9.889578006022387013e-02
4.000000000000000000e+01 5.200000000000000000e+01 2.262876237481451280e+00 1.167789532056871665e-01
3.900000000000000000e+01 5.200000000000000000e+01 2.382591869962206399e+00 1.374589184862176350e-01
3.900000000000000000e+01 5.300000000000000000e+01 2.533131754743163100e+00 1.613791402087050020e-01
3.600000000000000000e+01 5.100000000000000000e+01 2.256440848046949554e+00 1.573773425166317963e-01
3.400000000000000000e+01 4.900000000000000000e+01 2.112697214228794973e+00 1.510282801631213367e-01
3.100000000000000000e+01 4.800000000000000000e+01 1.689713746385032245e+00 1.661316037755870001e-01
3.200000000000000000e+01 4.500000000000000000e+01 1.967225974496090934e+00 1.554752718805157696e-01
3.200000000000000000e+01 4.400000000000000000e+01 1.749486242039206774e+00 1.397258900335330012e-01
3.200000000000000000e+01 4.100000000000000000e+01 2.036674723932792919e+00 1.252301765616514184e-01
3.100000000000000000e+01 4.200000000000000000e+01 1.871737248084582195e+00 1.466506004827400900e-01
3.000000000000000000e+01 4.100000000000000000e+01 1.948760514046865122e+00 1.553528205675131224e-01
2.900000000000000000e+01 3.800000000000000000e+01 2.027223249483725454e+00 1.462853157425720863e-01
3.200000000000000000e+01 3.900000000000000000e+01 1.845349091006943665e+00 1.376212411213334208e-01
3.100000000000000000e+01 3.800000000000000000e+01 1.878727301486838641e+00 1.344229203765440195e-01
2.900000000000000000e+01 3.600000000000000000e+01 1.454469725447730344e+00 1.234618261170419423e-01
3.200000000000000000e+01 3.600000000000000000e+01 1.462659349938554731e+00 1.038272081573530514e-01
3.200000000000000000e+01 3.600000000000000000e+01 1.423448459712054914e+00 9.684014193918785707e-02
3.300000000000000000e+01 3.700000000000000000e+01 1.360976528014509190e+00 9.055133721974567562e-02
3.300000000000000000e+01 3.900000000000000000e+01 1.580434699348241656e+00 9.000873238338212567e-02
3.200000000000000000e+01 3.800000000000000000e+01 1.559265692113678048e+00 7.370335825246095152e-02
3.000000000000000000e+01 3.700000000000000000e+01 1.319663585173393994e+00 7.570451278321378707e-02
3.300000000000000000e+01 4.700000000000000000e+01 1.274369658400721361e+00 8.891711944174421345e-02
3.400000000000000000e+01 4.900000000000000000e+01 1.489237827260891045e+00 7.746351836778297972e-02
3.800000000000000000e+01 5.100000000000000000e+01 1.725885040455586550e+00 5.759248830850691864e-02
4.000000000000000000e+01 5.600000000000000000e+01 1.721691974068337405e+00 6.776111141936395910e-02
4.000000000000000000e+01 5.400000000000000000e+01 1.715391735446212040e+00 4.776192328606208848e-02
4.000000000000000000e+01 5.500000000000000000e+01 1.729146852525842437e+00 3.370644278018277568e-02
4.000000000000000000e+01 5.500000000000000000e+01 1.718126544275678125e+00 4.007048253038776597e-02
4.000000000000000000e+01 5.600000000000000000e+01 1.466444610181098174e+00 4.758314279555378445e-02
4.000000000000000000e+01 5.800000000000000000e+01 1.234975659191017039e+00 5.641829717219563889e-02
3.800000000000000000e+01 5.900000000000000000e+01 9.794491047131959061e-01 6.667108357615524061e-02
4.300000000000000000e+01 5.900000000000000000e+01 1.158752579706254116e+00 6.650668074682916653e-02
4.700000000000000000e+01 6.300000000000000000e+01 1.100728631837115001e+00 6.824545660653318080e-02
4.600000000000000000e+01 6.400000000000000000e+01 1.067911057657666696e+00 8.068959075831830252e-02
5.100000000000000000e+01 6.800000000000000000e+01 1.281184617786439661e+00 8.328154537037892047e-02
5.100000000000000000e+01 6.700000000000000000e+01 1.523612094509440018e+00 8.621375799622796321e-02
5.000000000000000000e+01 7.400000000000000000e+01 1.580596691720139058e+00 1.022265152797252885e-01
5.200000000000000000e+01 7.300000000000000000e+01 1.865424445162911171e+00 8.911405061482730039e-02
5.100000000000000000e+01 7.300000000000000000e+01 1.944478852818442238e+00 1.055837748591802322e-01
5.100000000000000000e+01 7.700000000000000000e+01 1.797420473245857409e+00 1.249902001846776856e-01
5.100000000000000000e+01 7.600000000000000000e+01 2.120043061270637352e+00 1.352780475392255932e-01
5.100000000000000000e+01 7.600000000000000000e+01 2.479446737600621731e+00 1.594191895685801996e-01
4.800000000000000000e+01 7.400000000000000000e+01 2.225074271287610372e+00 1.663497524188841392e-01
4.700000000000000000e+01 7.500000000000000000e+01 2.113422686479050849e+00 1.849729627281529731e-01
4.900000000000000000e+01 7.500000000000000000e+01 2.257142521464874374e+00 2.030412373323508823e-01
5.200000000000000000e+01 7.800000000000000000e+01 2.200949521322011382e+00 2.011986302482970668e-01
5.000000000000000000e+01 7.600000000000000000e+01 2.116481278461690874e+00 2.113155370540630018e-01
5.000000000000000000e+01 7.400000000000000000e+01 2.222940759640793296e+00 2.142537002078513386e-01
4.900000000000000000e+01 7.100000000000000000e+01 2.371169958944293832e+00 2.137351388529763474e-01
4.800000000000000000e+01 7.000000000000000000e+01 2.517814157200619185e+00 2.273638070728987715e-01
4.900000000000000000e+01 6.900000000000000000e+01 2.947582386898484508e+00 2.495778839592625309e-01
4.800000000000000000e+01 6.300000000000000000e+01 3.203605600948467913e+00 2.139665851478258496e-01
4.700000000000000000e+01 6.000000000000000000e+01 3.218294191254523984e+00 2.042450017360295800e-01
4.300000000000000000e+01 5.800000000000000000e+01 2.773464604030581260e+00 1.925957716623674931e-01
4.200000000000000000e+01 5.100000000000000000e+01 2.997772445445637146e+00 1.388361529390917670e-01
4.200000000000000000e+01 4.900000000000000000e+01 2.738956902456334497e+00 1.344364100673388074e-01
4.200000000000000000e+01 5.000000000000000000e+01 2.625004046637570809e+00 1.365267970410789788e-01
4.100000000000000000e+01 4.900000000000000000e+01 2.832423005814677985e+00 1.318809675333548204e-01
3.900000000000000000e+01 4.800000000000000000e+01 2.836560450572053860e+00 1.387369377328024900e-01
3.700000000000000000e+01 4.700000000000000000e+01 2.763478874752563375e+00 1.520672595182946951e-01
3.800000000000000000e+01 4.600000000000000000e+01 3.177999853899326155e+00 1.519462631628120675e-01
3.700000000000000000e+01 4.500000000000000000e+01 2.926001191057839623e+00 1.671829194064582691e-01
3.300000000000000000e+01 4.200000000000000000e+01 2.437962463340838770e+00 1.601804503726118323e-01
3.100000000000000000e+01 4.100000000000000000e+01 2.273546249272191844e+00 1.626622056849247877e-01
3.000000000000000000e+01 3.600000000000000000e+01 2.088022057046763802e+00 1.335808475478217905e-01
3.400000000000000000e+01 4.100000000000000000e+01 1.381294856409412297e+00 1.559497714167435434e-01
3.600000000000000000e+01 3.900000000000000000e+01 1.347594166861587173e+00 1.339905272487583732e-01
4.200000000000000000e+01 4.100000000000000000e+01 1.360686151140468647e+00 1.055520630893237582e-01
4.300000000000000000e+01 4.100000000000000000e+01 1.351972469999953352e+00 1.091833390533268056e-01
4.400000000000000000e+01 3.800000000000000000e+01 1.366943843408000125e+00 9.028790501134101310e-02
4.400000000000000000e+01 3.600000000000000000e+01 1.599566416079178932e+00 7.745156927700511118e-02
4.300000000000000000e+01 3.900000000000000000e+01 1.593594766401521756e+00 9.083078361699382930e-02
4.300000000000000000e+01 3.900000000000000000e+01 1.849377041680241973e+00 9.029208942757868672e-02
4.400000000000000000e+01 3.900000000000000000e+01 1.910134163217217074e+00 9.504572682232351188e-02
4.400000000000000000e+01 3.700000000000000000e+01 1.968820829111111337e+00 8.825631213451576307e-02
4.200000000000000000e+01 3.600000000000000000e+01 1.351522204254312909e+00 7.149671884318734016e-02
4.000000000000000000e+01 3.500000000000000000e+01 1.053042106512260379e+00 7.136973750410459394e-02
3.900000000000000000e+01 3.600000000000000000e+01 7.528490312708610022e-01 6.951624948011607408e-02
4.100000000000000000e+01 3.600000000000000000e+01 9.090738918693774817e-01 6.542300117842955731e-02
4.100000000000000000e+01 3.500000000000000000e+01 1.089224464972533557e+00 6.275744624641645120e-02
4.300000000000000000e+01 3.700000000000000000e+01 1.296175319899738998e+00 6.169357902463282195e-02
4.200000000000000000e+01 3.800000000000000000e+01 1.291991021198903411e+00 7.251165313317682604e-02
4.500000000000000000e+01 3.800000000000000000e+01 1.319458081519350845e+00 7.289584484542312171e-02
4.600000000000000000e+01 4.100000000000000000e+01 1.574319423889251723e+00 6.305786412207418923e-02
4.700000000000000000e+01 4.000000000000000000e+01 1.864873990765577805e+00 6.203158680548707254e-02
4.800000000000000000e+01 4.100000000000000000e+01 1.759971231361625810e+00 7.306982453163092528e-02
4.500000000000000000e+01 4.100000000000000000e+01 1.410752263560360431e+00 8.578032150612598106e-02
4.500000000000000000e+01 3.900000000000000000e+01 1.710246545162877885e+00 7.625734553824554951e-02
4.500000000000000000e+01 3.800000000000000000e+01 2.054555170697183630e+00 7.568775917409303888e-02
4.500000000000000000e+01 3.700000000000000000e+01 2.445342965313305861e+00 7.518682503982701548e-02
4.600000000000000000e+01 4.000000000000000000e+01 2.883373234165084398e+00 7.833344642165615546e-02
4.400000000000000000e+01 4.000000000000000000e+01 2.911306412805664046e+00 9.235640772232880935e-02
4.300000000000000000e+01 4.000000000000000000e+01 3.156160272937127420e+00 1.085781413771648024e-01
4.400000000000000000e+01 3.900000000000000000e+01 3.660333132186606608e+00 1.167641841078726483e-01
4.300000000000000000e+01 3.900000000000000000e+01 3.986076326766736955e+00 1.366117017311859749e-01
4.000000000000000000e+01 3.500000000000000000e+01 3.889870274319136900e+00 1.173125093848546852e-01
4.200000000000000000e+01 4.100000000000000000e+01 3.495894516814065600e+00 1.146469272209554441e-01
3.700000000000000000e+01 4.100000000000000000e+01 2.559395478175314320e+00 1.006920509360275523e-01
3.300000000000000000e+01 3.900000000000000000e+01 1.924973543761224759e+00 9.324046809318484175e-02
3.100000000000000000e+01 4.000000000000000000e+01 1.464713042323876779e+00 9.501595497314668792e-02
3.000000000000000000e+01 3.900000000000000000e+01 1.418260729773557438e+00 9.694380749188719060e-02
3.200000000000000000e+01 4.400000000000000000e+01 1.658600149677840641e+00 7.445007087222557662e-02
3.300000000000000000e+01 4.400000000000000000e+01 1.641342172622791473e+00 7.684668620991412513e-02
3.400000000000000000e+01 4.200000000000000000e+01 1.911198951496833276e+00 6.570007803692097526e-02
3.200000000000000000e+01 4.400000000000000000e+01 1.750003596001048045e+00 7.741134124200070576e-02
2.900000000000000000e+01 4.600000000000000000e+01 1.329733256617454895e+00 9.093443746695503704e-02
2.900000000000000000e+01 4.500000000000000000e+01 1.562284031586319122e+00 9.430809425334399365e-02
3.000000000000000000e+01 4.700000000000000000e+01 1.601851641367206591e+00 9.654942806646434061e-02
2.900000000000000000e+01 4.500000000000000000e+01 1.641345719577636197e+00 9.026976160890157197e-02
3.000000000000000000e+01 4.400000000000000000e+01 1.896993434903155196e+00 9.172412800938324617e-02
2.900000000000000000e+01 4.700000000000000000e+01 1.694232295343482519e+00 9.696982355697165989e-02
2.800000000000000000e+01 4.700000000000000000e+01 1.704784393198799153e+00 1.011881228324419679e-01
2.700000000000000000e+01 4.500000000000000000e+01 1.516297690313396007e+00 9.365108985063244629e-02
2.600000000000000000e+01 4.100000000000000000e+01 1.494360792772969182e+00 6.393716913345516561e-02
2.700000000000000000e+01 4.400000000000000000e+01 1.228007426038840499e+00 6.320005675407812384e-02
2.500000000000000000e+01 4.500000000000000000e+01 9.335658617526622072e-01 6.393119899611961199e-02
2.400000000000000000e+01 4.400000000000000000e+01 8.515611813704192512e-01 5.945879155489392637e-02
2.400000000000000000e+01 4.600000000000000000e+01 7.443693152547917746e-01 7.050542772866845442e-02
2.500000000000000000e+01 4.700000000000000000e+01 8.973222649320861111e-01 8.333285877061942515e-02
2.500000000000000000e+01 4.700000000000000000e+01 1.072169186703926469e+00 9.818009502072073957e-02
2.500000000000000000e+01 4.800000000000000000e+01 1.269931610896309016e+00 8.405480986941933630e-02
2.500000000000000000e+01 5.300000000000000000e+01 1.491003303599017116e+00 8.736706242735813033e-02
2.500000000000000000e+01 5.300000000000000000e+01 1.474097266552409469e+00 1.031596057889390960e-01
2.500000000000000000e+01 5.400000000000000000e+01 1.502650896108270073e+00 1.215198521078172389e-01
2.600000000000000000e+01 5.400000000000000000e+01 1.748119623297851977e+00 1.426738185000681614e-01
2.600000000000000000e+01 5.500000000000000000e+01 2.014469015208998570e+00 1.670446106503805095e-01
2.700000000000000000e+01 5.100000000000000000e+01 1.867030659430364947e+00 1.424450316541361616e-01
2.500000000000000000e+01 4.800000000000000000e+01 1.669819647106093097e+00 1.195979963458051881e-01
2.300000000000000000e+01 4.900000000000000000e+01 1.377707550481304555e+00 1.279646968131601115e-01
2.200000000000000000e+01 4.700000000000000000e+01 1.297412340178115908e+00 1.285154904999442071e-01
2.400000000000000000e+01 4.600000000000000000e+01 1.495213058910024984e+00 1.341881314036545425e-01
2.300000000000000000e+01 4.300000000000000000e+01 1.230183806982204642e+00 1.145641213042121326e-01
2.300000000000000000e+01 4.300000000000000000e+01 9.584307955406869972e-01 1.096278100369856151e-01
2.100000000000000000e+01 4.300000000000000000e+01 6.567826452066289900e-01 1.141556985062939233e-01
2.100000000000000000e+01 4.100000000000000000e+01 7.820124286235261568e-01 1.068427118590387359e-01
2.100000000000000000e+01 3.900000000000000000e+01 9.228418394866255703e-01 9.846912396774910869e-02
2.300000000000000000e+01 3.900000000000000000e+01 1.079884775972126842e+00 1.014154489171048001e-01
2.200000000000000000e+01 3.800000000000000000e+01 1.035333456452730783e+00 9.435770577629731815e-02
2.100000000000000000e+01 3.700000000000000000e+01 9.614877960674045321e-01 9.849114960415213116e-02
2.500000000000000000e+01 4.500000000000000000e+01 1.120696151387396755e+00 1.019460918421089268e-01
2.300000000000000000e+01 4.600000000000000000e+01 8.380688293686611168e-01 1.090094333658227915e-01
2.500000000000000000e+01 4.600000000000000000e+01 9.824522591878248612e-01 1.034156039724386383e-01
2.500000000000000000e+01 4.900000000000000000e+01 9.247168933974164728e-01 1.074051963566660384e-01
2.500000000000000000e+01 4.800000000000000000e+01 1.076387811395723260e+00 1.118600830740072299e-01
2.500000000000000000e+01 4.600000000000000000e+01 1.242999111497956610e+00 8.896061826001855355e-02
2.400000000000000000e+01 4.700000000000000000e+01 9.461854652546018984e-01 9.399949773069173065e-02
2.400000000000000000e+01 4.700000000000000000e+01 8.373424236489318551e-01 1.101865659697964933e-01
2.600000000000000000e+01 4.500000000000000000e+01 9.844123013490370111e-01 1.044243883365961606e-01
2.700000000000000000e+01 4.600000000000000000e+01 9.092490179658205829e-01 1.117153644945940438e-01
2.900000000000000000e+01 4.700000000000000000e+01 1.068776949067800963e+00 1.166455856366575561e-01
2.800000000000000000e+01 4.500000000000000000e+01 9.847209842206889885e-01 1.150058995994110850e-01
2.900000000000000000e+01 4.300000000000000000e+01 1.159084875316721108e+00 9.040683627559641111e-02
2.800000000000000000e+01 4.200000000000000000e+01 1.135494875096021650e+00 7.951745360758823156e-02
2.900000000000000000e+01 4.000000000000000000e+01 1.325955923702920369e+00 6.855611529668237392e-02
2.900000000000000000e+01 3.900000000000000000e+01 1.318654247294495541e+00 6.454935049060875341e-02
2.800000000000000000e+01 3.900000000000000000e+01 1.263469737907771284e+00 7.594218885312968570e-02
3.100000000000000000e+01 3.900000000000000000e+01 1.250874046167347764e+00 6.662011013365849721e-02
3.100000000000000000e+01 3.800000000000000000e+01 1.212710120294956617e+00 6.794028868156336276e-02
3.000000000000000000e+01 3.700000000000000000e+01 1.149810362644382300e+00 6.952770770227559294e-02
3.100000000000000000e+01 3.600000000000000000e+01 1.347085710794259317e+00 6.985327515434219814e-02
3.000000000000000000e+01 3.600000000000000000e+01 1.348245873082032142e+00 8.245385717691869343e-02
2.800000000000000000e+01 4.000000000000000000e+01 1.108922420474335979e+00 9.726505821022483900e-02
2.900000000000000000e+01 3.800000000000000000e+01 1.086163637162291584e+00 9.161197289164701996e-02
2.800000000000000000e+01 3.700000000000000000e+01 1.040444307530939971e+00 9.725081738905282103e-02
3.100000000000000000e+01 3.800000000000000000e+01 1.235122008089512002e+00 1.005485700106438507e-01
3.200000000000000000e+01 3.900000000000000000e+01 1.452943223864783917e+00 1.182965160983650010e-01
3.100000000000000000e+01 4.000000000000000000e+01 1.260521832560835831e+00 1.387483405165755024e-01
3.500000000000000000e+01 4.200000000000000000e+01 1.481657589873779823e+00 1.502299667771002933e-01
3.600000000000000000e+01 4.100000000000000000e+01 1.725939976625350702e+00 1.631514012462298713e-01
3.700000000000000000e+01 3.800000000000000000e+01 1.560189133499447323e+00 1.374480857398485412e-01
3.600000000000000000e+01 3.500000000000000000e+01 1.566962386729365386e+00 1.251884794694565761e-01
3.700000000000000000e+01 3.600000000000000000e+01 1.335919747816104675e+00 1.212922396388938506e-01
3.900000000000000000e+01 3.400000000000000000e+01 1.323091012900592167e+00 9.360269824327627219e-02
4.000000000000000000e+01 3.200000000000000000e+01 1.550723430070823028e+00 8.093138078042821926e-02
4.200000000000000000e+01 3.200000000000000000e+01 1.802533903833012152e+00 6.807627445723488102e-02
4.200000000000000000e+01 3.100000000000000000e+01 1.795007523735799193e+00 5.858611252848736073e-02
4.100000000000000000e+01 3.100000000000000000e+01 1.855701425003844385e+00 5.474002151001533534e-02
4.000000000000000000e+01 3.200000000000000000e+01 1.656302277821325442e+00 6.423428745170928211e-02
3.800000000000000000e+01 3.300000000000000000e+01 1.457782702346426262e+00 6.468851221909864557e-02
3.800000000000000000e+01 3.100000000000000000e+01 1.477576298561094070e+00 5.296183776361074180e-02
3.900000000000000000e+01 3.600000000000000000e+01 1.454678579788305504e+00 5.023360191678771097e-02
3.900000000000000000e+01 3.600000000000000000e+01 1.434377518617314662e+00 4.847428003896013526e-02
4.300000000000000000e+01 3.700000000000000000e+01 1.680092715859248242e+00 3.447194570821836973e-02
4.300000000000000000e+01 3.900000000000000000e+01 1.690834089733339152e+00 4.097275377285641146e-02
4.200000000000000000e+01 3.900000000000000000e+01 1.729400598667549360e+00 4.847041427362353688e-02
4.300000000000000000e+01 4.100000000000000000e+01 1.775015297896698430e+00 5.729654252331731895e-02
4.200000000000000000e+01 3.900000000000000000e+01 1.850348304157543700e+00 4.644179507631984727e-02
4.100000000000000000e+01 4.100000000000000000e+01 1.672966433738236836e+00 5.510557955384382672e-02
4.100000000000000000e+01 4.100000000000000000e+01 1.700626532904878863e+00 6.510864237576766134e-02
4.000000000000000000e+01 4.100000000000000000e+01 1.740320103306849386e+00 7.672490795810087139e-02
3.900000000000000000e+01 4.100000000000000000e+01 1.815947502954007087e+00 9.016291139539185651e-02
3.900000000000000000e+01 3.900000000000000000e+01 2.145502560454690233e+00 8.464769984410115689e-02
3.800000000000000000e+01 3.800000000000000000e+01 2.295410407053243507e+00 8.717678579506200898e-02
3.800000000000000000e+01 3.700000000000000000e+01 2.676900360734898232e+00 8.836561838456716278e-02
3.700000000000000000e+01 4.100000000000000000e+01 2.616200908299414429e+00 9.342622336086055246e-02
3.500000000000000000e+01 4.000000000000000000e+01 2.545549314765602755e+00 9.900134489148346151e-02
4.200000000000000000e+01 4.100000000000000000e+01 2.943814492738052291e+00 9.168525402012642211e-02
4.700000000000000000e+01 4.200000000000000000e+01 2.895814299483586485e+00 7.622154320180613007e-02
4.700000000000000000e+01 4.400000000000000000e+01 2.593540870352577521e+00 8.981610594747739540e-02
4.500000000000000000e+01 4.500000000000000000e+01 2.491666626017771335e+00 8.457087450580873245e-02
4.300000000000000000e+01 4.600000000000000000e+01 2.328451615993187840e+00 9.943993807136411456e-02
4.100000000000000000e+01 4.500000000000000000e+01 1.974756588504964938e+00 1.060244206760618813e-01
3.900000000000000000e+01 4.300000000000000000e+01 1.818669063735673053e+00 1.014662192709351873e-01
3.800000000000000000e+01 4.300000000000000000e+01 1.881908058976580200e+00 9.294155400853766624e-02
3.600000000000000000e+01 4.500000000000000000e+01 1.685501964455645485e+00 9.871698805088635620e-02
3.500000000000000000e+01 4.400000000000000000e+01 1.447294670949361706e+00 1.036259470842431640e-01
3.500000000000000000e+01 4.500000000000000000e+01 1.428136813373130698e+00 1.109571036260430937e-01
3.500000000000000000e+01 4.300000000000000000e+01 1.672726831098948264e+00 1.053792698058887978e-01
3.400000000000000000e+01 4.200000000000000000e+01 1.702295793102841515e+00 1.127931965901117634e-01
3.400000000000000000e+01 4.300000000000000000e+01 1.972600836956921455e+00 1.197241091302301275e-01
3.500000000000000000e+01 4.200000000000000000e+01 1.810296590109922166e+00 1.081571363005338904e-01
3.400000000000000000e+01 4.100000000000000000e+01 1.864505700036893199e+00 1.018970186615495016e-01
3.200000000000000000e+01 4.000000000000000000e+01 1.701297607570701809e+00 8.237741852852860369e-02
3.300000000000000000e+01 4.300000000000000000e+01 1.210830816118640074e+00 8.434324040319923776e-02
3.200000000000000000e+01 4.200000000000000000e+01 1.154749536947154542e+00 8.637342582227187926e-02
3.100000000000000000e+01 4.100000000000000000e+01 1.146504060740529019e+00 7.450142218552431583e-02
3.100000000000000000e+01 3.900000000000000000e+01 1.360319974789581332e+00 5.932610644797143423e-02
3.200000000000000000e+01 4.200000000000000000e+01 1.125747726869160914e+00 7.013287169677302757e-02
3.100000000000000000e+01 4.100000000000000000e+01 1.139220971744701938e+00 7.044562748038059319e-02
3.200000000000000000e+01 4.100000000000000000e+01 1.380749564096333648e+00 6.921935750913027485e-02
3.400000000000000000e+01 4.200000000000000000e+01 1.656921826630355143e+00 8.187302968003376535e-02
3.400000000000000000e+01 4.300000000000000000e+01 1.967482690696459979e+00 9.657156341873734950e-02
3.400000000000000000e+01 4.500000000000000000e+01 2.311992154771394858e+00 1.136264791020877296e-01
3.400000000000000000e+01 4.600000000000000000e+01 2.688576143972185584e+00 1.332286142473009527e-01
3.500000000000000000e+01 4.700000000000000000e+01 3.094541426100204884e+00 1.243630992088779336e-01
3.400000000000000000e+01 4.600000000000000000e+01 3.286449248484907937e+00 1.332002246686241897e-01
3.000000000000000000e+01 4.600000000000000000e+01 2.848662260984370587e+00 1.310810302925838333e-01
2.500000000000000000e+01 4.400000000000000000e+01 2.099125373408814443e+00 1.181522545940933144e-01
2.300000000000000000e+01 4.300000000000000000e+01 1.641271413911054911e+00 9.272193384729227050e-02
2.100000000000000000e+01 4.000000000000000000e+01 1.324437448853913457e+00 7.353220773136551203e-02
2.000000000000000000e+01 4.100000000000000000e+01 9.548984003160124745e-01 7.591771635596249179e-02
1.800000000000000000e+01 4.100000000000000000e+01 5.798172507469140369e-01 8.907268696868016200e-02
1.800000000000000000e+01 4.000000000000000000e+01 6.986823381442550662e-01 8.842266338106964663e-02
1.800000000000000000e+01 4.000000000000000000e+01 8.348917790865174604e-01 9.316480555174648515e-02
2.000000000000000000e+01 3.900000000000000000e+01 9.897328660252128207e-01 8.649826941000794689e-02
1.900000000000000000e+01 3.900000000000000000e+01 9.460551503388792138e-01 8.930952696650087952e-02
1.900000000000000000e+01 3.900000000000000000e+01 8.992761917289225915e-01 9.080270487333941265e-02
2.100000000000000000e+01 3.900000000000000000e+01 1.066514664564758519e+00 9.436109840678125193e-02
2.200000000000000000e+01 4.000000000000000000e+01 1.252743901584078001e+00 9.675809812532604193e-02
2.400000000000000000e+01 4.300000000000000000e+01 1.457981567039045023e+00 1.030254903649146514e-01
2.200000000000000000e+01 4.200000000000000000e+01 1.246868605042837919e+00 1.083999194065309452e-01
2.300000000000000000e+01 4.200000000000000000e+01 1.441949667108583411e+00 1.025436649883392504e-01
2.200000000000000000e+01 4.300000000000000000e+01 1.390968311225592169e+00 1.094271287561707495e-01
2.200000000000000000e+01 3.900000000000000000e+01 1.377182836853752201e+00 8.228331269048808072e-02
2.000000000000000000e+01 3.800000000000000000e+01 1.092581654644084743e+00 8.249469965373999736e-02
1.900000000000000000e+01 3.700000000000000000e+01 9.928728936295539986e-01 8.615711965631185631e-02
1.900000000000000000e+01 3.600000000000000000e+01 1.144402771919831530e+00 8.505143050848086583e-02
2.100000000000000000e+01 3.600000000000000000e+01 8.739660430132257796e-01 8.928136319218249461e-02
2.100000000000000000e+01 3.600000000000000000e+01 1.002420167765198933e+00 8.051225255724162033e-02
2.000000000000000000e+01 3.600000000000000000e+01 8.791861954900882514e-01 8.409700522420017477e-02
1.900000000000000000e+01 3.600000000000000000e+01 5.490818621229709429e-01 9.867425031914690836e-02
1.900000000000000000e+01 3.500000000000000000e+01 4.014824760905474355e-01 1.049231021928850593e-01
1.900000000000000000e+01 3.300000000000000000e+01 4.816168888588996388e-01 9.816516337869282682e-02
2.100000000000000000e+01 3.600000000000000000e+01 5.740855059798782856e-01 1.028130904859578809e-01
2.600000000000000000e+01 3.300000000000000000e+01 6.802047095904096841e-01 8.689427663503278276e-02
2.500000000000000000e+01 3.200000000000000000e+01 5.601051500200064925e-01 8.945665610489486608e-02
2.700000000000000000e+01 3.100000000000000000e+01 6.724129784349914818e-01 8.013973148380772182e-02
2.700000000000000000e+01 3.000000000000000000e+01 8.005085174135737613e-01 8.162714166783345549e-02
2.900000000000000000e+01 2.700000000000000000e+01 9.460831282410224752e-01 6.230781281939952454e-02
2.900000000000000000e+01 2.600000000000000000e+01 1.109137893609027481e+00 6.103492718660286087e-02
2.800000000000000000e+01 2.600000000000000000e+01 1.029109633327129014e+00 6.125360477838012047e-02
2.900000000000000000e+01 2.600000000000000000e+01 1.207659341753206217e+00 5.994224989532308950e-02
2.900000000000000000e+01 2.600000000000000000e+01 1.144176244300691536e+00 7.053972224013657644e-02
2.900000000000000000e+01 2.500000000000000000e+01 1.339574285561018652e+00 7.226729104066083320e-02
2.700000000000000000e+01 2.500000000000000000e+01 1.120640624196279855e+00 8.473340948656206406e-02
2.700000000000000000e+01 2.500000000000000000e+01 1.310233427772765857e+00 8.700767924995307656e-02
3.000000000000000000e+01 3.100000000000000000e+01 1.519516437974663070e+00 7.941363140397010578e-02
3.100000000000000000e+01 3.900000000000000000e+01 1.291609849128472876e+00 9.319203870983139293e-02
3.000000000000000000e+01 3.800000000000000000e+01 1.037707808645772278e+00 9.805407862063021673e-02
3.200000000000000000e+01 3.600000000000000000e+01 9.983068148173543932e-01 7.914539763973239828e-02
3.100000000000000000e+01 3.500000000000000000e+01 9.339331511717443579e-01 7.819652677079597103e-02
3.100000000000000000e+01 3.200000000000000000e+01 1.107884835978222293e+00 5.603719622159235303e-02
3.100000000000000000e+01 3.000000000000000000e+01 1.304376947268854003e+00 3.902582173634369656e-02
3.000000000000000000e+01 3.200000000000000000e+01 1.046210110511472946e+00 4.597175295178049237e-02
3.000000000000000000e+01 3.200000000000000000e+01 1.246518277759918858e+00 4.010555179611213772e-02
3.000000000000000000e+01 3.300000000000000000e+01 1.472315003907083586e+00 4.732486876852825403e-02
3.500000000000000000e+01 3.800000000000000000e+01 1.725144003268552551e+00 5.588119992039538436e-02
3.200000000000000000e+01 3.800000000000000000e+01 1.352222134733659376e+00 6.551413798627601925e-02
3.400000000000000000e+01 4.300000000000000000e+01 1.350106877506696668e+00 6.637558421839998002e-02
3.800000000000000000e+01 4.800000000000000000e+01 1.590792953667695020e+00 5.352649575431132900e-02
4.000000000000000000e+01 5.000000000000000000e+01 1.856537135965877550e+00 4.912414605483240299e-02
4.300000000000000000e+01 5.400000000000000000e+01 1.908090870089346858e+00 5.810292309838286512e-02
4.300000000000000000e+01 5.400000000000000000e+01 1.960561063545870786e+00 6.831714517983225599e-02
4.300000000000000000e+01 5.400000000000000000e+01 2.035789454753423211e+00 5.920910347417732839e-02
4.100000000000000000e+01 5.300000000000000000e+01 1.893131433096393090e+00 4.552745021064133479e-02
4.100000000000000000e+01 5.500000000000000000e+01 1.660064067648862718e+00 5.417405307592420421e-02
4.000000000000000000e+01 5.500000000000000000e+01 1.425580025256391714e+00 5.375707641168105816e-02
4.000000000000000000e+01 5.600000000000000000e+01 1.363718391887410508e+00 6.395303422006183569e-02
3.800000000000000000e+01 5.600000000000000000e+01 1.107750925391590258e+00 7.585337441289723148e-02
3.800000000000000000e+01 5.900000000000000000e+01 1.071100337948826642e+00 8.990037296409864043e-02
4.200000000000000000e+01 5.900000000000000000e+01 1.278012715398675336e+00 9.565775965238598744e-02
4.200000000000000000e+01 5.900000000000000000e+01 1.511544175383172428e+00 1.024329025791813619e-01
4.100000000000000000e+01 5.900000000000000000e+01 1.534061533250353326e+00 1.208274442084737721e-01
4.000000000000000000e+01 5.900000000000000000e+01 1.563456407798092807e+00 1.421268642414068306e-01
4.200000000000000000e+01 6.100000000000000000e+01 1.840372284739556941e+00 1.667874477983176118e-01
4.700000000000000000e+01 6.800000000000000000e+01 2.148883249436809528e+00 1.849070564162959562e-01
4.700000000000000000e+01 7.100000000000000000e+01 2.054399785141951540e+00 1.740250806444261222e-01
4.500000000000000000e+01 6.700000000000000000e+01 1.946542722756707811e+00 1.352049312549266080e-01
4.500000000000000000e+01 6.500000000000000000e+01 2.043343487827359972e+00 1.080580423899712705e-01
4.200000000000000000e+01 6.400000000000000000e+01 1.650822644422049512e+00 1.131509244507247491e-01
4.000000000000000000e+01 6.400000000000000000e+01 1.421724272295997515e+00 1.330439835949950578e-01
4.000000000000000000e+01 6.300000000000000000e+01 1.708410649890865329e+00 1.380925237222397628e-01
4.000000000000000000e+01 6.200000000000000000e+01 2.034038234208923157e+00 1.463845993056684669e-01
4.100000000000000000e+01 6.100000000000000000e+01 2.399496072756382770e+00 1.510076448688379147e-01
4.000000000000000000e+01 6.100000000000000000e+01 2.564861876090039683e+00 1.772870648077204958e-01
4.000000000000000000e+01 6.000000000000000000e+01 2.985585652563249592e+00 1.954187302126960679e-01
3.700000000000000000e+01 5.800000000000000000e+01 2.791928572138222986e+00 1.952040303310906832e-01
4.200000000000000000e+01 6.200000000000000000e+01 3.217217106915206681e+00 1.918382790228378432e-01
4.100000000000000000e+01 6.100000000000000000e+01 2.978099148352978176e+00 1.922798258702093921e-01
3.800000000000000000e+01 5.800000000000000000e+01 2.462585528084056286e+00 1.786894524597993361e-01
3.700000000000000000e+01 5.200000000000000000e+01 2.602516198067613473e+00 1.367345731595514535e-01
3.700000000000000000e+01 4.800000000000000000e+01 2.246343309750033601e+00 1.124722523990399625e-01
3.600000000000000000e+01 5.000000000000000000e+01 1.542937533001912387e+00 1.315091300863535650e-01
3.600000000000000000e+01 4.700000000000000000e+01 1.582626497591426817e+00 1.109389171667697488e-01
3.800000000000000000e+01 4.800000000000000000e+01 1.843034709610414046e+00 1.020645985467185657e-01
3.800000000000000000e+01 5.000000000000000000e+01 1.846086277853671742e+00 9.897852769420377450e-02
3.700000000000000000e+01 5.000000000000000000e+01 1.897077121379094677e+00 9.200407322307745106e-02
3.600000000000000000e+01 5.100000000000000000e+01 1.712415581887405169e+00 1.084316484746788989e-01
4.000000000000000000e+01 5.600000000000000000e+01 1.726393509827079509e+00 1.276235983056440981e-01
4.000000000000000000e+01 5.600000000000000000e+01 1.786944157617744722e+00 1.252526768230647070e-01
4.200000000000000000e+01 5.900000000000000000e+01 1.632745895310998563e+00 1.244907449183036696e-01
4.100000000000000000e+01 6.000000000000000000e+01 1.650577425173273882e+00 1.322200074788850710e-01
4.100000000000000000e+01 6.100000000000000000e+01 1.646078352860700811e+00 1.549825085722291718e-01
4.900000000000000000e+01 7.100000000000000000e+01 1.904062594422749610e+00 1.677361168862114005e-01
4.700000000000000000e+01 7.100000000000000000e+01 1.747841584339071552e+00 1.956246402547664187e-01
4.500000000000000000e+01 6.500000000000000000e+01 1.567318822886394569e+00 1.627924644957614575e-01
4.400000000000000000e+01 5.800000000000000000e+01 1.557002481726996512e+00 1.090990586672865026e-01
4.100000000000000000e+01 5.700000000000000000e+01 1.044788190198687960e+00 1.028126421863126555e-01
4.300000000000000000e+01 6.100000000000000000e+01 7.302449255746673584e-01 9.417892187081595978e-02
4.500000000000000000e+01 6.100000000000000000e+01 8.982366133951217302e-01 8.214291093565471991e-02
4.500000000000000000e+01 6.200000000000000000e+01 1.095452374684258823e+00 7.843606539878963946e-02
4.900000000000000000e+01 6.400000000000000000e+01 1.325797906792170355e+00 7.673287275666738905e-02
5.200000000000000000e+01 7.100000000000000000e+01 1.590866406275934120e+00 9.109887994432942782e-02
5.100000000000000000e+01 7.200000000000000000e+01 1.675231958682488420e+00 1.075311876555374718e-01
5.200000000000000000e+01 7.100000000000000000e+01 1.992743951968950045e+00 1.144543315926452864e-01
5.400000000000000000e+01 7.100000000000000000e+01 2.350013903815975969e+00 1.346398115142841689e-01
5.500000000000000000e+01 7.100000000000000000e+01 2.747411416949232077e+00 1.474861233914693814e-01
5.400000000000000000e+01 6.800000000000000000e+01 2.534547152323564756e+00 1.411976556889357470e-01
5.200000000000000000e+01 6.700000000000000000e+01 2.250019843130221631e+00 1.428390619118868610e-01
5.100000000000000000e+01 6.400000000000000000e+01 2.394988512893900801e+00 1.290779379243345293e-01
5.000000000000000000e+01 6.500000000000000000e+01 2.558665201963008506e+00 1.359428423109652895e-01
4.900000000000000000e+01 6.600000000000000000e+01 2.763871320569654344e+00 1.441377546621555317e-01
4.700000000000000000e+01 6.500000000000000000e+01 2.532185011545738273e+00 1.590626699999830584e-01
4.600000000000000000e+01 6.600000000000000000e+01 2.686508452250279788e+00 1.748349767134589894e-01
4.400000000000000000e+01 6.500000000000000000e+01 2.643294179991415582e+00 1.840876400944272406e-01
4.200000000000000000e+01 6.300000000000000000e+01 2.574867670051459001e+00 1.946197611650192782e-01
4.500000000000000000e+01 6.000000000000000000e+01 3.004821133110401998e+00 1.911864348373601696e-01
4.500000000000000000e+01 6.000000000000000000e+01 3.474830650717643188e+00 1.873574865321706862e-01
4.200000000000000000e+01 5.800000000000000000e+01 3.049966681992219097e+00 1.982079342254681187e-01
4.000000000000000000e+01 5.600000000000000000e+01 2.767651696880989665e+00 2.104836643718792366e-01
4.000000000000000000e+01 5.200000000000000000e+01 2.760872691721169669e+00 1.861698549162529859e-01
4.100000000000000000e+01 4.900000000000000000e+01 2.938656670778225788e+00 1.787921900053024982e-01
4.000000000000000000e+01 4.700000000000000000e+01 3.083152582653536200e+00 1.842734557209399493e-01
3.400000000000000000e+01 4.200000000000000000e+01 2.130916864928011467e+00 1.622266900698403069e-01
3.300000000000000000e+01 3.700000000000000000e+01 2.227333371802859396e+00 1.248660687898043159e-01
3.200000000000000000e+01 3.700000000000000000e+01 2.048152826166789175e+00 1.323117890870328106e-01
3.800000000000000000e+01 4.500000000000000000e+01 2.095848162079315902e+00 1.550700312888260435e-01
3.900000000000000000e+01 4.600000000000000000e+01 2.433407811534054943e+00 1.628912141164282623e-01
4.000000000000000000e+01 4.000000000000000000e+01 2.798560044733906516e+00 1.251622787666830106e-01
3.800000000000000000e+01 3.900000000000000000e+01 2.493169718634960841e+00 1.234722129188022821e-01
3.700000000000000000e+01 3.900000000000000000e+01 2.338073641297178984e+00 1.334180366651523120e-01
3.600000000000000000e+01 3.700000000000000000e+01 2.159781525277033154e+00 1.220019885902248052e-01
3.400000000000000000e+01 3.200000000000000000e+01 1.760897691189023950e+00 8.378682208209055349e-02
3.300000000000000000e+01 2.900000000000000000e+01 1.768456126249589477e+00 5.945124297560312743e-02
3.100000000000000000e+01 2.900000000000000000e+01 1.248190878307816165e+00 6.949389587437566906e-02
3.400000000000000000e+01 3.100000000000000000e+01 1.223735457357344014e+00 6.535437560928751555e-02
3.500000000000000000e+01 3.000000000000000000e+01 1.410169395072198961e+00 5.011582061918979508e-02
3.300000000000000000e+01 3.100000000000000000e+01 1.134962076966698374e+00 5.902493488256838755e-02
3.300000000000000000e+01 3.200000000000000000e+01 8.335414342885535399e-01 6.931058331862671729e-02
3.200000000000000000e+01 3.200000000000000000e+01 7.235959102833083856e-01 8.108668402297176947e-02
3.300000000000000000e+01 3.300000000000000000e+01 8.744366644118189980e-01 7.037753100725482880e-02
3.300000000000000000e+01 3.100000000000000000e+01 1.048180538770106418e+00 5.966480564419977123e-02
3.500000000000000000e+01 3.300000000000000000e+01 1.247014847229136025e+00 5.795903071254566996e-02
3.600000000000000000e+01 3.400000000000000000e+01 1.232699732592912323e+00 5.756286061245886876e-02
3.600000000000000000e+01 3.400000000000000000e+01 1.462409756900944213e+00 5.547182736089095040e-02
3.600000000000000000e+01 3.500000000000000000e+01 1.720557839815887391e+00 5.316917141892575638e-02
3.400000000000000000e+01 3.600000000000000000e+01 1.573876919995511825e+00 6.263076547154991514e-02
3.300000000000000000e+01 3.800000000000000000e+01 1.606629517670280061e+00 6.316603899635113428e-02
3.200000000000000000e+01 3.900000000000000000e+01 1.669361436713837410e+00 6.217002308819397083e-02
3.600000000000000000e+01 3.900000000000000000e+01 1.957961740297792241e+00 5.929461489631032006e-02
3.400000000000000000e+01 3.900000000000000000e+01 1.820099439664710772e+00 6.994951374970723168e-02
3.300000000000000000e+01 3.800000000000000000e+01 1.907178630355464533e+00 7.021470010209029944e-02
3.200000000000000000e+01 3.900000000000000000e+01 1.957361579225296744e+00 8.274914533280686157e-02
3.200000000000000000e+01 4.300000000000000000e+01 2.015297103347158725e+00 9.737884012962011449e-02
3.200000000000000000e+01 4.300000000000000000e+01 2.341554104467607811e+00 1.140203101138159009e-01
3.300000000000000000e+01 4.600000000000000000e+01 2.479144667299012728e+00 1.332253963317115986e-01
3.100000000000000000e+01 4.000000000000000000e+01 2.403154210442700389e+00 9.040345661803796118e-02
2.800000000000000000e+01 3.700000000000000000e+01 2.022547280605095033e+00 7.234958426538021237e-02
2.700000000000000000e+01 3.700000000000000000e+01 1.815165669185470732e+00 7.077070248055573887e-02
2.400000000000000000e+01 3.700000000000000000e+01 1.347101950075285437e+00 8.280963038367042395e-02
2.400000000000000000e+01 3.600000000000000000e+01 1.357817335994018437e+00 7.870229813455845158e-02
2.500000000000000000e+01 3.400000000000000000e+01 1.585182028157096523e+00 6.780696924507108314e-02
2.600000000000000000e+01 3.400000000000000000e+01 1.617033396713081883e+00 6.591321080173925817e-02
2.700000000000000000e+01 4.100000000000000000e+01 1.602357306281572580e+00 7.804288258122617228e-02
2.700000000000000000e+01 4.100000000000000000e+01 1.629229745280782460e+00 9.175279962110402532e-02
2.600000000000000000e+01 3.900000000000000000e+01 1.651661659904686941e+00 7.610903317375435073e-02
2.600000000000000000e+01 3.900000000000000000e+01 1.190476191030555464e+00 8.952499410342050490e-02
2.500000000000000000e+01 3.800000000000000000e+01 1.111861185395540463e+00 9.450221039648042110e-02
2.400000000000000000e+01 3.800000000000000000e+01 1.071353025839835604e+00 9.691557866592018233e-02
2.300000000000000000e+01 3.900000000000000000e+01 1.001559984588126673e+00 1.136091971129926520e-01
2.200000000000000000e+01 3.800000000000000000e+01 9.469276105187515169e-01 1.084213014357305604e-01
2.200000000000000000e+01 3.800000000000000000e+01 1.101896017827959096e+00 1.146824841329746325e-01
2.100000000000000000e+01 3.600000000000000000e+01 1.054652646345655809e+00 1.094937582474237864e-01
1.800000000000000000e+01 3.500000000000000000e+01 5.433274151795847162e-01 1.157164893113934445e-01
1.800000000000000000e+01 3.500000000000000000e+01 6.528704600797884394e-01 1.090081315162176046e-01
2.300000000000000000e+01 3.800000000000000000e+01 7.786375828277751765e-01 1.029702618622320570e-01
2.500000000000000000e+01 3.600000000000000000e+01 9.198050268461789303e-01 9.570582933043844664e-02
2.600000000000000000e+01 3.700000000000000000e+01 1.077052284608690069e+00 8.742956093451148547e-02
2.800000000000000000e+01 3.500000000000000000e+01 1.250974914900164769e+00 7.948597268492058054e-02
2.700000000000000000e+01 3.700000000000000000e+01 1.007314862788171395e+00 6.870876268063219605e-02
2.900000000000000000e+01 3.900000000000000000e+01 9.305852569008128405e-01 6.680307784109261460e-02
2.800000000000000000e+01 3.900000000000000000e+01 8.259512504170587466e-01 7.840706493951642153e-02
2.800000000000000000e+01 3.800000000000000000e+01 9.787978344807224396e-01 8.124919415850521964e-02
2.700000000000000000e+01 3.800000000000000000e+01 9.335803438747359850e-01 7.404265745292892831e-02
2.900000000000000000e+01 3.800000000000000000e+01 1.102826923852840979e+00 7.452313782161926192e-02
3.000000000000000000e+01 3.800000000000000000e+01 1.074996558965444882e+00 6.284905090745755707e-02
3.100000000000000000e+01 3.700000000000000000e+01 1.261684932472666221e+00 4.960675932021834517e-02
3.100000000000000000e+01 4.000000000000000000e+01 1.207049367764527537e+00 5.874422868614173621e-02
3.300000000000000000e+01 4.300000000000000000e+01 1.412281911458821870e+00 5.890927490505598607e-02
3.800000000000000000e+01 4.500000000000000000e+01 1.399195320945358922e+00 6.957600885740659880e-02
3.900000000000000000e+01 4.700000000000000000e+01 1.405238852960018381e+00 8.193264171582861910e-02
3.800000000000000000e+01 4.700000000000000000e+01 1.407772365619368360e+00 9.609101909783086815e-02
3.700000000000000000e+01 4.800000000000000000e+01 1.189876305096975173e+00 1.124023427766408234e-01
4.000000000000000000e+01 4.600000000000000000e+01 1.163483351234091856e+00 8.753267292208814776e-02
4.700000000000000000e+01 5.000000000000000000e+01 1.351531348899554175e+00 6.635537426603881073e-02
4.600000000000000000e+01 4.900000000000000000e+01 1.319063323728816295e+00 6.414155661944459519e-02
4.300000000000000000e+01 4.900000000000000000e+01 8.079143475801778829e-01 7.560894705337563304e-02
4.300000000000000000e+01 4.800000000000000000e+01 9.709506655920937535e-01 7.505699436237835143e-02
4.300000000000000000e+01 4.800000000000000000e+01 8.984284268550545294e-01 8.844477419773313920e-02
4.300000000000000000e+01 4.700000000000000000e+01 1.093336895367058137e+00 9.185835717234172582e-02
4.300000000000000000e+01 4.700000000000000000e+01 1.318665955862084349e+00 9.592911447026142291e-02
4.400000000000000000e+01 4.800000000000000000e+01 1.576341536570795787e+00 1.007598067258862334e-01
4.500000000000000000e+01 4.800000000000000000e+01 1.867449303990711185e+00 1.063660053474547729e-01
4.700000000000000000e+01 5.000000000000000000e+01 2.192962742071752569e+00 1.250300225261564424e-01
4.700000000000000000e+01 4.900000000000000000e+01 2.552588359390125738e+00 1.359171465747318897e-01
4.600000000000000000e+01 4.600000000000000000e+01 2.512784121989110719e+00 1.153174231254147225e-01
4.400000000000000000e+01 4.600000000000000000e+01 2.439735719302832173e+00 1.109720518838766823e-01
4.200000000000000000e+01 4.600000000000000000e+01 2.311544585284655007e+00 1.091711331101759969e-01
4.000000000000000000e+01 4.500000000000000000e+01 2.174709075309142481e+00 1.158735342332212065e-01
3.800000000000000000e+01 4.300000000000000000e+01 2.052114250729491385e+00 1.146705459482692119e-01
3.700000000000000000e+01 3.900000000000000000e+01 2.140057335039082353e+00 9.061910420795550591e-02
3.600000000000000000e+01 3.900000000000000000e+01 2.267491131196686105e+00 9.269911261557661764e-02
3.500000000000000000e+01 3.900000000000000000e+01 2.390952644936383376e+00 1.090470755459088670e-01
3.500000000000000000e+01 3.800000000000000000e+01 2.512179988023513388e+00 1.173999271829977292e-01
3.400000000000000000e+01 3.700000000000000000e+01 2.719218999417134075e+00 1.253875770892161345e-01
3.500000000000000000e+01 3.500000000000000000e+01 2.944692965060804024e+00 1.240338008706244471e-01
4.000000000000000000e+01 4.600000000000000000e+01 2.686820066628536008e+00 1.454949123090144292e-01
