0.000000000000000000e+00 0.000000000000000000e+00 0.000000000000000000e+00 0.000000000000000000e+00
3.000000000000000000e+00 2.000000000000000000e+00 6.546876815262455285e-04 9.893195246707083609e-05
3.000000000000000000e+00 2.000000000000000000e+00 8.778059687195144921e-04 1.203330561976695390e-04
3.000000000000000000e+00 3.000000000000000000e+00 1.175714852327507196e-03 1.957669710201211577e-04
3.000000000000000000e+00 3.000000000000000000e+00 1.572802482652354812e-03 2.379555564721210761e-04
1.000000000000000000e+01 6.000000000000000000e+00 3.628646241942385092e-03 4.374906657577107478e-04
1.300000000000000000e+01 8.000000000000000000e+00 5.505054618614204677e-03 6.304597980589441136e-04
1.400000000000000000e+01 1.000000000000000000e+01 7.569652606921197825e-03 8.646945846296641772e-04
1.500000000000000000e+01 1.000000000000000000e+01 1.031168198994674400e-02 1.049909116824893855e-03
1.500000000000000000e+01 1.000000000000000000e+01 1.372624569817896059e-02 1.274032366311452120e-03
1.500000000000000000e+01 1.200000000000000000e+01 1.823309760756717732e-02 1.643915161259680222e-03
1.800000000000000000e+01 1.500000000000000000e+01 2.481649588010289773e-02 2.140939257528650871e-03
2.000000000000000000e+01 1.700000000000000000e+01 3.324571471699502845e-02 2.692681958374250339e-03
2.300000000000000000e+01 2.300000000000000000e+01 4.448571527834106754e-02 3.556918782170525022e-03
2.700000000000000000e+01 2.500000000000000000e+01 5.934373186821714774e-02 4.403655647564353945e-03
2.700000000000000000e+01 2.500000000000000000e+01 7.773778395127518837e-02 5.325392189272545526e-03
2.800000000000000000e+01 2.800000000000000000e+01 1.016358367126992263e-01 6.582224521375790866e-03
2.800000000000000000e+01 2.800000000000000000e+01 1.320044056792258613e-01 7.945280653547078312e-03
3.200000000000000000e+01 3.800000000000000000e+01 1.714664758622524154e-01 1.007444106496296378e-02
3.300000000000000000e+01 3.900000000000000000e+01 2.206499032728064524e-01 1.218751675973694590e-02
3.300000000000000000e+01 4.100000000000000000e+01 2.820008921866032359e-01 1.476477599941336712e-02
3.300000000000000000e+01 4.100000000000000000e+01 3.581174302583315372e-01 1.774416610802517433e-02
3.300000000000000000e+01 4.100000000000000000e+01 4.516781334924425684e-01 2.129324791883142193e-02
3.300000000000000000e+01 4.100000000000000000e+01 5.655516854447200092e-01 2.551152113798764096e-02
3.500000000000000000e+01 4.200000000000000000e+01 7.031549027080258307e-01 3.056263426854042772e-02
3.500000000000000000e+01 4.200000000000000000e+01 8.667528976583329658e-01 3.648865577356091849e-02
3.900000000000000000e+01 4.700000000000000000e+01 1.060431228382830326e+00 4.372576235571894870e-02
4.000000000000000000e+01 4.800000000000000000e+01 1.285600568200794269e+00 5.204930185008702082e-02
4.000000000000000000e+01 4.800000000000000000e+01 1.544829794523693733e+00 6.176326568194825256e-02
4.000000000000000000e+01 5.200000000000000000e+01 1.840061572409624313e+00 7.331669745420153761e-02
4.000000000000000000e+01 5.200000000000000000e+01 2.172464711240156721e+00 8.658900199546795684e-02
3.800000000000000000e+01 5.200000000000000000e+01 2.108567037045970594e+00 9.154887910084705260e-02
3.800000000000000000e+01 5.300000000000000000e+01 2.232320523268261692e+00 1.078546835156375672e-01
3.900000000000000000e+01 5.400000000000000000e+01 2.610265422554310266e+00 1.129229353340579223e-01
4.100000000000000000e+01 5.300000000000000000e+01 3.024915340623975712e+00 1.205791757301322153e-01
3.900000000000000000e+01 6.000000000000000000e+01 2.606746048304046770e+00 1.314486561483992344e-01
3.800000000000000000e+01 6.400000000000000000e+01 2.304596008446935240e+00 1.318034598789493139e-01
3.700000000000000000e+01 6.500000000000000000e+01 2.161764154567714424e+00 1.320907992809741138e-01
3.600000000000000000e+01 6.300000000000000000e+01 2.289096900811398605e+00 1.270176661562668063e-01
3.700000000000000000e+01 6.300000000000000000e+01 2.358358243849718150e+00 1.492962309706633850e-01
3.600000000000000000e+01 6.200000000000000000e+01 2.434603261291671927e+00 1.644566012794675403e-01
3.500000000000000000e+01 6.100000000000000000e+01 2.582839115919752793e+00 1.593230268436818531e-01
3.300000000000000000e+01 5.900000000000000000e+01 2.494593444714331198e+00 1.636777938459635373e-01
3.200000000000000000e+01 5.700000000000000000e+01 2.362497831952572458e+00 1.476383733846805546e-01
2.700000000000000000e+01 5.600000000000000000e+01 1.533376294776716886e+00 1.603837044127955913e-01
2.600000000000000000e+01 5.500000000000000000e+01 1.502627943316364290e+00 1.611004530780173472e-01
3.200000000000000000e+01 5.100000000000000000e+01 1.731670486558691158e+00 1.370542509865682046e-01
3.400000000000000000e+01 5.100000000000000000e+01 1.457158072336593779e+00 1.600287159601817277e-01
3.200000000000000000e+01 4.500000000000000000e+01 1.245597176422861940e+00 1.199082413535523944e-01
3.200000000000000000e+01 4.200000000000000000e+01 1.203169100112557510e+00 9.314893753506357787e-02
3.500000000000000000e+01 4.300000000000000000e+01 1.136161121127634788e+00 8.483629825259425550e-02
4.300000000000000000e+01 4.500000000000000000e+01 1.329540834465448906e+00 7.189312417784467224e-02
4.400000000000000000e+01 4.500000000000000000e+01 1.259594862616340682e+00 8.498919763899928648e-02
4.600000000000000000e+01 4.600000000000000000e+01 1.472587430678667264e+00 1.002563977328020106e-01
4.500000000000000000e+01 4.500000000000000000e+01 1.489913656885205162e+00 1.073827726826459966e-01
4.600000000000000000e+01 4.700000000000000000e+01 1.484633531903368553e+00 1.262227612322795178e-01
4.300000000000000000e+01 4.500000000000000000e+01 1.066968752901857442e+00 1.268158839357010070e-01
4.300000000000000000e+01 4.300000000000000000e+01 1.038721256462101783e+00 1.242461376549574004e-01
4.200000000000000000e+01 4.300000000000000000e+01 9.666612956765113784e-01 1.334195491371702180e-01
4.300000000000000000e+01 4.100000000000000000e+01 1.158908777019370673e+00 1.192328354581345673e-01
4.400000000000000000e+01 4.000000000000000000e+01 1.377332236785824282e+00 1.276385021277104403e-01
4.400000000000000000e+01 3.900000000000000000e+01 1.622769256324969378e+00 1.355312816514840368e-01
4.500000000000000000e+01 4.000000000000000000e+01 1.896401715492520568e+00 1.360180150356271322e-01
4.400000000000000000e+01 4.100000000000000000e+01 1.959198113367742522e+00 1.484832582711201054e-01
4.200000000000000000e+01 4.200000000000000000e+01 1.812098352343940011e+00 1.730507986020625999e-01
4.100000000000000000e+01 3.700000000000000000e+01 1.890142084759396601e+00 1.450834712208641797e-01
4.100000000000000000e+01 3.300000000000000000e+01 1.716831591030729243e+00 1.127120774788928081e-01
4.100000000000000000e+01 3.100000000000000000e+01 1.750226568387267312e+00 7.186584428367599753e-02
4.000000000000000000e+01 2.900000000000000000e+01 1.798463344786902063e+00 5.575249308966205575e-02
3.900000000000000000e+01 2.800000000000000000e+01 1.909074512111054833e+00 4.943166535919382015e-02
3.800000000000000000e+01 2.800000000000000000e+01 1.973715589772070178e+00 5.813480116220638705e-02
3.700000000000000000e+01 2.700000000000000000e+01 2.083278772307266102e+00 5.767559204375131976e-02
3.700000000000000000e+01 2.700000000000000000e+01 2.478833298441270649e+00 5.560265283387713642e-02
3.900000000000000000e+01 3.200000000000000000e+01 2.705138885681917404e+00 5.509264143643308881e-02
4.300000000000000000e+01 3.500000000000000000e+01 3.172689755202936723e+00 5.285531676954284552e-02
4.300000000000000000e+01 3.600000000000000000e+01 3.683812351729438106e+00 5.185264419404689989e-02
4.300000000000000000e+01 3.600000000000000000e+01 3.585568349154771628e+00 6.115621482588011470e-02
3.900000000000000000e+01 3.700000000000000000e+01 3.194647479229096643e+00 7.197544692489608875e-02
3.700000000000000000e+01 3.800000000000000000e+01 3.158209327680190803e+00 8.445081869826483179e-02
3.800000000000000000e+01 3.900000000000000000e+01 3.128507375654272948e+00 9.877371165029297240e-02
3.500000000000000000e+01 3.900000000000000000e+01 2.905627328398946663e+00 1.030654750733763780e-01
3.500000000000000000e+01 3.700000000000000000e+01 2.636218469506417250e+00 6.437546225413624812e-02
3.100000000000000000e+01 3.800000000000000000e+01 1.770040063406730146e+00 7.528548849197097548e-02
2.800000000000000000e+01 3.700000000000000000e+01 1.284763847518658464e+00 7.194379581132734347e-02
2.900000000000000000e+01 3.600000000000000000e+01 1.463763383200189949e+00 5.617412611450644383e-02
2.700000000000000000e+01 3.500000000000000000e+01 1.134465793178012438e+00 5.554713529033940278e-02
2.600000000000000000e+01 3.400000000000000000e+01 1.012846464135990887e+00 5.327969047772212335e-02
2.700000000000000000e+01 3.400000000000000000e+01 9.053695460074163703e-01 6.285440389456094235e-02
2.600000000000000000e+01 3.500000000000000000e+01 8.120611290956830652e-01 7.399921315460868121e-02
3.100000000000000000e+01 3.300000000000000000e+01 9.520447577068863465e-01 6.423989331069729358e-02
3.600000000000000000e+01 3.700000000000000000e+01 8.693481748759248617e-01 7.583836189082640566e-02
3.500000000000000000e+01 3.700000000000000000e+01 7.806445539413473522e-01 8.905273664874670259e-02
3.800000000000000000e+01 4.000000000000000000e+01 9.282662308617916080e-01 8.350889667026591134e-02
3.800000000000000000e+01 3.800000000000000000e+01 1.095612525479446653e+00 7.525338882319175526e-02
3.800000000000000000e+01 3.800000000000000000e+01 1.023417160158317962e+00 7.789988911995202048e-02
3.800000000000000000e+01 3.800000000000000000e+01 1.213840979015542221e+00 7.761946839496104700e-02
3.700000000000000000e+01 3.700000000000000000e+01 1.212202770876783742e+00 8.072267193481073855e-02
3.600000000000000000e+01 3.500000000000000000e+01 1.192023785793280277e+00 7.381907304558744942e-02
3.600000000000000000e+01 3.700000000000000000e+01 1.177176291416694998e+00 8.698753254335776786e-02
3.700000000000000000e+01 3.700000000000000000e+01 1.408158236641104510e+00 8.831177912079925252e-02
3.700000000000000000e+01 3.700000000000000000e+01 1.668736631703554130e+00 1.037520570834746941e-01
3.800000000000000000e+01 3.900000000000000000e+01 1.959697359706763509e+00 1.216150922297387360e-01
4.600000000000000000e+01 4.900000000000000000e+01 2.282288217307741451e+00 1.320253406157463893e-01
4.400000000000000000e+01 4.700000000000000000e+01 2.199194419253863053e+00 1.223284183333341046e-01
4.200000000000000000e+01 4.400000000000000000e+01 1.883284264608245273e+00 1.076577823447693455e-01
4.400000000000000000e+01 4.200000000000000000e+01 1.918235326423635589e+00 9.063208070715898790e-02
4.300000000000000000e+01 4.500000000000000000e+01 1.525302415215670004e+00 8.992274798068120023e-02
4.200000000000000000e+01 4.400000000000000000e+01 1.550332842474729134e+00 8.896233667281129576e-02
4.300000000000000000e+01 4.200000000000000000e+01 1.822457778327112754e+00 7.741462078943159297e-02
4.200000000000000000e+01 4.000000000000000000e+01 1.908246883480247069e+00 6.614557372509252686e-02
4.200000000000000000e+01 4.300000000000000000e+01 1.980947073648579471e+00 6.726449954824927080e-02
4.300000000000000000e+01 4.500000000000000000e+01 1.824695335456892220e+00 5.805133913181292210e-02
4.300000000000000000e+01 4.900000000000000000e+01 1.656586372976554866e+00 5.799802847288000607e-02
4.600000000000000000e+01 4.900000000000000000e+01 1.956359695382083430e+00 5.446008339048734326e-02
4.400000000000000000e+01 5.000000000000000000e+01 1.811261552776399331e+00 6.442686712229039880e-02
4.400000000000000000e+01 4.900000000000000000e+01 2.134217903790085913e+00 6.389093053396596722e-02
4.500000000000000000e+01 5.100000000000000000e+01 2.490845745322218807e+00 7.560611271486755713e-02
4.500000000000000000e+01 5.300000000000000000e+01 2.662757875859545376e+00 8.922074184136961905e-02
4.600000000000000000e+01 5.600000000000000000e+01 2.820684858518618832e+00 1.050327991784949094e-01
4.600000000000000000e+01 5.600000000000000000e+01 2.790383483932517450e+00 1.110936306418388725e-01
4.200000000000000000e+01 5.500000000000000000e+01 2.046627405332297034e+00 1.091685854960782603e-01
4.000000000000000000e+01 5.400000000000000000e+01 1.845896051778638469e+00 1.157603102317280863e-01
3.700000000000000000e+01 5.200000000000000000e+01 1.432934062143317977e+00 1.006309729256745222e-01
3.500000000000000000e+01 5.300000000000000000e+01 1.154661762194842289e+00 1.060732858454223188e-01
3.500000000000000000e+01 5.500000000000000000e+01 1.168835392552191044e+00 1.106907695819356746e-01
3.700000000000000000e+01 5.300000000000000000e+01 1.410684433623100809e+00 1.035465571429169118e-01
3.700000000000000000e+01 5.200000000000000000e+01 1.686565784303736937e+00 1.080004922375569776e-01
3.700000000000000000e+01 5.200000000000000000e+01 1.997818031388849391e+00 1.271721709141202528e-01
3.600000000000000000e+01 5.100000000000000000e+01 2.127723221535704923e+00 1.388156118810914830e-01
3.600000000000000000e+01 5.000000000000000000e+01 2.270630348209869531e+00 1.506237804751854314e-01
3.700000000000000000e+01 5.000000000000000000e+01 2.642309816150100410e+00 1.642373901373734291e-01
3.800000000000000000e+01 5.300000000000000000e+01 2.829911258173353428e+00 1.815327946171399476e-01
4.200000000000000000e+01 4.600000000000000000e+01 2.809863649604644742e+00 1.259641074820570528e-01
4.600000000000000000e+01 4.400000000000000000e+01 2.490277091152598210e+00 1.126144171166504754e-01
4.800000000000000000e+01 4.900000000000000000e+01 2.325763384217435448e+00 1.182922972696459352e-01
5.000000000000000000e+01 5.100000000000000000e+01 1.993996227627495621e+00 1.228069558149987861e-01
4.800000000000000000e+01 5.100000000000000000e+01 1.773133582274702968e+00 1.108511047766346097e-01
4.800000000000000000e+01 5.000000000000000000e+01 1.795005774772624241e+00 1.179140464344591854e-01
4.600000000000000000e+01 5.000000000000000000e+01 1.603850857571867072e+00 1.381336897907969596e-01
4.600000000000000000e+01 4.900000000000000000e+01 1.872629328934968251e+00 1.455319460183183700e-01
4.700000000000000000e+01 4.800000000000000000e+01 2.166896816861925146e+00 1.384431182896104784e-01
4.700000000000000000e+01 4.800000000000000000e+01 1.812659247412479191e+00 1.405273036908022133e-01
4.600000000000000000e+01 4.700000000000000000e+01 1.870445457422801994e+00 1.063368658553155016e-01
4.500000000000000000e+01 4.600000000000000000e+01 1.928365040840724021e+00 7.573962042830080510e-02
4.600000000000000000e+01 4.700000000000000000e+01 1.681385701652073905e+00 7.857169968501323543e-02
4.900000000000000000e+01 4.900000000000000000e+01 1.653205026527569066e+00 9.234670686143756080e-02
5.200000000000000000e+01 5.500000000000000000e+01 1.411390323742429675e+00 1.083962779531054410e-01
5.200000000000000000e+01 5.300000000000000000e+01 1.434326747493125165e+00 1.039263648262759854e-01
5.000000000000000000e+01 5.200000000000000000e+01 1.245658253238082658e+00 9.695759987494741161e-02
5.300000000000000000e+01 5.000000000000000000e+01 1.476850419487326649e+00 7.683106760894831133e-02
5.300000000000000000e+01 5.200000000000000000e+01 1.501165175824097364e+00 6.596926638012429178e-02
5.300000000000000000e+01 5.200000000000000000e+01 1.517092371485735169e+00 7.775655083929336464e-02
5.700000000000000000e+01 6.000000000000000000e+01 1.551682638450452956e+00 9.180085129633219765e-02
5.800000000000000000e+01 6.400000000000000000e+01 1.868792924470368266e+00 8.535024466962611023e-02
5.900000000000000000e+01 6.400000000000000000e+01 2.016258747421980413e+00 7.779531487276356017e-02
5.800000000000000000e+01 6.400000000000000000e+01 2.190711432214107468e+00 7.966163438979120826e-02
5.900000000000000000e+01 6.500000000000000000e+01 2.611545492179519368e+00 8.027659957998560525e-02
5.800000000000000000e+01 6.600000000000000000e+01 2.823453211064167245e+00 9.505807713960150174e-02
6.300000000000000000e+01 6.900000000000000000e+01 3.328841647050427621e+00 1.123639675832688867e-01
6.200000000000000000e+01 7.000000000000000000e+01 3.668521597948128932e+00 1.323405005541277990e-01
6.400000000000000000e+01 7.000000000000000000e+01 4.253011778743679194e+00 1.449181536821217420e-01
6.200000000000000000e+01 6.800000000000000000e+01 4.427406086775488525e+00 1.488398210444736580e-01
5.900000000000000000e+01 6.700000000000000000e+01 4.382902914627551105e+00 1.517481197990878106e-01
5.300000000000000000e+01 6.700000000000000000e+01 3.637095955472240849e+00 1.637886405385982624e-01
4.900000000000000000e+01 6.300000000000000000e+01 3.205129119423672623e+00 1.478575552232646306e-01
4.400000000000000000e+01 6.000000000000000000e+01 2.435966888816328613e+00 1.398893718017220900e-01
4.400000000000000000e+01 6.300000000000000000e+01 1.787538718814196237e+00 1.429750871288148484e-01
4.600000000000000000e+01 6.000000000000000000e+01 2.111911179368992642e+00 1.255048489282690194e-01
4.600000000000000000e+01 5.900000000000000000e+01 2.236916361645497897e+00 1.295071046425229633e-01
4.500000000000000000e+01 5.900000000000000000e+01 2.316302990414949470e+00 1.524348396838621222e-01
4.600000000000000000e+01 6.400000000000000000e+01 2.504910725672223837e+00 1.687010480341699925e-01
4.600000000000000000e+01 6.500000000000000000e+01 2.497059657157867374e+00 1.856342271303315639e-01
4.500000000000000000e+01 6.400000000000000000e+01 2.680853242808944881e+00 1.840651854704551671e-01
4.500000000000000000e+01 6.200000000000000000e+01 3.122636608230900723e+00 1.787154518220079591e-01
4.400000000000000000e+01 6.100000000000000000e+01 3.170106679567163965e+00 1.830125998603955861e-01
4.100000000000000000e+01 5.900000000000000000e+01 2.970453137548326961e+00 1.894554664091187279e-01
3.900000000000000000e+01 5.600000000000000000e+01 2.304980760262271833e+00 1.846620608454714318e-01
3.800000000000000000e+01 5.500000000000000000e+01 2.449901872620424914e+00 1.635633559794348602e-01
3.900000000000000000e+01 5.300000000000000000e+01 2.537564619861897519e+00 1.669163450420051986e-01
4.100000000000000000e+01 5.500000000000000000e+01 2.699698727820346367e+00 1.689632084874188311e-01
3.900000000000000000e+01 5.300000000000000000e+01 2.540853464899106129e+00 1.764079946559825307e-01
4.000000000000000000e+01 5.900000000000000000e+01 2.192004119034579812e+00 2.060013764655847512e-01
3.700000000000000000e+01 5.500000000000000000e+01 1.651371413341051531e+00 1.940657779696339513e-01
3.700000000000000000e+01 5.000000000000000000e+01 1.674152396525529607e+00 1.538147548599484160e-01
3.700000000000000000e+01 4.800000000000000000e+01 1.481255542785070656e+00 1.284713145767272802e-01
3.600000000000000000e+01 4.600000000000000000e+01 1.483447684438449876e+00 1.197344546215975969e-01
3.600000000000000000e+01 4.300000000000000000e+01 1.725657711534770877e+00 1.009831020313736449e-01
3.900000000000000000e+01 4.300000000000000000e+01 1.752362645369557992e+00 1.020583230934461044e-01
3.700000000000000000e+01 4.100000000000000000e+01 1.584305211105095257e+00 8.431350326325394440e-02
3.600000000000000000e+01 4.200000000000000000e+01 1.349837146571677859e+00 8.492849780297920259e-02
4.000000000000000000e+01 4.500000000000000000e+01 1.573232578810004778e+00 6.334019812383427650e-02
4.300000000000000000e+01 4.800000000000000000e+01 1.298783903395127837e+00 7.494204678452487389e-02
4.300000000000000000e+01 4.900000000000000000e+01 1.266211073681628330e+00 8.831352605935779976e-02
4.600000000000000000e+01 4.900000000000000000e+01 1.500159138209049559e+00 9.169570687382451457e-02
4.600000000000000000e+01 4.900000000000000000e+01 1.761010665968118838e+00 9.566456409580537112e-02
4.600000000000000000e+01 5.300000000000000000e+01 2.049501298232891955e+00 1.125312825726300231e-01
4.400000000000000000e+01 5.700000000000000000e+01 1.931605023319845627e+00 1.006013380431866472e-01
4.100000000000000000e+01 5.800000000000000000e+01 1.534703666286141299e+00 1.180114985390212368e-01
4.300000000000000000e+01 5.900000000000000000e+01 1.555456151405370857e+00 1.242246585136803777e-01
4.400000000000000000e+01 5.900000000000000000e+01 1.821735791236372526e+00 1.293890293195565366e-01
4.300000000000000000e+01 5.800000000000000000e+01 1.639586323618253294e+00 1.197345733814629415e-01
4.300000000000000000e+01 5.700000000000000000e+01 1.466588858846238352e+00 1.173186050569079153e-01
4.300000000000000000e+01 5.500000000000000000e+01 1.737340437428072537e+00 1.006023715804458818e-01
4.300000000000000000e+01 5.300000000000000000e+01 2.041760275124951729e+00 8.991485768132437273e-02
4.100000000000000000e+01 5.400000000000000000e+01 1.880783115857099785e+00 1.057660793166791957e-01
4.100000000000000000e+01 5.400000000000000000e+01 2.211509177836318063e+00 1.102160301360894101e-01
4.100000000000000000e+01 5.300000000000000000e+01 2.361424384032315249e+00 1.153968225527086805e-01
4.100000000000000000e+01 5.600000000000000000e+01 2.502553734015162679e+00 1.145456949440407518e-01
4.000000000000000000e+01 5.800000000000000000e+01 2.417945206475010878e+00 1.343890340302625885e-01
3.800000000000000000e+01 5.600000000000000000e+01 2.152010059770026906e+00 1.327471761136390649e-01
3.900000000000000000e+01 5.600000000000000000e+01 2.244014641671622012e+00 1.431430917659150537e-01
3.900000000000000000e+01 5.300000000000000000e+01 2.393602886129234442e+00 1.113077761474178112e-01
3.800000000000000000e+01 5.400000000000000000e+01 2.077639371960687154e+00 1.146593464687569036e-01
3.800000000000000000e+01 5.700000000000000000e+01 1.946887545933387864e+00 1.207499830999911317e-01
3.700000000000000000e+01 5.500000000000000000e+01 2.067704509291142134e+00 1.152358447142917131e-01
3.600000000000000000e+01 5.400000000000000000e+01 2.178084082793472653e+00 1.215353162545126930e-01
3.600000000000000000e+01 5.700000000000000000e+01 2.538599866334962041e+00 1.291478869873415591e-01
3.400000000000000000e+01 5.600000000000000000e+01 2.496573991078199661e+00 1.412195563862040926e-01
3.400000000000000000e+01 5.600000000000000000e+01 2.633629949073537535e+00 1.551679420486822003e-01
3.300000000000000000e+01 5.600000000000000000e+01 2.752414076264963150e+00 1.711575298808753476e-01
3.100000000000000000e+01 5.500000000000000000e+01 2.461440061866245976e+00 1.684504167784620365e-01
2.800000000000000000e+01 5.200000000000000000e+01 2.102250256564417441e+00 1.511764982947714220e-01
2.700000000000000000e+01 5.100000000000000000e+01 1.695712836188261852e+00 1.487862913076983262e-01
2.500000000000000000e+01 5.200000000000000000e+01 1.240344489482402945e+00 1.579962685986577575e-01
2.900000000000000000e+01 5.100000000000000000e+01 1.149241131720263320e+00 1.617384845288136197e-01
2.900000000000000000e+01 4.900000000000000000e+01 1.337018989024820748e+00 1.515956680003701373e-01
3.000000000000000000e+01 4.600000000000000000e+01 1.260581990178367029e+00 1.329880353362570267e-01
3.300000000000000000e+01 4.800000000000000000e+01 1.464722569587945777e+00 1.170683521265449417e-01
3.200000000000000000e+01 4.700000000000000000e+01 1.470098540050755354e+00 1.001504440143072133e-01
3.300000000000000000e+01 4.500000000000000000e+01 1.449583477866187353e+00 9.070782112266689845e-02
3.900000000000000000e+01 5.100000000000000000e+01 1.209474733660317769e+00 9.274820588764561002e-02
3.900000000000000000e+01 5.000000000000000000e+01 1.115629656331549313e+00 8.616781152476529759e-02
4.000000000000000000e+01 5.000000000000000000e+01 1.064022764701842760e+00 8.736567927218538698e-02
3.900000000000000000e+01 5.000000000000000000e+01 9.883454531151961708e-01 1.026792587334042772e-01
4.100000000000000000e+01 5.200000000000000000e+01 1.174134446020187683e+00 1.066390498471382065e-01
4.100000000000000000e+01 5.100000000000000000e+01 1.381834082754596293e+00 1.129007181819676742e-01
4.100000000000000000e+01 5.000000000000000000e+01 1.611873157724330374e+00 1.201081467461248692e-01
4.000000000000000000e+01 4.900000000000000000e+01 1.407972877919535293e+00 1.194965186068193963e-01
4.400000000000000000e+01 5.000000000000000000e+01 1.638316589463762796e+00 1.051469628957068803e-01
4.400000000000000000e+01 5.000000000000000000e+01 1.650844275699702379e+00 1.092798841039652885e-01
4.500000000000000000e+01 5.100000000000000000e+01 1.469045823482015178e+00 1.141391800137343537e-01
4.400000000000000000e+01 5.200000000000000000e+01 1.220507983967238141e+00 1.231109186790255022e-01
4.300000000000000000e+01 5.100000000000000000e+01 1.212873457816593836e+00 1.194347003206688573e-01
4.200000000000000000e+01 4.700000000000000000e+01 1.208810791245572114e+00 9.253065798652156115e-02
4.200000000000000000e+01 4.600000000000000000e+01 1.166345910266200603e+00 9.643564102554695594e-02
4.300000000000000000e+01 4.500000000000000000e+01 1.394447561004559244e+00 9.921171446409977890e-02
4.400000000000000000e+01 4.300000000000000000e+01 1.373942872714623009e+00 9.535054947705878803e-02
4.500000000000000000e+01 4.500000000000000000e+01 1.652171368124902839e+00 9.995313795747330643e-02
4.500000000000000000e+01 4.400000000000000000e+01 1.970100382352332424e+00 9.295690527083604049e-02
4.800000000000000000e+01 5.200000000000000000e+01 2.091276352952643691e+00 1.097152357082548102e-01
4.900000000000000000e+01 5.100000000000000000e+01 2.472072440355134848e+00 1.061442564870551386e-01
5.000000000000000000e+01 4.900000000000000000e+01 2.896636902126982438e+00 1.020190622915051193e-01
4.800000000000000000e+01 5.000000000000000000e+01 2.886133162704350497e+00 1.199555536735049527e-01
4.800000000000000000e+01 4.700000000000000000e+01 3.352376137688423796e+00 1.074946192914175563e-01
4.400000000000000000e+01 4.700000000000000000e+01 2.947488117360379078e+00 1.262255590840551112e-01
4.500000000000000000e+01 5.000000000000000000e+01 2.905148771436206978e+00 1.374665667691497006e-01
4.600000000000000000e+01 5.300000000000000000e+01 2.878746632403086814e+00 1.502936152257830504e-01
5.000000000000000000e+01 5.500000000000000000e+01 2.889437035137603527e+00 1.386300178075700329e-01
5.000000000000000000e+01 5.500000000000000000e+01 3.061292082876116538e+00 1.271743066431280378e-01
5.000000000000000000e+01 5.500000000000000000e+01 3.287629567287349897e+00 1.225504253466840471e-01
4.500000000000000000e+01 5.900000000000000000e+01 2.153746156883868945e+00 1.223197376389320995e-01
4.600000000000000000e+01 5.900000000000000000e+01 1.999015298104084071e+00 1.064806416616895512e-01
4.500000000000000000e+01 5.600000000000000000e+01 2.088029831953922777e+00 8.454452210531306078e-02
4.300000000000000000e+01 5.600000000000000000e+01 1.876300999110492862e+00 9.923845016943028119e-02
4.600000000000000000e+01 5.500000000000000000e+01 1.867509989922468749e+00 8.474672815065864562e-02
4.600000000000000000e+01 5.700000000000000000e+01 1.930231875997346469e+00 8.377424141489260567e-02
4.900000000000000000e+01 6.800000000000000000e+01 1.977428389199322956e+00 9.907562316474302633e-02
5.000000000000000000e+01 6.900000000000000000e+01 2.291834156730493177e+00 1.058187014324333958e-01
4.700000000000000000e+01 7.000000000000000000e+01 1.960736440736137620e+00 1.031167591188817401e-01
5.100000000000000000e+01 7.800000000000000000e+01 1.808412741970668147e+00 1.091834586245459676e-01
4.900000000000000000e+01 7.700000000000000000e+01 1.660501233514358299e+00 1.019820247707704103e-01
4.600000000000000000e+01 7.600000000000000000e+01 1.190939856308842915e+00 1.092109939581897005e-01
4.600000000000000000e+01 7.400000000000000000e+01 1.424618596171157714e+00 1.021369497809456739e-01
4.600000000000000000e+01 7.300000000000000000e+01 1.690229626720396228e+00 1.043299511254576206e-01
4.800000000000000000e+01 7.400000000000000000e+01 1.989722375456890013e+00 1.092183642670574023e-01
5.000000000000000000e+01 7.700000000000000000e+01 2.084932072788916901e+00 1.290090984701674770e-01
5.000000000000000000e+01 7.700000000000000000e+01 1.976663148752885846e+00 1.518056538332804017e-01
5.000000000000000000e+01 7.500000000000000000e+01 2.077671051417121717e+00 1.571263676414766941e-01
5.500000000000000000e+01 7.700000000000000000e+01 2.434981711186285924e+00 1.618519449737839122e-01
5.200000000000000000e+01 7.500000000000000000e+01 2.135706782470533582e+00 1.477987353892958322e-01
5.000000000000000000e+01 7.300000000000000000e+01 2.027139809865549758e+00 1.508999166381487511e-01
5.400000000000000000e+01 7.200000000000000000e+01 2.178544450781976671e+00 1.495003257037574029e-01
5.500000000000000000e+01 7.200000000000000000e+01 2.566868016031167432e+00 1.496346269564129416e-01
5.400000000000000000e+01 7.300000000000000000e+01 2.715271015189022918e+00 1.763536221271772564e-01
5.400000000000000000e+01 7.400000000000000000e+01 3.168600223109535374e+00 2.072449686710299277e-01
5.500000000000000000e+01 7.600000000000000000e+01 3.447895156248938608e+00 2.115113375074812729e-01
5.100000000000000000e+01 7.500000000000000000e+01 3.049694638036599237e+00 2.370380195449635352e-01
5.600000000000000000e+01 7.700000000000000000e+01 2.864503062776851738e+00 2.180567851988180761e-01
5.400000000000000000e+01 7.700000000000000000e+01 2.342889101113313277e+00 2.322772469423340647e-01
5.300000000000000000e+01 7.300000000000000000e+01 2.464656409202888643e+00 2.220214493840637071e-01
5.200000000000000000e+01 6.800000000000000000e+01 2.646057470567722447e+00 1.978353509564684531e-01
5.600000000000000000e+01 6.700000000000000000e+01 2.603820452220840131e+00 1.802602255014491284e-01
5.500000000000000000e+01 6.700000000000000000e+01 2.486227838384506672e+00 1.972588156231616374e-01
5.400000000000000000e+01 6.900000000000000000e+01 2.621623776411461382e+00 2.149559905536429505e-01
5.500000000000000000e+01 6.700000000000000000e+01 2.815751016262569628e+00 2.142038024142570718e-01
5.200000000000000000e+01 6.700000000000000000e+01 2.543729724752972210e+00 2.394797700669596130e-01
5.000000000000000000e+01 6.000000000000000000e+01 2.456443377937329142e+00 2.035195836305266071e-01
5.700000000000000000e+01 5.600000000000000000e+01 2.839232058665849046e+00 1.640859470182098878e-01
5.500000000000000000e+01 5.900000000000000000e+01 2.493633186069981189e+00 1.703377304490055200e-01
5.300000000000000000e+01 5.300000000000000000e+01 2.228338333082945599e+00 1.158588107736137490e-01
5.100000000000000000e+01 5.200000000000000000e+01 1.800663346286940358e+00 1.110428904310580278e-01
5.100000000000000000e+01 5.400000000000000000e+01 2.127656357570342216e+00 8.809987011211634078e-02
5.200000000000000000e+01 5.500000000000000000e+01 2.493971576705070969e+00 8.776080317634855910e-02
5.100000000000000000e+01 5.500000000000000000e+01 2.596100135866644454e+00 1.033198263736658656e-01
5.000000000000000000e+01 5.400000000000000000e+01 2.804818408677160591e+00 1.107964801590613502e-01
5.600000000000000000e+01 6.200000000000000000e+01 2.793820130788061462e+00 1.093981543583967264e-01
5.500000000000000000e+01 6.100000000000000000e+01 2.776827454492699854e+00 1.144560284434424785e-01
5.400000000000000000e+01 6.100000000000000000e+01 2.710191272181859734e+00 1.342271895932967418e-01
5.100000000000000000e+01 5.800000000000000000e+01 2.488395530010024448e+00 1.201692900537622566e-01
5.300000000000000000e+01 5.900000000000000000e+01 2.390153597241901018e+00 1.184446531464737884e-01
5.300000000000000000e+01 5.900000000000000000e+01 2.787651056363075863e+00 1.131010026637275512e-01
5.000000000000000000e+01 5.800000000000000000e+01 2.508558783689227134e+00 1.224470573647421512e-01
4.700000000000000000e+01 5.800000000000000000e+01 2.225209973079934844e+00 1.437346264484557767e-01
4.700000000000000000e+01 5.700000000000000000e+01 2.349900920878379651e+00 1.561341309723501269e-01
4.700000000000000000e+01 5.600000000000000000e+01 2.754672338933716436e+00 1.581141260493723055e-01
4.800000000000000000e+01 5.200000000000000000e+01 3.199965057332507801e+00 1.392611357031607322e-01
4.900000000000000000e+01 5.300000000000000000e+01 3.445106784940899392e+00 1.508105717388727174e-01
5.100000000000000000e+01 5.500000000000000000e+01 2.816118394153551474e+00 1.342701929043272069e-01
4.700000000000000000e+01 5.400000000000000000e+01 2.326600273470924574e+00 1.288983205296380941e-01
4.900000000000000000e+01 5.100000000000000000e+01 2.694820938205123806e+00 1.108762691484653784e-01
4.800000000000000000e+01 5.000000000000000000e+01 2.813182675712614156e+00 1.162412090089276206e-01
4.300000000000000000e+01 5.000000000000000000e+01 2.054555641449470116e+00 1.363716821022578074e-01
4.100000000000000000e+01 4.800000000000000000e+01 1.934277336832158412e+00 1.353504606827708179e-01
4.100000000000000000e+01 4.500000000000000000e+01 2.258381599160725006e+00 1.218968068873218791e-01
4.400000000000000000e+01 4.700000000000000000e+01 2.333057333195843519e+00 1.205107408581199274e-01
4.300000000000000000e+01 4.700000000000000000e+01 2.462141893606934140e+00 1.275269661755881745e-01
4.500000000000000000e+01 5.000000000000000000e+01 2.579893327923570734e+00 1.496288222730046136e-01
4.300000000000000000e+01 4.800000000000000000e+01 2.534547510223749800e+00 1.400596052524922530e-01
4.000000000000000000e+01 4.500000000000000000e+01 2.191546233480932582e+00 1.322659531027251534e-01
3.800000000000000000e+01 4.400000000000000000e+01 1.812538906062455046e+00 1.425396548957777176e-01
3.700000000000000000e+01 4.400000000000000000e+01 1.615445183688734687e+00 1.542914495284104515e-01
4.200000000000000000e+01 4.700000000000000000e+01 1.906826085317977260e+00 1.327108967670088402e-01
4.400000000000000000e+01 4.500000000000000000e+01 2.229237100037452901e+00 1.183436608842476784e-01
4.300000000000000000e+01 4.400000000000000000e+01 2.342790448346782295e+00 1.242713262463949059e-01
4.400000000000000000e+01 4.300000000000000000e+01 2.703332019534040676e+00 1.310187945632907691e-01
4.100000000000000000e+01 3.900000000000000000e+01 2.441272039884264000e+00 8.959679531014115572e-02
4.000000000000000000e+01 3.800000000000000000e+01 2.072590123260793948e+00 8.041420492137545117e-02
3.800000000000000000e+01 3.700000000000000000e+01 1.880271841642588093e+00 8.009205085355358689e-02
3.600000000000000000e+01 3.700000000000000000e+01 1.649070719742317115e+00 9.359228255965618137e-02
3.500000000000000000e+01 3.500000000000000000e+01 1.490775295281141943e+00 8.061991998586959252e-02
3.400000000000000000e+01 3.500000000000000000e+01 1.271890525037322028e+00 8.384401049263802419e-02
3.500000000000000000e+01 3.600000000000000000e+01 1.516454609158292888e+00 7.216300586955103069e-02
3.500000000000000000e+01 3.600000000000000000e+01 1.790905462470479881e+00 6.886240259002179842e-02
3.600000000000000000e+01 4.100000000000000000e+01 1.878835238904386307e+00 8.126575719656660424e-02
3.600000000000000000e+01 4.300000000000000000e+01 2.190516298786400196e+00 8.499215086132233532e-02
3.500000000000000000e+01 4.300000000000000000e+01 2.313697016732446876e+00 9.961968933179798924e-02
3.600000000000000000e+01 4.500000000000000000e+01 2.442162324710979160e+00 1.060529459920096090e-01
3.300000000000000000e+01 4.200000000000000000e+01 1.923039712771933418e+00 8.015262741470333130e-02
3.100000000000000000e+01 4.000000000000000000e+01 1.706138441622605750e+00 6.959583524517273800e-02
3.000000000000000000e+01 3.900000000000000000e+01 1.492036609893223620e+00 6.782243912457813773e-02
2.800000000000000000e+01 3.900000000000000000e+01 1.214899039066508646e+00 7.976055870555316674e-02
2.900000000000000000e+01 3.800000000000000000e+01 1.443118400897721587e+00 7.775969826167754284e-02
3.100000000000000000e+01 3.800000000000000000e+01 1.698921641724610909e+00 9.146295282704816620e-02
3.200000000000000000e+01 3.900000000000000000e+01 1.981914347821436939e+00 1.073141723294319810e-01
3.400000000000000000e+01 3.900000000000000000e+01 2.075104462359786961e+00 9.411881856561676862e-02
3.500000000000000000e+01 4.000000000000000000e+01 1.910056080740589080e+00 9.976464906488376194e-02
3.400000000000000000e+01 3.700000000000000000e+01 1.986039092724490640e+00 8.174984144908774286e-02
3.300000000000000000e+01 3.600000000000000000e+01 1.757919288142686609e+00 8.536959929315951490e-02
3.800000000000000000e+01 3.900000000000000000e+01 2.031841855918850470e+00 8.636842561478261238e-02
3.700000000000000000e+01 4.200000000000000000e+01 2.043501900499092638e+00 1.014014421110262798e-01
3.600000000000000000e+01 4.100000000000000000e+01 2.097798229415847704e+00 1.080156794691633504e-01
3.400000000000000000e+01 3.700000000000000000e+01 1.931777120225497413e+00 7.354330286632068669e-02
3.000000000000000000e+01 3.800000000000000000e+01 1.282364395781502076e+00 7.415980258659581048e-02
3.300000000000000000e+01 4.500000000000000000e+01 9.512800917495477515e-01 8.722392178732926715e-02
3.200000000000000000e+01 4.400000000000000000e+01 8.987687261500063585e-01 8.612086118717959815e-02
3.300000000000000000e+01 4.300000000000000000e+01 1.059444892244137737e+00 7.454331049338133730e-02
3.300000000000000000e+01 4.500000000000000000e+01 1.022154965761345125e+00 7.570083457168451380e-02
3.400000000000000000e+01 4.400000000000000000e+01 1.199136583056006566e+00 7.698612017758721393e-02
3.300000000000000000e+01 4.600000000000000000e+01 1.134842660934144876e+00 9.074780349861404083e-02
3.200000000000000000e+01 4.600000000000000000e+01 1.114346820019126882e+00 1.065442430304874843e-01
3.200000000000000000e+01 4.600000000000000000e+01 1.310821829361148882e+00 1.142554142677911361e-01
3.000000000000000000e+01 4.600000000000000000e+01 1.074268312896248467e+00 1.230221772840151134e-01
3.200000000000000000e+01 4.700000000000000000e+01 1.274147027745042626e+00 1.209562638370570292e-01
3.200000000000000000e+01 4.300000000000000000e+01 1.499360443895107586e+00 9.548458236395344911e-02
3.200000000000000000e+01 3.900000000000000000e+01 1.751370061861664107e+00 6.621397152756428039e-02
3.800000000000000000e+01 4.400000000000000000e+01 1.771175738904789965e+00 6.586618010137947066e-02
3.600000000000000000e+01 4.300000000000000000e+01 1.558064767836075504e+00 6.682007915741970672e-02
3.500000000000000000e+01 4.200000000000000000e+01 1.591782473039201617e+00 5.590375572999767978e-02
3.500000000000000000e+01 4.700000000000000000e+01 1.873211658450046446e+00 5.241633620300461399e-02
3.500000000000000000e+01 4.800000000000000000e+01 1.924436076185960909e+00 6.225331875338184495e-02
3.600000000000000000e+01 4.900000000000000000e+01 2.007004378361760821e+00 7.375176290571139326e-02
4.200000000000000000e+01 5.400000000000000000e+01 2.121259231527354405e+00 8.734283303332317228e-02
4.100000000000000000e+01 5.400000000000000000e+01 2.241436390563047887e+00 1.028784549546804816e-01
3.900000000000000000e+01 5.400000000000000000e+01 2.127751156818354250e+00 1.208360891909315560e-01
3.800000000000000000e+01 5.100000000000000000e+01 2.234827750204508856e+00 1.084317741946357050e-01
3.700000000000000000e+01 5.200000000000000000e+01 1.888109417740571727e+00 1.152332918844134468e-01
3.700000000000000000e+01 5.200000000000000000e+01 1.669901831703366035e+00 1.350822079189809288e-01
4.400000000000000000e+01 5.600000000000000000e+01 1.714692382662154957e+00 1.442770439324860821e-01
4.200000000000000000e+01 5.400000000000000000e+01 1.540479578694199825e+00 1.316959475611713115e-01
4.000000000000000000e+01 5.700000000000000000e+01 1.058661494999549424e+00 1.436612109024128781e-01
4.000000000000000000e+01 5.500000000000000000e+01 1.248589115242634273e+00 1.416649747136012050e-01
4.000000000000000000e+01 5.400000000000000000e+01 1.459967569352759620e+00 1.389948284284213409e-01
4.000000000000000000e+01 5.200000000000000000e+01 1.693094355764498848e+00 1.358592269932301921e-01
3.900000000000000000e+01 4.900000000000000000e+01 1.731183523561555360e+00 9.409555236536111533e-02
4.200000000000000000e+01 5.100000000000000000e+01 1.508532240444536265e+00 9.838131139626764277e-02
4.100000000000000000e+01 5.100000000000000000e+01 1.263972330557420864e+00 1.014975259555384868e-01
4.200000000000000000e+01 5.100000000000000000e+01 1.195573067326541672e+00 9.807114715882324363e-02
4.400000000000000000e+01 5.300000000000000000e+01 1.177015440870373242e+00 1.013132982200109639e-01
4.600000000000000000e+01 5.700000000000000000e+01 1.405026146903596507e+00 9.482318552832583181e-02
4.500000000000000000e+01 5.700000000000000000e+01 1.403027671011192412e+00 1.115453268066939341e-01
4.500000000000000000e+01 5.600000000000000000e+01 1.674257192817971029e+00 1.170077064627949859e-01
4.500000000000000000e+01 5.500000000000000000e+01 1.980981252373209767e+00 1.251659014815177384e-01
5.000000000000000000e+01 5.600000000000000000e+01 2.325357465315372796e+00 1.137786807576114667e-01
4.800000000000000000e+01 6.300000000000000000e+01 2.227517107197853008e+00 1.339028512561086515e-01
4.800000000000000000e+01 6.300000000000000000e+01 2.601301001854153139e+00 1.429339205716968486e-01
4.500000000000000000e+01 6.000000000000000000e+01 2.145150843889287895e+00 1.356312037818554750e-01
4.500000000000000000e+01 6.200000000000000000e+01 2.265663806795513047e+00 1.345965326580332855e-01
4.800000000000000000e+01 6.500000000000000000e+01 2.379846370007169476e+00 1.436930324533807479e-01
4.900000000000000000e+01 6.400000000000000000e+01 2.488037020883125727e+00 1.363813270162361202e-01
5.200000000000000000e+01 6.500000000000000000e+01 2.896121721631604640e+00 1.229394531144431674e-01
5.100000000000000000e+01 6.900000000000000000e+01 2.884899876998651358e+00 1.300965842996250621e-01
4.700000000000000000e+01 6.600000000000000000e+01 2.453049174571959146e+00 1.031298406397839762e-01
4.400000000000000000e+01 6.600000000000000000e+01 1.854850797447004762e+00 1.210470300656718984e-01
4.600000000000000000e+01 7.200000000000000000e+01 2.181231672970493474e+00 1.143957735496288208e-01
4.700000000000000000e+01 7.200000000000000000e+01 2.541434391872705589e+00 1.185122065747206410e-01
5.000000000000000000e+01 7.500000000000000000e+01 2.718563328531650392e+00 1.289226795569809458e-01
5.200000000000000000e+01 8.200000000000000000e+01 2.666327590416774029e+00 1.515873026206416840e-01
5.300000000000000000e+01 8.200000000000000000e+01 2.189223549306366312e+00 1.321817959926482877e-01
5.000000000000000000e+01 8.300000000000000000e+01 1.780010748853841251e+00 1.430225947143311527e-01
4.900000000000000000e+01 8.300000000000000000e+01 1.596717915118756048e+00 1.328272970995151570e-01
4.800000000000000000e+01 8.300000000000000000e+01 1.596348240072168911e+00 1.438296686518372725e-01
4.800000000000000000e+01 8.300000000000000000e+01 1.890984164679634594e+00 1.424040131564880685e-01
5.100000000000000000e+01 8.700000000000000000e+01 2.220440290703498576e+00 1.516201056785742851e-01
5.200000000000000000e+01 8.700000000000000000e+01 2.583832966017074462e+00 1.571226616129978437e-01
5.000000000000000000e+01 8.700000000000000000e+01 2.546834206011345803e+00 1.514437312096788280e-01
4.800000000000000000e+01 8.700000000000000000e+01 2.236630515056941881e+00 1.778975165755851129e-01
4.800000000000000000e+01 8.500000000000000000e+01 2.153949197961909867e+00 1.824528599293552267e-01
4.500000000000000000e+01 8.300000000000000000e+01 1.776084497786764027e+00 1.911250115918738668e-01
4.500000000000000000e+01 7.800000000000000000e+01 2.082847457375665012e+00 1.557699313963517296e-01
4.500000000000000000e+01 7.700000000000000000e+01 2.185478501268758311e+00 1.571345372344300217e-01
4.400000000000000000e+01 7.700000000000000000e+01 1.996860249451576585e+00 1.848207033874470495e-01
4.400000000000000000e+01 7.900000000000000000e+01 2.346902660226098281e+00 2.011349383642323518e-01
4.300000000000000000e+01 7.700000000000000000e+01 2.302136573802759045e+00 2.042909364764279589e-01
4.100000000000000000e+01 7.400000000000000000e+01 2.207096308139257168e+00 1.973259815665460715e-01
4.100000000000000000e+01 7.100000000000000000e+01 2.585745294024687890e+00 1.931352710764148162e-01
4.100000000000000000e+01 7.200000000000000000e+01 2.721689243938725689e+00 2.144609613769950240e-01
4.100000000000000000e+01 6.800000000000000000e+01 3.159248727325314920e+00 2.036867900590015878e-01
3.900000000000000000e+01 6.900000000000000000e+01 2.918818395612566619e+00 2.073065477632319575e-01
3.700000000000000000e+01 6.900000000000000000e+01 2.672320406629331124e+00 2.184057403383875551e-01
3.500000000000000000e+01 6.500000000000000000e+01 2.635327006411609663e+00 2.100297761754508774e-01
3.500000000000000000e+01 6.100000000000000000e+01 2.524176713482938705e+00 2.020188930499149382e-01
3.500000000000000000e+01 5.800000000000000000e+01 2.926320205732178881e+00 1.962467078628693795e-01
3.500000000000000000e+01 5.700000000000000000e+01 3.078904503063157438e+00 2.175642665769691453e-01
3.300000000000000000e+01 5.300000000000000000e+01 3.023754417253083471e+00 2.120085922714852467e-01
3.200000000000000000e+01 5.000000000000000000e+01 3.191433909196078833e+00 2.125737531320919804e-01
2.800000000000000000e+01 4.800000000000000000e+01 2.710999545808155720e+00 2.232245019529843777e-01
2.500000000000000000e+01 4.400000000000000000e+01 2.185303875387811789e+00 2.001308112799020933e-01
2.600000000000000000e+01 4.100000000000000000e+01 1.740423129984466355e+00 1.647527589917867352e-01
2.500000000000000000e+01 4.100000000000000000e+01 1.506659999998274824e+00 1.514567901207005685e-01
2.500000000000000000e+01 4.100000000000000000e+01 1.244847243537749781e+00 1.378260265549848818e-01
2.600000000000000000e+01 4.400000000000000000e+01 1.432465197373612220e+00 1.200416409666604928e-01
2.600000000000000000e+01 4.500000000000000000e+01 1.331214634403443897e+00 1.294445298461003591e-01
2.600000000000000000e+01 4.400000000000000000e+01 1.310800520666984603e+00 1.032691989377445552e-01
2.500000000000000000e+01 4.300000000000000000e+01 1.281727341907534123e+00 8.226569424658397578e-02
2.600000000000000000e+01 4.100000000000000000e+01 1.199237864451141666e+00 6.297979810486467600e-02
2.600000000000000000e+01 4.100000000000000000e+01 1.085708562742630390e+00 6.172394115780011070e-02
2.900000000000000000e+01 4.300000000000000000e+01 1.030391749440108029e+00 5.670984984551505348e-02
2.800000000000000000e+01 4.500000000000000000e+01 9.206084099208211580e-01 6.690632506093331655e-02
2.800000000000000000e+01 4.600000000000000000e+01 8.023404855539562064e-01 7.865212268430420151e-02
2.700000000000000000e+01 4.600000000000000000e+01 7.204421961229879878e-01 8.010405781129897873e-02
2.700000000000000000e+01 4.500000000000000000e+01 8.479174803037432540e-01 8.173979087731253479e-02
2.600000000000000000e+01 4.400000000000000000e+01 7.514785548026822193e-01 8.520755202890253899e-02
2.600000000000000000e+01 4.200000000000000000e+01 8.883198110327478192e-01 7.705889640165045074e-02
2.600000000000000000e+01 4.200000000000000000e+01 1.042385944374728535e+00 6.599675572942538537e-02
3.000000000000000000e+01 4.500000000000000000e+01 9.542058693336127329e-01 7.775391014491653263e-02
3.200000000000000000e+01 5.500000000000000000e+01 9.075823906782354289e-01 8.122335885246453890e-02
3.200000000000000000e+01 5.400000000000000000e+01 1.075501452332761287e+00 8.311153253250150308e-02
3.400000000000000000e+01 5.600000000000000000e+01 1.048505408876651002e+00 7.659701121796878842e-02
3.400000000000000000e+01 5.700000000000000000e+01 1.021355272231662115e+00 6.746581394145331756e-02
3.700000000000000000e+01 6.000000000000000000e+01 1.212840333166015361e+00 6.584522674466182501e-02
3.600000000000000000e+01 6.300000000000000000e+01 1.211526748157915723e+00 6.423548968426165406e-02
3.600000000000000000e+01 6.300000000000000000e+01 1.191388941560926229e+00 7.634323842113306668e-02
3.500000000000000000e+01 6.400000000000000000e+01 1.197730176024093485e+00 9.057025886176188478e-02
3.500000000000000000e+01 6.600000000000000000e+01 1.426140516000416358e+00 1.072226825761728036e-01
3.600000000000000000e+01 6.700000000000000000e+01 1.682672377544418119e+00 1.265371547548649056e-01
3.800000000000000000e+01 6.900000000000000000e+01 1.967439645834810458e+00 1.489555519643685766e-01
4.300000000000000000e+01 7.300000000000000000e+01 2.280472198435778086e+00 1.644645416204910393e-01
4.100000000000000000e+01 7.100000000000000000e+01 2.163023167266103997e+00 1.715213553541088121e-01
4.400000000000000000e+01 7.400000000000000000e+01 2.005165887662991864e+00 1.797334266691974214e-01
4.300000000000000000e+01 7.800000000000000000e+01 1.588083772049270204e+00 1.890190766678103151e-01
4.400000000000000000e+01 7.600000000000000000e+01 1.607714541142855280e+00 1.624809870691361902e-01
4.300000000000000000e+01 7.300000000000000000e+01 1.652138054726331351e+00 1.494736057311749078e-01
4.600000000000000000e+01 7.400000000000000000e+01 1.700276964811253899e+00 1.363465932815040305e-01
4.600000000000000000e+01 7.300000000000000000e+01 1.684999523535122501e+00 1.369767379800656826e-01
4.600000000000000000e+01 7.300000000000000000e+01 1.957298128304839846e+00 1.219724907325114155e-01
4.500000000000000000e+01 7.100000000000000000e+01 2.017085940151803758e+00 1.168340762879310629e-01
4.200000000000000000e+01 6.900000000000000000e+01 1.625813209192740638e+00 1.164531694928531702e-01
4.100000000000000000e+01 7.400000000000000000e+01 1.390982972209385382e+00 1.269030901394230249e-01
4.100000000000000000e+01 7.300000000000000000e+01 1.642351534542069835e+00 1.129510731304071702e-01
4.100000000000000000e+01 7.800000000000000000e+01 1.642569862432380567e+00 1.233105883730789137e-01
4.300000000000000000e+01 8.000000000000000000e+01 1.676705800735531326e+00 1.457829744203794076e-01
4.500000000000000000e+01 8.700000000000000000e+01 1.984869450863195661e+00 1.721158799589700139e-01
4.600000000000000000e+01 8.700000000000000000e+01 2.328236534144240366e+00 2.022288065213980746e-01
4.600000000000000000e+01 8.700000000000000000e+01 2.706696693652060670e+00 2.264438639358961891e-01
4.800000000000000000e+01 9.000000000000000000e+01 2.686752290348525030e+00 2.318240940386664672e-01
4.800000000000000000e+01 9.000000000000000000e+01 2.633393702004393155e+00 1.958236399197565980e-01
4.700000000000000000e+01 8.700000000000000000e+01 2.524086098500945230e+00 1.925825747169690738e-01
4.600000000000000000e+01 8.700000000000000000e+01 2.143660853891859563e+00 1.936607190019835056e-01
4.600000000000000000e+01 8.800000000000000000e+01 1.798363107049074650e+00 1.998789659027986332e-01
4.500000000000000000e+01 8.300000000000000000e+01 1.900128452425422720e+00 1.716253825201247418e-01
4.400000000000000000e+01 8.000000000000000000e+01 1.993947607200521999e+00 1.518946180430467419e-01
4.400000000000000000e+01 7.800000000000000000e+01 2.125310115071798123e+00 1.502871998327235947e-01
4.300000000000000000e+01 7.700000000000000000e+01 2.205573737016584435e+00 1.660755390353113592e-01
4.400000000000000000e+01 7.900000000000000000e+01 2.584934955176010796e+00 1.687013590791535678e-01
4.500000000000000000e+01 8.100000000000000000e+01 2.783878148288566834e+00 1.860889425267278074e-01
4.500000000000000000e+01 7.900000000000000000e+01 2.994614206025703940e+00 1.955009892934544413e-01
4.200000000000000000e+01 7.900000000000000000e+01 2.541468634994353160e+00 2.079650034719029150e-01
4.500000000000000000e+01 8.000000000000000000e+01 2.679730892542717235e+00 2.172797650318014639e-01
5.000000000000000000e+01 7.800000000000000000e+01 2.629122391560215988e+00 1.946824104187128424e-01
4.800000000000000000e+01 7.400000000000000000e+01 2.230971713795229405e+00 1.856668836239081799e-01
4.600000000000000000e+01 7.100000000000000000e+01 2.052792555638887517e+00 1.702200732364549107e-01
4.700000000000000000e+01 7.000000000000000000e+01 2.095785852339529853e+00 1.715117933355477520e-01
4.400000000000000000e+01 7.100000000000000000e+01 1.492188772075063286e+00 1.748760595311632249e-01
4.500000000000000000e+01 7.100000000000000000e+01 1.217510585999326933e+00 1.825749407351910381e-01
4.400000000000000000e+01 7.000000000000000000e+01 1.211015319185301919e+00 1.896318149467009495e-01
4.400000000000000000e+01 6.800000000000000000e+01 1.453014020504677983e+00 1.942180822544940788e-01
4.600000000000000000e+01 7.000000000000000000e+01 1.728503219647149702e+00 2.138245470859710395e-01
4.700000000000000000e+01 6.900000000000000000e+01 2.037958482342505206e+00 2.082225423581120227e-01
5.600000000000000000e+01 7.800000000000000000e+01 2.383694752573063180e+00 2.093102736023389754e-01
5.500000000000000000e+01 7.500000000000000000e+01 2.501014519015557713e+00 2.025445600976410188e-01
5.700000000000000000e+01 7.500000000000000000e+01 2.458777487917963800e+00 2.001208248532050649e-01
5.600000000000000000e+01 7.200000000000000000e+01 2.621583071937998000e+00 1.656852408624054640e-01
5.300000000000000000e+01 7.200000000000000000e+01 2.272318315390095211e+00 1.816332518993948597e-01
5.200000000000000000e+01 7.200000000000000000e+01 2.345886869987726886e+00 1.980635371435129632e-01
5.200000000000000000e+01 6.700000000000000000e+01 2.497500922438160575e+00 1.727710153318162689e-01
5.000000000000000000e+01 6.300000000000000000e+01 2.420747054109853025e+00 1.333966865564846782e-01
4.700000000000000000e+01 6.200000000000000000e+01 2.027233321363362428e+00 1.436507911064248688e-01
4.600000000000000000e+01 5.900000000000000000e+01 2.147798509853219517e+00 1.168251694963740595e-01
4.800000000000000000e+01 6.500000000000000000e+01 2.044374939802770186e+00 1.003028515989192460e-01
4.500000000000000000e+01 6.600000000000000000e+01 1.628624601909986591e+00 1.178456171373550992e-01
4.500000000000000000e+01 6.400000000000000000e+01 1.949074891640682150e+00 1.117337279599979888e-01
4.900000000000000000e+01 6.800000000000000000e+01 2.312990875786187672e+00 1.156337022063531894e-01
5.100000000000000000e+01 6.800000000000000000e+01 2.481225856462303092e+00 1.359235491529980633e-01
5.600000000000000000e+01 7.000000000000000000e+01 2.911051073736968142e+00 1.280613260270286324e-01
5.300000000000000000e+01 7.000000000000000000e+01 2.710482779395694486e+00 1.397762557909042747e-01
5.300000000000000000e+01 6.800000000000000000e+01 3.158851543427089403e+00 1.377761939749027331e-01
5.200000000000000000e+01 6.700000000000000000e+01 3.431624792982777450e+00 1.372212689452249057e-01
4.900000000000000000e+01 6.800000000000000000e+01 3.026534712436415475e+00 1.505661043856648118e-01
4.600000000000000000e+01 6.600000000000000000e+01 2.592459943306343551e+00 1.415220149609208722e-01
4.300000000000000000e+01 6.600000000000000000e+01 2.277751885818721345e+00 1.521667180925037888e-01
4.500000000000000000e+01 6.600000000000000000e+01 2.650585448614084960e+00 1.383492857783965579e-01
4.300000000000000000e+01 6.500000000000000000e+01 2.558947708852635561e+00 1.522460000675986136e-01
4.300000000000000000e+01 6.500000000000000000e+01 2.676005784864376569e+00 1.579084092041972698e-01
4.000000000000000000e+01 6.400000000000000000e+01 2.371328725241544255e+00 1.748382667552596248e-01
3.900000000000000000e+01 6.200000000000000000e+01 2.511835743101623830e+00 1.804550258258616757e-01
4.100000000000000000e+01 6.100000000000000000e+01 2.901728312253800013e+00 1.974241400115777090e-01
4.000000000000000000e+01 6.100000000000000000e+01 2.821565157370982124e+00 2.203004927033414551e-01
3.900000000000000000e+01 6.000000000000000000e+01 2.769490560076425467e+00 2.342609287447189326e-01
3.700000000000000000e+01 5.200000000000000000e+01 2.504346803109420705e+00 1.730801077496658680e-01
3.500000000000000000e+01 5.000000000000000000e+01 2.129688462646168290e+00 1.532303830154033708e-01
3.600000000000000000e+01 5.100000000000000000e+01 1.996470709904844876e+00 1.164700176405938231e-01
3.600000000000000000e+01 5.600000000000000000e+01 1.471699851955490468e+00 1.158909241811167112e-01
3.800000000000000000e+01 5.600000000000000000e+01 1.148464379631171539e+00 1.254066955555332985e-01
3.800000000000000000e+01 5.400000000000000000e+01 1.376119063603072235e+00 1.204881572131568379e-01
3.800000000000000000e+01 5.400000000000000000e+01 1.634266911320572113e+00 1.255180996491152834e-01
3.700000000000000000e+01 5.300000000000000000e+01 1.684138840122627157e+00 1.367270906123968788e-01
3.700000000000000000e+01 5.200000000000000000e+01 1.982025573497107507e+00 1.479932521381503441e-01
3.900000000000000000e+01 5.300000000000000000e+01 2.310701696741320532e+00 1.625620444637952688e-01
3.700000000000000000e+01 4.800000000000000000e+01 2.234019295324444876e+00 1.370189597307810148e-01
3.800000000000000000e+01 4.700000000000000000e+01 2.573632777767599134e+00 1.132031877454542507e-01
3.700000000000000000e+01 4.800000000000000000e+01 2.676220573218042631e+00 1.185764757991853713e-01
3.600000000000000000e+01 4.800000000000000000e+01 2.540974662134515061e+00 1.071418917964779699e-01
3.400000000000000000e+01 4.600000000000000000e+01 2.426252772882717235e+00 1.010081758608169789e-01
3.500000000000000000e+01 4.500000000000000000e+01 1.808669863789043486e+00 8.667823733898279148e-02
3.700000000000000000e+01 4.800000000000000000e+01 1.293875022818495646e+00 8.959642230593371781e-02
3.600000000000000000e+01 4.900000000000000000e+01 9.490977549329556728e-01 1.048955749911750779e-01
3.800000000000000000e+01 4.900000000000000000e+01 1.127106126854037438e+00 9.620069247652396349e-02
3.800000000000000000e+01 4.800000000000000000e+01 1.327975327098380509e+00 8.623048172250281918e-02
3.900000000000000000e+01 4.700000000000000000e+01 1.553410828866511384e+00 7.860611901066552609e-02
4.200000000000000000e+01 4.800000000000000000e+01 1.543506591372412640e+00 8.201233173817989996e-02
4.700000000000000000e+01 5.500000000000000000e+01 1.322097881165072319e+00 8.627733726749217680e-02
4.700000000000000000e+01 5.500000000000000000e+01 1.322529912544517128e+00 8.932247067767629112e-02
4.600000000000000000e+01 5.600000000000000000e+01 1.352081358256690180e+00 9.121345649019130253e-02
4.700000000000000000e+01 5.500000000000000000e+01 1.606657041921295548e+00 9.523087021767633054e-02
4.700000000000000000e+01 5.400000000000000000e+01 1.891780687753038315e+00 9.822099231891770477e-02
4.600000000000000000e+01 5.400000000000000000e+01 1.990688294746566056e+00 1.157038352487628485e-01
4.700000000000000000e+01 5.400000000000000000e+01 2.075626839673479385e+00 1.254562165311789157e-01
4.700000000000000000e+01 5.500000000000000000e+01 1.951073511517655845e+00 1.471825452811061918e-01
4.700000000000000000e+01 5.500000000000000000e+01 2.266979022571359970e+00 1.495981394980122892e-01
4.500000000000000000e+01 5.900000000000000000e+01 2.155182308426532245e+00 1.749280985007537759e-01
4.400000000000000000e+01 5.400000000000000000e+01 2.266158945455962748e+00 1.495743159153410662e-01
4.000000000000000000e+01 5.300000000000000000e+01 1.687148125031393775e+00 1.289372802517498862e-01
4.000000000000000000e+01 5.100000000000000000e+01 1.526383932930994725e+00 1.002146873151795736e-01
3.800000000000000000e+01 5.000000000000000000e+01 1.283827401727990702e+00 1.014307623787924911e-01
4.100000000000000000e+01 5.200000000000000000e+01 1.530862335398020413e+00 8.935678654811929356e-02
4.000000000000000000e+01 5.300000000000000000e+01 1.529806360290995260e+00 1.052762080009144313e-01
4.000000000000000000e+01 5.500000000000000000e+01 1.828548627740014476e+00 1.099435198289694243e-01
4.000000000000000000e+01 5.400000000000000000e+01 1.950950404435896290e+00 1.186646695367889331e-01
4.000000000000000000e+01 5.500000000000000000e+01 2.070523881190110771e+00 1.392667950898069107e-01
4.300000000000000000e+01 5.500000000000000000e+01 2.233548529541778294e+00 1.386594726540448519e-01
4.300000000000000000e+01 5.300000000000000000e+01 2.633598926036500032e+00 1.396158786143163744e-01
4.400000000000000000e+01 5.000000000000000000e+01 3.076293227803770680e+00 1.283717556554343497e-01
4.800000000000000000e+01 5.800000000000000000e+01 3.321474407595045975e+00 1.368474517324388129e-01
4.600000000000000000e+01 5.700000000000000000e+01 3.387388529904452383e+00 1.357542802194431630e-01
4.100000000000000000e+01 5.500000000000000000e+01 2.748310702064699296e+00 1.377700878852171629e-01
4.100000000000000000e+01 5.200000000000000000e+01 2.942366951234262729e+00 1.229408052113530048e-01
4.000000000000000000e+01 5.000000000000000000e+01 2.815835627359626780e+00 1.229341569112254867e-01
4.100000000000000000e+01 5.000000000000000000e+01 2.695480179526802189e+00 1.333689812460712443e-01
4.100000000000000000e+01 5.200000000000000000e+01 2.861466485712748309e+00 1.400672135789091388e-01
3.700000000000000000e+01 5.400000000000000000e+01 2.310327999889524531e+00 1.635377811952495042e-01
3.400000000000000000e+01 4.900000000000000000e+01 1.734529198348939927e+00 1.239147519188931595e-01
3.800000000000000000e+01 5.000000000000000000e+01 1.283571234889701929e+00 1.065352184534389401e-01
3.800000000000000000e+01 4.700000000000000000e+01 1.477893099911103514e+00 7.221115342955167216e-02
3.700000000000000000e+01 4.600000000000000000e+01 1.407359070993767114e+00 7.308432983483718892e-02
3.600000000000000000e+01 4.600000000000000000e+01 1.313726243520655368e+00 8.633253008917829430e-02
3.500000000000000000e+01 4.700000000000000000e+01 1.262423559681487006e+00 1.017573066727929937e-01
3.900000000000000000e+01 5.100000000000000000e+01 1.256517727097392401e+00 1.092893342421677044e-01
3.800000000000000000e+01 5.100000000000000000e+01 1.011355101432157566e+00 1.282364528932395942e-01
3.800000000000000000e+01 4.900000000000000000e+01 1.201893779308986776e+00 1.274322182216514332e-01
3.700000000000000000e+01 4.900000000000000000e+01 1.156802199127558994e+00 1.281068085887240859e-01
3.700000000000000000e+01 4.800000000000000000e+01 1.378687148358311410e+00 1.237744836695127554e-01
4.200000000000000000e+01 5.100000000000000000e+01 1.630716881019846909e+00 1.205867197765780746e-01
4.200000000000000000e+01 5.000000000000000000e+01 1.478561237651372817e+00 1.289281436837561023e-01
4.400000000000000000e+01 4.800000000000000000e+01 1.746633238545497235e+00 1.246103634896887358e-01
4.800000000000000000e+01 5.100000000000000000e+01 1.613236011453233365e+00 1.214670010697192909e-01
4.700000000000000000e+01 5.100000000000000000e+01 1.660889911936885399e+00 1.194365810454930260e-01
4.700000000000000000e+01 4.900000000000000000e+01 1.958164280294369730e+00 1.046968739471398069e-01
4.600000000000000000e+01 4.900000000000000000e+01 2.071496443791966513e+00 1.067681327679792930e-01
4.600000000000000000e+01 4.700000000000000000e+01 2.412382493651442861e+00 1.006978190134891760e-01
4.800000000000000000e+01 5.000000000000000000e+01 2.113602945969632163e+00 1.078101385061173700e-01
4.700000000000000000e+01 4.900000000000000000e+01 2.213067560236270825e+00 1.141957520769416590e-01
4.700000000000000000e+01 5.200000000000000000e+01 2.300276591590299624e+00 1.337504250832409480e-01
4.400000000000000000e+01 4.700000000000000000e+01 1.985587615257721650e+00 1.034923103824484658e-01
4.300000000000000000e+01 4.400000000000000000e+01 2.069947343565487596e+00 8.469447574749265628e-02
4.300000000000000000e+01 4.300000000000000000e+01 2.142359744450899051e+00 8.552219817419499936e-02
4.200000000000000000e+01 4.300000000000000000e+01 1.987008612997700041e+00 1.004428284546591277e-01
4.600000000000000000e+01 4.400000000000000000e+01 2.321844340079783464e+00 1.019444676816204376e-01
5.100000000000000000e+01 4.800000000000000000e+01 2.234607785185274587e+00 1.092820840281583661e-01
5.200000000000000000e+01 5.000000000000000000e+01 2.352166852256758478e+00 1.071498796232514400e-01
5.100000000000000000e+01 5.500000000000000000e+01 2.458080154996688638e+00 1.031923840484322286e-01
4.900000000000000000e+01 5.500000000000000000e+01 2.358261936029612205e+00 1.208650026861390891e-01
4.600000000000000000e+01 5.800000000000000000e+01 1.858222763830277291e+00 1.065943398244306034e-01
