0.000000000000000000e+00 0.000000000000000000e+00 0.000000000000000000e+00 0.000000000000000000e+00
4.000000000000000000e+00 2.000000000000000000e+00 8.729169087016607409e-04 9.893195246707083609e-05
1.400000000000000000e+01 7.000000000000000000e+00 3.352700230046837173e-03 3.676629373653466292e-04
2.000000000000000000e+01 1.500000000000000000e+01 5.803015061887549682e-03 8.428614451490433652e-04
3.500000000000000000e+01 3.800000000000000000e+01 1.104516982969843374e-02 2.162591193501743874e-03
3.800000000000000000e+01 4.600000000000000000e+01 1.543921104090598996e-02 3.025176745884850492e-03
3.800000000000000000e+01 4.700000000000000000e+01 2.064166138147769183e-02 3.726405100831348387e-03
3.900000000000000000e+01 4.700000000000000000e+01 2.777426017057337340e-02 4.527054623918170574e-03
4.700000000000000000e+01 6.000000000000000000e+01 3.876204636880214993e-02 6.139777106100324615e-03
4.900000000000000000e+01 6.500000000000000000e+01 5.201443741217178646e-02 7.699561292852478110e-03
5.200000000000000000e+01 7.100000000000000000e+01 6.972188030334719455e-02 9.637122506068957276e-03
5.300000000000000000e+01 7.400000000000000000e+01 9.258042863848887916e-02 1.183234005378511547e-02
5.900000000000000000e+01 9.900000000000000000e+01 1.236153762893306973e-01 1.557210040063276846e-02
6.100000000000000000e+01 1.020000000000000000e+02 1.632585271239430369e-01 1.900659684307918693e-02
6.200000000000000000e+01 1.030000000000000000e+02 2.145104509231032519e-01 2.304836294754243967e-02
6.300000000000000000e+01 1.030000000000000000e+02 2.806761885614487140e-01 2.786428513608226257e-02
6.300000000000000000e+01 1.050000000000000000e+02 3.653495877404454029e-01 3.375156315077842278e-02
6.300000000000000000e+01 1.070000000000000000e+02 4.732250593434909058e-01 4.081813345450487768e-02
6.800000000000000000e+01 1.210000000000000000e+02 6.107014767486615980e-01 4.987957903111973207e-02
7.300000000000000000e+01 1.260000000000000000e+02 7.831443143703519238e-01 6.028488285851172496e-02
7.300000000000000000e+01 1.260000000000000000e+02 9.963917817649771136e-01 7.246469541633365763e-02
7.800000000000000000e+01 1.280000000000000000e+02 1.259812281869078010e+00 8.707358390762480471e-02
8.000000000000000000e+01 1.320000000000000000e+02 1.579886467845273978e+00 1.045388348066576545e-01
8.000000000000000000e+01 1.330000000000000000e+02 1.964672106989853173e+00 1.251039401312599997e-01
8.400000000000000000e+01 1.450000000000000000e+02 2.423048581128368184e+00 1.499684747498452042e-01
8.700000000000000000e+01 1.580000000000000000e+02 2.961151425879225307e+00 1.793588616404401259e-01
9.200000000000000000e+01 1.660000000000000000e+02 3.585353296283871671e+00 2.136915211988556496e-01
9.300000000000000000e+01 1.770000000000000000e+02 4.298590537282411361e+00 2.540957202657295744e-01
9.300000000000000000e+01 1.810000000000000000e+02 5.103304039352254406e+00 3.009696930896076372e-01
9.800000000000000000e+01 1.940000000000000000e+02 6.000404028406306267e+00 3.559811156289591216e-01
1.060000000000000000e+02 2.230000000000000000e+02 6.987041524642641832e+00 4.205905550860443709e-01
1.050000000000000000e+02 2.220000000000000000e+02 7.622279948892443535e+00 4.833575624832096018e-01
1.000000000000000000e+02 2.210000000000000000e+02 7.399197408478699778e+00 5.330690047279843524e-01
9.400000000000000000e+01 2.180000000000000000e+02 7.043670419863771848e+00 5.569056785528142539e-01
8.400000000000000000e+01 2.140000000000000000e+02 5.725632205562084742e+00 4.878545844362479067e-01
8.700000000000000000e+01 2.400000000000000000e+02 4.849721099045261496e+00 4.412744791155817081e-01
8.400000000000000000e+01 2.400000000000000000e+02 4.195186564159001819e+00 4.659759744916198154e-01
8.500000000000000000e+01 2.510000000000000000e+02 4.573279964265434039e+00 4.832912602757298837e-01
8.100000000000000000e+01 2.470000000000000000e+02 3.919221494019439866e+00 4.761394208611139378e-01
7.700000000000000000e+01 2.470000000000000000e+02 3.270188071367285509e+00 4.975597692999988997e-01
7.500000000000000000e+01 2.410000000000000000e+02 3.104385436391328135e+00 4.906790079606957455e-01
7.500000000000000000e+01 2.380000000000000000e+02 3.163585717268889486e+00 5.045097185868125944e-01
7.900000000000000000e+01 2.370000000000000000e+02 3.038092043628073835e+00 4.085835862271805508e-01
7.800000000000000000e+01 2.270000000000000000e+02 3.310618788828157744e+00 3.418481945576317127e-01
8.300000000000000000e+01 2.230000000000000000e+02 3.618045777613825731e+00 3.175637383940471126e-01
8.200000000000000000e+01 2.290000000000000000e+02 3.155280497568428988e+00 3.746124060437297509e-01
8.600000000000000000e+01 2.440000000000000000e+02 3.448777251563761137e+00 4.128561286008414766e-01
8.600000000000000000e+01 2.440000000000000000e+02 4.042626286735410801e+00 4.544693601227483559e-01
8.900000000000000000e+01 2.690000000000000000e+02 3.832344972840596053e+00 4.584664344745352227e-01
8.600000000000000000e+01 2.630000000000000000e+02 3.788128257602645377e+00 4.571524510378885409e-01
8.400000000000000000e+01 2.610000000000000000e+02 3.933184125828828481e+00 4.962149103574592934e-01
8.600000000000000000e+01 2.750000000000000000e+02 3.663005283955842462e+00 5.545242439958022462e-01
8.400000000000000000e+01 2.770000000000000000e+02 3.604213484391799227e+00 6.108662519773441213e-01
8.400000000000000000e+01 2.770000000000000000e+02 3.952473251584891489e+00 6.760882507139990283e-01
8.900000000000000000e+01 2.830000000000000000e+02 4.169873219111149609e+00 6.998142068326788090e-01
8.700000000000000000e+01 2.750000000000000000e+02 4.403329900820585507e+00 6.920132230699933551e-01
8.500000000000000000e+01 2.640000000000000000e+02 4.630490279832382150e+00 6.829078660893171948e-01
8.400000000000000000e+01 2.590000000000000000e+02 4.590035046678850428e+00 6.950057652392175322e-01
8.400000000000000000e+01 2.550000000000000000e+02 4.716814489929531007e+00 7.398853941838616777e-01
8.400000000000000000e+01 2.510000000000000000e+02 4.708805318769102577e+00 7.470386406932791878e-01
7.500000000000000000e+01 2.350000000000000000e+02 3.325891222187671747e+00 6.937422818346807851e-01
7.500000000000000000e+01 2.240000000000000000e+02 3.887049406616046809e+00 6.432932765857837243e-01
7.200000000000000000e+01 2.210000000000000000e+02 3.507528823209281832e+00 6.922330925957131953e-01
7.400000000000000000e+01 2.170000000000000000e+02 4.102149613114013604e+00 7.253600069887208290e-01
7.600000000000000000e+01 2.130000000000000000e+02 4.758981681577690637e+00 7.454304921128631634e-01
6.900000000000000000e+01 1.960000000000000000e+02 3.635250721106731753e+00 6.534871156997987818e-01
6.900000000000000000e+01 1.850000000000000000e+02 3.544599976571199740e+00 5.873661552304311195e-01
7.200000000000000000e+01 1.760000000000000000e+02 3.928021706604749141e+00 4.897750372162439914e-01
6.800000000000000000e+01 1.700000000000000000e+02 3.567140147714646936e+00 4.811111195542882024e-01
7.600000000000000000e+01 1.750000000000000000e+02 4.183475245001352150e+00 4.557469907862440883e-01
7.400000000000000000e+01 1.720000000000000000e+02 4.382629439781880798e+00 4.854687009773886452e-01
7.700000000000000000e+01 1.740000000000000000e+02 4.860595882561341341e+00 5.119297771184962986e-01
8.100000000000000000e+01 1.660000000000000000e+02 5.158112525974657636e+00 4.724260496100548545e-01
7.800000000000000000e+01 1.650000000000000000e+02 5.116261443885171900e+00 5.055868208236803385e-01
7.800000000000000000e+01 1.800000000000000000e+02 4.649022993632491385e+00 5.563485311854114990e-01
7.300000000000000000e+01 1.780000000000000000e+02 4.053395306810019250e+00 6.185794795147133707e-01
7.000000000000000000e+01 1.670000000000000000e+02 3.722331701837341189e+00 5.962816017572526439e-01
7.200000000000000000e+01 1.690000000000000000e+02 4.043605505688205426e+00 5.941290668718736123e-01
6.800000000000000000e+01 1.580000000000000000e+02 3.429748556649967028e+00 4.851123415616888646e-01
7.200000000000000000e+01 1.680000000000000000e+02 3.182578047309073455e+00 4.505107306796070077e-01
7.300000000000000000e+01 1.660000000000000000e+02 3.149187526314941810e+00 4.541335653467241662e-01
7.700000000000000000e+01 1.970000000000000000e+02 2.769344166562905940e+00 4.067384441291498898e-01
8.000000000000000000e+01 1.930000000000000000e+02 2.969098292674622996e+00 3.595857021524126451e-01
8.100000000000000000e+01 2.000000000000000000e+02 3.164829409389358972e+00 3.380365590024108635e-01
7.900000000000000000e+01 1.970000000000000000e+02 3.206859788867066019e+00 2.526274880672182976e-01
8.100000000000000000e+01 2.020000000000000000e+02 2.701811087929544719e+00 2.328162860840941317e-01
8.400000000000000000e+01 2.320000000000000000e+02 2.826805098967527297e+00 2.330296628183610996e-01
8.400000000000000000e+01 2.330000000000000000e+02 2.781413828723517945e+00 2.370673732549254953e-01
8.500000000000000000e+01 2.440000000000000000e+02 2.482425162184090706e+00 2.567089216832232346e-01
8.100000000000000000e+01 2.470000000000000000e+02 2.040613267505106521e+00 2.628952352237219348e-01
8.200000000000000000e+01 2.510000000000000000e+02 2.456523306064468670e+00 2.695670023378249902e-01
8.400000000000000000e+01 2.560000000000000000e+02 2.932660022313407833e+00 2.777304352887541294e-01
8.300000000000000000e+01 2.550000000000000000e+02 3.254400677143032716e+00 3.118116277207939602e-01
8.400000000000000000e+01 2.720000000000000000e+02 3.402451670598923616e+00 3.545648016650311263e-01
8.700000000000000000e+01 2.690000000000000000e+02 4.006324239345318006e+00 3.600197893424358364e-01
8.800000000000000000e+01 2.710000000000000000e+02 4.438166376094166310e+00 3.895810822648803073e-01
8.900000000000000000e+01 2.730000000000000000e+02 4.698762719609295146e+00 4.242037411480062414e-01
8.800000000000000000e+01 2.710000000000000000e+02 4.699251981666879630e+00 4.452889327598139602e-01
9.200000000000000000e+01 2.800000000000000000e+02 5.202015939214316376e+00 4.741390643892865464e-01
8.900000000000000000e+01 2.730000000000000000e+02 5.010255594505147236e+00 4.635143869989307719e-01
8.900000000000000000e+01 2.740000000000000000e+02 5.058709545126798268e+00 5.063609616595606822e-01
8.400000000000000000e+01 2.710000000000000000e+02 4.609059413013414819e+00 5.615000634182938377e-01
8.200000000000000000e+01 2.730000000000000000e+02 4.161523511998779234e+00 6.118798085459019598e-01
8.300000000000000000e+01 2.720000000000000000e+02 4.302603577342720698e+00 6.723171858221547170e-01
8.000000000000000000e+01 2.710000000000000000e+02 4.101446517279769388e+00 6.776333672151895193e-01
8.600000000000000000e+01 2.770000000000000000e+02 4.795180272022941281e+00 6.952633608064882065e-01
8.600000000000000000e+01 2.780000000000000000e+02 4.992879774565044393e+00 7.889730988421673752e-01
8.300000000000000000e+01 2.720000000000000000e+02 5.064547890544090158e+00 8.563319039180220527e-01
8.300000000000000000e+01 2.640000000000000000e+02 5.853408591611104939e+00 8.952642136692431363e-01
7.900000000000000000e+01 2.530000000000000000e+02 5.554146065352925987e+00 9.138152286786292988e-01
8.500000000000000000e+01 2.520000000000000000e+02 5.898480631934918783e+00 9.439267247857892063e-01
8.100000000000000000e+01 2.320000000000000000e+02 5.035287983887683616e+00 8.507482681914080302e-01
7.500000000000000000e+01 2.180000000000000000e+02 4.285049961071938363e+00 8.218366459762157517e-01
7.500000000000000000e+01 2.100000000000000000e+02 4.125810816359601674e+00 7.874026746200686322e-01
7.700000000000000000e+01 2.050000000000000000e+02 4.470926008566970644e+00 7.592067590859267190e-01
8.000000000000000000e+01 2.090000000000000000e+02 3.801462678266988693e+00 7.715524205197923369e-01
7.600000000000000000e+01 1.880000000000000000e+02 3.222142912602222076e+00 6.562269728952475623e-01
7.300000000000000000e+01 1.760000000000000000e+02 3.013560362544224880e+00 5.953026358049792188e-01
7.600000000000000000e+01 1.800000000000000000e+02 2.833207720326121226e+00 5.266223086131435194e-01
8.000000000000000000e+01 1.790000000000000000e+02 3.070190940226662946e+00 4.824837520215861653e-01
7.900000000000000000e+01 1.760000000000000000e+02 3.054343072843011875e+00 4.612911093013054020e-01
8.200000000000000000e+01 1.770000000000000000e+02 2.853575983260371096e+00 4.483744781310805005e-01
8.300000000000000000e+01 1.730000000000000000e+02 3.357281328528267217e+00 4.548287848382876475e-01
8.600000000000000000e+01 1.700000000000000000e+02 3.699670975306683207e+00 3.914050048464826070e-01
8.300000000000000000e+01 1.680000000000000000e+02 3.595293735924902645e+00 3.818902498817249858e-01
8.100000000000000000e+01 1.630000000000000000e+02 3.501020480186219253e+00 3.792586306037835087e-01
8.000000000000000000e+01 1.600000000000000000e+02 3.416698131394413362e+00 3.767766202786126950e-01
8.100000000000000000e+01 1.570000000000000000e+02 3.970379695900082329e+00 3.633450830019449018e-01
7.900000000000000000e+01 1.480000000000000000e+02 3.818387824536761066e+00 3.269362552031326863e-01
8.100000000000000000e+01 1.430000000000000000e+02 4.177496975252896760e+00 2.958482275996987543e-01
8.300000000000000000e+01 1.560000000000000000e+02 3.809473756010952172e+00 3.130858044720942202e-01
8.300000000000000000e+01 1.550000000000000000e+02 3.844648770633092294e+00 3.430063616213061550e-01
8.500000000000000000e+01 1.680000000000000000e+02 3.767489813529115494e+00 3.634399761821452413e-01
8.700000000000000000e+01 1.710000000000000000e+02 3.640631666984026626e+00 3.924461681617981146e-01
8.900000000000000000e+01 1.680000000000000000e+02 4.009732481191067066e+00 3.783584771580177919e-01
9.000000000000000000e+01 1.670000000000000000e+02 3.747708201729501809e+00 3.288726237192262647e-01
8.700000000000000000e+01 1.630000000000000000e+02 3.677344635596477840e+00 2.981034613983999937e-01
8.500000000000000000e+01 1.620000000000000000e+02 3.779246206322178558e+00 3.083207309934767326e-01
8.700000000000000000e+01 1.630000000000000000e+02 4.427638355390603131e+00 3.179175979273811126e-01
8.900000000000000000e+01 1.780000000000000000e+02 4.840642153933580438e+00 3.639020839882735614e-01
8.900000000000000000e+01 1.780000000000000000e+02 4.737124076060737821e+00 3.565585873884141166e-01
9.100000000000000000e+01 1.780000000000000000e+02 4.522064820768686211e+00 3.735362701604718616e-01
8.900000000000000000e+01 1.790000000000000000e+02 4.738250249715909135e+00 4.123605865813542160e-01
8.700000000000000000e+01 1.780000000000000000e+02 4.496793082044041157e+00 4.619364673728611481e-01
8.700000000000000000e+01 1.770000000000000000e+02 4.774499873959398677e+00 4.662810977797950396e-01
8.900000000000000000e+01 1.810000000000000000e+02 4.418534776702798261e+00 4.303006273448861108e-01
8.700000000000000000e+01 1.760000000000000000e+02 4.570683561532461248e+00 4.285623537375664038e-01
8.500000000000000000e+01 1.770000000000000000e+02 4.452928014547487656e+00 4.763944525696259813e-01
8.300000000000000000e+01 1.660000000000000000e+02 4.481747508828370918e+00 4.269489221877328933e-01
8.300000000000000000e+01 1.740000000000000000e+02 3.782955098616789247e+00 4.025229904888298349e-01
8.300000000000000000e+01 1.680000000000000000e+02 4.070325836719337786e+00 3.622604962069294610e-01
8.100000000000000000e+01 1.710000000000000000e+02 3.807791455998702723e+00 3.242081465969574028e-01
8.100000000000000000e+01 1.790000000000000000e+02 3.403665828239042401e+00 3.396704053617969898e-01
7.900000000000000000e+01 1.780000000000000000e+02 3.233907159179767010e+00 3.178196747351302864e-01
7.700000000000000000e+01 1.780000000000000000e+02 3.298341294640388721e+00 3.098329940578834485e-01
7.600000000000000000e+01 1.770000000000000000e+02 3.666956014616582049e+00 3.202050734394435993e-01
7.500000000000000000e+01 1.740000000000000000e+02 4.079143770089431520e+00 3.364305522354889000e-01
7.700000000000000000e+01 1.750000000000000000e+02 4.232073614044796983e+00 3.733372240507194517e-01
7.800000000000000000e+01 1.760000000000000000e+02 4.667026916634382516e+00 4.265021223220867297e-01
7.600000000000000000e+01 1.740000000000000000e+02 4.971916043062468482e+00 4.753969710233195700e-01
7.100000000000000000e+01 1.720000000000000000e+02 4.360175501656523345e+00 4.826014694422889884e-01
7.000000000000000000e+01 1.650000000000000000e+02 4.826315054068857968e+00 4.788430883712950781e-01
6.900000000000000000e+01 1.730000000000000000e+02 4.438583099440849722e+00 4.552803644381300807e-01
6.500000000000000000e+01 1.690000000000000000e+02 3.928388555483168787e+00 4.361322564033783267e-01
6.400000000000000000e+01 1.650000000000000000e+02 3.992142670615932865e+00 4.138962870437917774e-01
6.700000000000000000e+01 1.650000000000000000e+02 3.915999563796199290e+00 3.756069403673591989e-01
6.500000000000000000e+01 1.650000000000000000e+02 3.520955277811936845e+00 3.992704818491397134e-01
6.900000000000000000e+01 1.680000000000000000e+02 4.092746870225259848e+00 3.992061992723430763e-01
6.900000000000000000e+01 1.730000000000000000e+02 3.979773328298562340e+00 4.432250485865102951e-01
6.600000000000000000e+01 1.640000000000000000e+02 3.852640903181193899e+00 4.199999791445233055e-01
6.400000000000000000e+01 1.550000000000000000e+02 4.013972091387071117e+00 3.827331463885056406e-01
6.000000000000000000e+01 1.490000000000000000e+02 3.721838441423049648e+00 3.588923875026341914e-01
5.800000000000000000e+01 1.490000000000000000e+02 3.491957538674530959e+00 3.715811365957173984e-01
6.000000000000000000e+01 1.540000000000000000e+02 3.284596134449789595e+00 4.068367182345691280e-01
6.000000000000000000e+01 1.490000000000000000e+02 3.575458851519033310e+00 4.122983536868521370e-01
5.600000000000000000e+01 1.460000000000000000e+02 2.994128253371507231e+00 3.890965499767772284e-01
5.400000000000000000e+01 1.410000000000000000e+02 2.923929205230842321e+00 3.946542314346360714e-01
5.700000000000000000e+01 1.420000000000000000e+02 3.153095631919544672e+00 3.955632476967469446e-01
6.200000000000000000e+01 1.480000000000000000e+02 3.330416555357199382e+00 4.349620115631459005e-01
5.700000000000000000e+01 1.410000000000000000e+02 2.609337437780560265e+00 4.236110906095034156e-01
5.500000000000000000e+01 1.370000000000000000e+02 2.550758379059674397e+00 4.192176000113727041e-01
5.400000000000000000e+01 1.290000000000000000e+02 2.721480454503689916e+00 3.717722713924468958e-01
5.300000000000000000e+01 1.210000000000000000e+02 1.905741127757159425e+00 3.444794777069303815e-01
5.400000000000000000e+01 1.120000000000000000e+02 1.971950848141948764e+00 2.912508734804931665e-01
5.400000000000000000e+01 1.060000000000000000e+02 2.076805089485439737e+00 2.613146304484944560e-01
5.500000000000000000e+01 1.070000000000000000e+02 2.156538421417999007e+00 2.535169537921370675e-01
5.600000000000000000e+01 1.070000000000000000e+02 2.540327575541960758e+00 2.655500258098217325e-01
5.200000000000000000e+01 1.120000000000000000e+02 2.099847106433504251e+00 2.938780181501690070e-01
5.300000000000000000e+01 1.110000000000000000e+02 2.265560758637552574e+00 3.061640150664745597e-01
5.300000000000000000e+01 1.100000000000000000e+02 2.670220640199654660e+00 3.328423917733750459e-01
5.500000000000000000e+01 1.120000000000000000e+02 3.120176747572071640e+00 3.424119987777010099e-01
5.900000000000000000e+01 1.160000000000000000e+02 3.332300367637045735e+00 3.884541146740796980e-01
6.200000000000000000e+01 1.090000000000000000e+02 3.632707871163476820e+00 3.342278888038588414e-01
5.900000000000000000e+01 1.050000000000000000e+02 3.407548083658549221e+00 3.326228030497050403e-01
5.900000000000000000e+01 1.070000000000000000e+02 3.462757373973459174e+00 3.253287658851130026e-01
5.700000000000000000e+01 9.900000000000000000e+01 3.317761694363584812e+00 2.846029102745357142e-01
5.900000000000000000e+01 1.190000000000000000e+02 2.579221295875323339e+00 2.963370123679650026e-01
6.100000000000000000e+01 1.160000000000000000e+02 2.550208147742304199e+00 2.453695398502050706e-01
5.800000000000000000e+01 1.130000000000000000e+02 1.968982906746565620e+00 2.183810585333489374e-01
6.300000000000000000e+01 1.120000000000000000e+02 2.078326895862924406e+00 1.991087095291279863e-01
6.700000000000000000e+01 1.160000000000000000e+02 2.183241676773581830e+00 2.174742390421977034e-01
6.800000000000000000e+01 1.280000000000000000e+02 2.567931629686462713e+00 2.265150774997971017e-01
6.700000000000000000e+01 1.270000000000000000e+02 2.776765598805567947e+00 2.364487097302837570e-01
6.700000000000000000e+01 1.230000000000000000e+02 2.570765897194423832e+00 2.207486525171940273e-01
6.700000000000000000e+01 1.210000000000000000e+02 2.749129152556908817e+00 2.201757065809051839e-01
7.100000000000000000e+01 1.330000000000000000e+02 3.184776344809167270e+00 1.991546091156253528e-01
8.000000000000000000e+01 1.420000000000000000e+02 3.378216140821590940e+00 2.097936133253696100e-01
7.600000000000000000e+01 1.410000000000000000e+02 2.936900697806863914e+00 2.247732102565512813e-01
7.400000000000000000e+01 1.380000000000000000e+02 2.230126074091793864e+00 2.072911844064264375e-01
7.300000000000000000e+01 1.330000000000000000e+02 2.341744394358515446e+00 1.820873015586892130e-01
7.200000000000000000e+01 1.350000000000000000e+02 2.212266036476612019e+00 1.877982996660323145e-01
8.100000000000000000e+01 1.470000000000000000e+02 2.608293657553340417e+00 1.831903122403523154e-01
7.900000000000000000e+01 1.530000000000000000e+02 2.616399721863047922e+00 1.984446843862664178e-01
7.700000000000000000e+01 1.550000000000000000e+02 2.607050359637125947e+00 2.205660188725118431e-01
7.600000000000000000e+01 1.570000000000000000e+02 2.583135041312544899e+00 2.603091022888334161e-01
8.100000000000000000e+01 1.690000000000000000e+02 2.354519541656682868e+00 2.964259597409984459e-01
8.300000000000000000e+01 1.680000000000000000e+02 2.595425069381861238e+00 3.135147359634882225e-01
8.700000000000000000e+01 1.700000000000000000e+02 3.092962698632763630e+00 3.108444626847986503e-01
9.500000000000000000e+01 1.890000000000000000e+02 3.439141541702846361e+00 3.277930480030215032e-01
9.400000000000000000e+01 1.890000000000000000e+02 3.805525226923506921e+00 3.607641938129891312e-01
1.000000000000000000e+02 1.940000000000000000e+02 4.241090763231611049e+00 3.763137141780213413e-01
1.000000000000000000e+02 2.060000000000000000e+02 4.288158515093171808e+00 3.811387906756367183e-01
9.700000000000000000e+01 2.030000000000000000e+02 4.096693660625359890e+00 3.986359218119884806e-01
9.700000000000000000e+01 2.050000000000000000e+02 4.490984229440043052e+00 4.296347285468515298e-01
9.500000000000000000e+01 2.050000000000000000e+02 4.453630077331322212e+00 4.613579875819489584e-01
9.400000000000000000e+01 2.020000000000000000e+02 4.963220508621739135e+00 4.994152854095670335e-01
