0.000000000000000000e+00 0.000000000000000000e+00 0.000000000000000000e+00 0.000000000000000000e+00
1.800000000000000000e+01 2.400000000000000000e+01 3.928126089157472738e-03 1.187183429604850684e-03
3.100000000000000000e+01 5.000000000000000000e+01 8.103815765597485038e-03 2.730112056443953928e-03
3.200000000000000000e+01 5.000000000000000000e+01 1.107634420559169136e-02 3.319941668008729359e-03
3.600000000000000000e+01 5.300000000000000000e+01 1.569709815427482169e-02 4.183779201405656359e-03
4.700000000000000000e+01 8.600000000000000000e+01 2.338456174311181329e-02 6.715441044821628992e-03
5.100000000000000000e+01 1.100000000000000000e+02 3.210085797587793749e-02 9.344984429980536175e-03
5.700000000000000000e+01 1.460000000000000000e+02 4.411251455122150444e-02 1.312924405516896660e-02
6.000000000000000000e+01 1.610000000000000000e+02 5.937644110644290513e-02 1.668141524826203398e-02
6.800000000000000000e+01 3.120000000000000000e+02 8.062743331547327086e-02 2.771112062109469532e-02
6.800000000000000000e+01 3.120000000000000000e+02 1.068835676616660818e-01 3.363092932831408810e-02
7.000000000000000000e+01 3.760000000000000000e+02 1.417452435596742166e-01 4.395499846424522072e-02
7.000000000000000000e+01 4.410000000000000000e+02 1.868370172359793968e-01 5.650221576241281490e-02
7.000000000000000000e+01 4.940000000000000000e+02 2.454264636495272489e-01 7.108457392989477042e-02
7.000000000000000000e+01 5.010000000000000000e+02 3.211410516237303558e-01 8.642498095405014291e-02
7.000000000000000000e+01 5.060000000000000000e+02 4.183915395413276284e-01 1.048159547505119749e-01
7.200000000000000000e+01 6.120000000000000000e+02 5.428932022492234388e-01 1.319489831306633054e-01
7.300000000000000000e+01 6.360000000000000000e+02 7.003437315577223377e-01 1.605780088922193205e-01
7.300000000000000000e+01 6.540000000000000000e+02 8.978576149978995113e-01 1.946698135849649347e-01
7.300000000000000000e+01 7.000000000000000000e+02 1.143637968364755064e+00 2.369357280156746959e-01
7.400000000000000000e+01 7.340000000000000000e+02 1.446685739219909728e+00 2.869645000567518367e-01
7.600000000000000000e+01 7.780000000000000000e+02 1.816353555080060911e+00 3.472589596723770211e-01
7.600000000000000000e+01 7.890000000000000000e+02 2.261499541877540764e+00 4.175670717519128217e-01
7.900000000000000000e+01 8.700000000000000000e+02 2.792202483735709784e+00 5.047002588539121204e-01
7.900000000000000000e+01 9.470000000000000000e+02 3.415585792454559844e+00 6.080571267378508393e-01
8.000000000000000000e+01 9.730000000000000000e+02 4.139083449451515406e+00 7.280739328574601377e-01
8.100000000000000000e+01 1.064000000000000000e+03 4.967175479331626065e+00 8.731358891794015475e-01
8.200000000000000000e+01 1.100000000000000000e+03 5.901863365769616898e+00 1.041510618442864633e+00
8.400000000000000000e+01 1.160000000000000000e+03 6.942313162349531552e+00 1.240613949700618557e+00
8.400000000000000000e+01 1.202000000000000000e+03 8.083609785766480371e+00 1.473091330360597251e+00
8.400000000000000000e+01 1.251000000000000000e+03 9.318438672504468556e+00 1.745000677787830856e+00
7.700000000000000000e+01 1.244000000000000000e+03 9.117242023651851213e+00 1.912492078995856160e+00
7.100000000000000000e+01 1.260000000000000000e+03 7.611779444866693112e+00 2.059533640672199351e+00
6.600000000000000000e+01 1.267000000000000000e+03 7.436089111033970411e+00 2.287889447798420850e+00
6.100000000000000000e+01 1.264000000000000000e+03 7.086721353406594481e+00 2.614887104081554003e+00
5.100000000000000000e+01 1.254000000000000000e+03 5.627753749104184244e+00 2.870934195809588640e+00
4.400000000000000000e+01 1.241000000000000000e+03 4.392707298115654524e+00 3.135923656407519022e+00
3.800000000000000000e+01 1.216000000000000000e+03 3.529975026455212994e+00 3.336700804911912677e+00
3.700000000000000000e+01 1.206000000000000000e+03 3.161765442976951945e+00 3.626571727251600930e+00
3.700000000000000000e+01 1.149000000000000000e+03 2.163380859761807162e+00 3.281863351099989501e+00
4.500000000000000000e+01 1.136000000000000000e+03 2.177456574064066785e+00 3.265178021961654853e+00
4.900000000000000000e+01 1.143000000000000000e+03 1.424384237876882286e+00 3.191753564312731051e+00
4.900000000000000000e+01 1.092000000000000000e+03 1.298900772268044346e+00 3.011169221155082454e+00
5.500000000000000000e+01 1.127000000000000000e+03 1.497583833318865798e+00 2.822180873400762291e+00
5.400000000000000000e+01 1.120000000000000000e+03 1.109344126757241700e+00 2.904548388682796300e+00
5.400000000000000000e+01 1.109000000000000000e+03 1.308960904562675109e+00 3.129296320963791178e+00
5.400000000000000000e+01 1.067000000000000000e+03 1.098931512878544403e+00 2.956285035647697068e+00
5.600000000000000000e+01 1.057000000000000000e+03 1.086213603301653619e+00 2.923496908199839428e+00
5.600000000000000000e+01 1.035000000000000000e+03 1.293390113716261780e+00 3.015641554713361039e+00
5.700000000000000000e+01 1.002000000000000000e+03 1.527787528777820203e+00 3.048954759246137236e+00
6.100000000000000000e+01 9.780000000000000000e+02 1.791114503953171511e+00 3.108568294018315026e+00
6.000000000000000000e+01 9.550000000000000000e+02 1.649419904788927749e+00 3.156986736905334379e+00
6.000000000000000000e+01 9.290000000000000000e+02 1.927296784274627361e+00 3.343584777065647717e+00
6.600000000000000000e+01 9.050000000000000000e+02 1.588151821989948864e+00 3.294977123913848782e+00
6.800000000000000000e+01 8.710000000000000000e+02 1.562373903863491398e+00 3.089659413151754297e+00
6.700000000000000000e+01 8.280000000000000000e+02 1.639686541501483408e+00 3.017962413491206419e+00
7.000000000000000000e+01 7.720000000000000000e+02 1.953145872835248653e+00 2.695459043045761227e+00
7.400000000000000000e+01 7.830000000000000000e+02 2.072279673008346368e+00 2.488352526622066740e+00
7.300000000000000000e+01 7.300000000000000000e+02 2.238852334850896852e+00 2.196069892935384793e+00
