0.000000000000000000e+00 0.000000000000000000e+00 0.000000000000000000e+00 0.000000000000000000e+00
9.000000000000000000e+00 8.000000000000000000e+00 1.964063044578736369e-03 3.957278098682833443e-04
1.500000000000000000e+01 1.800000000000000000e+01 3.942793269211034533e-03 9.759919871260328787e-04
1.600000000000000000e+01 2.600000000000000000e+01 5.500985721596966978e-03 1.582597070002974594e-03
3.100000000000000000e+01 6.200000000000000000e+01 1.063587754981648939e-02 3.704768456624022224e-03
3.600000000000000000e+01 8.500000000000000000e+01 1.532081085069863895e-02 5.641630544597380122e-03
3.900000000000000000e+01 1.030000000000000000e+02 2.112908171890330589e-02 7.747037924882483120e-03
4.800000000000000000e+01 1.340000000000000000e+02 3.016090768461508753e-02 1.094557226979491274e-02
6.000000000000000000e+01 3.190000000000000000e+02 4.281483611284559593e-02 2.244527947469478549e-02
6.000000000000000000e+01 3.200000000000000000e+02 5.697714382250946424e-02 2.731753666432221866e-02
6.000000000000000000e+01 3.440000000000000000e+02 7.566132276193661410e-02 3.435644760334912590e-02
6.000000000000000000e+01 3.740000000000000000e+02 1.002269734967335263e-01 4.317842714182092839e-02
6.000000000000000000e+01 3.880000000000000000e+02 1.324002769150004477e-01 5.306452178919859874e-02
6.100000000000000000e+01 4.040000000000000000e+02 1.745706464973340588e-01 6.511246029828354764e-02
6.300000000000000000e+01 4.220000000000000000e+02 2.295142454607070892e-01 7.975904655514967634e-02
6.300000000000000000e+01 4.300000000000000000e+02 2.999967654627792024e-01 9.693081458079706725e-02
6.900000000000000000e+01 5.280000000000000000e+02 3.916987035317017196e-01 1.220637261524453593e-01
7.000000000000000000e+01 5.490000000000000000e+02 5.074940959406789576e-01 1.485429210325358573e-01
7.000000000000000000e+01 5.500000000000000000e+02 6.536913282990219898e-01 1.793744696361659341e-01
7.100000000000000000e+01 6.000000000000000000e+02 8.372182548048717754e-01 2.187755162670464992e-01
7.600000000000000000e+01 8.230000000000000000e+02 1.066147190790104782e+00 2.745520073459633004e-01
7.700000000000000000e+01 8.350000000000000000e+02 1.347065982166185227e+00 3.310105743316514859e-01
7.700000000000000000e+01 8.540000000000000000e+02 1.688924031851688712e+00 3.987609586377722781e-01
7.900000000000000000e+01 9.400000000000000000e+02 2.100966118813496486e+00 4.827995746775944896e-01
8.000000000000000000e+01 9.920000000000000000e+02 2.591062378664584109e+00 5.811159122013489498e-01
8.000000000000000000e+01 1.092000000000000000e+03 3.166802869264619957e+00 7.001581653991667542e-01
8.000000000000000000e+01 1.102000000000000000e+03 3.834685606756621734e+00 8.366898950484809028e-01
8.000000000000000000e+01 1.120000000000000000e+03 4.599208329136802220e+00 9.982001337559376353e-01
8.000000000000000000e+01 1.122000000000000000e+03 5.462541923571229141e+00 1.187459123434447150e+00
8.000000000000000000e+01 1.127000000000000000e+03 6.424151258230486938e+00 1.409587466133254141e+00
8.100000000000000000e+01 1.151000000000000000e+03 7.480796229548535514e+00 1.670207781357487153e+00
7.800000000000000000e+01 1.196000000000000000e+03 7.324506031797098693e+00 1.943564849789242599e+00
7.400000000000000000e+01 1.203000000000000000e+03 7.524807302322647828e+00 2.202443173377632402e+00
7.300000000000000000e+01 1.205000000000000000e+03 8.095117441311158402e+00 2.488710534409990238e+00
6.600000000000000000e+01 1.201000000000000000e+03 7.140252444988484548e+00 2.683175595016169090e+00
5.900000000000000000e+01 1.180000000000000000e+03 6.381652858546003060e+00 2.893831521901048198e+00
5.600000000000000000e+01 1.174000000000000000e+03 6.009904164203358157e+00 3.145124049366274210e+00
5.000000000000000000e+01 1.170000000000000000e+03 4.868818586930707681e+00 3.384231310355479749e+00
4.500000000000000000e+01 1.087000000000000000e+03 2.389745006338917399e+00 2.852197759174569303e+00
4.700000000000000000e+01 1.057000000000000000e+03 2.018398835754943832e+00 2.644412414977813874e+00
5.200000000000000000e+01 1.059000000000000000e+03 2.004131322493943212e+00 2.575350300031622464e+00
5.000000000000000000e+01 1.033000000000000000e+03 1.757140301409992222e+00 2.592227187601261473e+00
5.600000000000000000e+01 1.058000000000000000e+03 2.065821453392002294e+00 2.703135543967957855e+00
5.800000000000000000e+01 1.067000000000000000e+03 2.188242211783612223e+00 2.897596070094848208e+00
6.000000000000000000e+01 1.064000000000000000e+03 2.318226914062997412e+00 3.148770654800495006e+00
5.900000000000000000e+01 1.054000000000000000e+03 2.431080766533306292e+00 3.511207547748381064e+00
6.200000000000000000e+01 1.063000000000000000e+03 2.354320711168291336e+00 3.474945669608445975e+00
6.000000000000000000e+01 1.026000000000000000e+03 2.234242090724972485e+00 3.585542186340435755e+00
6.300000000000000000e+01 1.042000000000000000e+03 2.288359790643192504e+00 3.914352884657247067e+00
6.800000000000000000e+01 1.138000000000000000e+03 2.105524821129686419e+00 4.163536966363992065e+00
6.600000000000000000e+01 1.015000000000000000e+03 1.750229597130706916e+00 3.430736112729585674e+00
6.400000000000000000e+01 9.520000000000000000e+02 1.462084511687126387e+00 3.126021816117112273e+00
6.600000000000000000e+01 9.720000000000000000e+02 1.176928013796179728e+00 3.050881824214782156e+00
6.700000000000000000e+01 9.290000000000000000e+02 1.400238447098267169e+00 2.732272516018009245e+00
6.500000000000000000e+01 8.750000000000000000e+02 1.201114964470058055e+00 2.456431887976226136e+00
6.500000000000000000e+01 8.150000000000000000e+02 1.190669084847636006e+00 1.914559724888408976e+00
