0.000000000000000000e+00 0.000000000000000000e+00 0.000000000000000000e+00 0.000000000000000000e+00
2.100000000000000000e+01 1.000000000000000000e+01 4.582813770683718049e-03 4.946597623353541804e-04
2.300000000000000000e+01 1.300000000000000000e+01 6.581100235387432953e-03 7.500632096889541661e-04
3.200000000000000000e+01 2.400000000000000000e+01 1.077927099001763783e-02 1.456130296798323256e-03
3.500000000000000000e+01 2.900000000000000000e+01 1.508153286780294922e-02 2.017558324301170145e-03
4.200000000000000000e+01 4.600000000000000000e+01 2.168838166636618756e-02 3.292804448669481646e-03
4.600000000000000000e+01 5.900000000000000000e+01 2.983101864100502765e-02 4.644062906775033549e-03
4.700000000000000000e+01 6.400000000000000000e+01 3.998798057457984834e-02 5.888443531651469526e-03
4.700000000000000000e+01 7.600000000000000000e+01 5.321129433397685238e-02 7.742812465401290381e-03
5.600000000000000000e+01 1.210000000000000000e+02 7.261751902555921290e-02 1.162264462873038168e-02
5.900000000000000000e+01 1.320000000000000000e+02 9.686854802845806800e-02 1.464804566295104318e-02
6.000000000000000000e+01 1.460000000000000000e+02 1.282208541276440572e-01 1.845807700010083582e-02
6.100000000000000000e+01 1.530000000000000000e+02 1.691261950967633820e-01 2.271994751024996109e-02
6.600000000000000000e+01 1.670000000000000000e+02 2.231061730605161109e-01 2.821304628576280435e-02
7.000000000000000000e+01 1.930000000000000000e+02 2.926258105197981907e-01 3.543642809784913750e-02
7.000000000000000000e+01 2.020000000000000000e+02 3.810086796176512247e-01 4.330988799587429799e-02
7.000000000000000000e+01 2.030000000000000000e+02 4.936554377914544878e-01 5.239193810619095087e-02
7.000000000000000000e+01 2.070000000000000000e+02 6.361352188631977933e-01 6.345201107476584890e-02
7.000000000000000000e+01 2.130000000000000000e+02 8.148399996684119184e-01 7.682063460289033363e-02
7.800000000000000000e+01 2.330000000000000000e+02 1.038674137285025223e+00 9.352727344470077031e-02
7.900000000000000000e+01 2.330000000000000000e+02 1.312750348620045582e+00 1.125284107928139765e-01
7.900000000000000000e+01 2.360000000000000000e+02 1.646255618089905726e+00 1.353478673712062152e-01
8.100000000000000000e+01 2.400000000000000000e+02 2.048144764151924591e+00 1.625694490796742719e-01
8.200000000000000000e+01 2.440000000000000000e+02 2.525963211394935737e+00 1.949101107425861290e-01
8.500000000000000000e+01 2.530000000000000000e+02 3.087612828312993329e+00 2.334848379210178737e-01
8.500000000000000000e+01 2.530000000000000000e+02 3.738177819920904366e+00 2.786423267734933207e-01
9.400000000000000000e+01 2.620000000000000000e+02 4.484368330184534734e+00 3.323051337122129301e-01
9.800000000000000000e+01 2.760000000000000000e+02 5.325880220421287170e+00 3.956193393201781761e-01
9.800000000000000000e+01 2.760000000000000000e+02 6.262401439598646036e+00 4.691087532655369707e-01
9.800000000000000000e+01 2.800000000000000000e+02 7.291708571648032766e+00 5.550849041277123863e-01
9.900000000000000000e+01 2.850000000000000000e+02 8.408644594405709327e+00 6.551333969182208117e-01
9.900000000000000000e+01 3.110000000000000000e+02 7.220861143794358838e+00 7.198480968711332695e-01
9.400000000000000000e+01 3.080000000000000000e+02 7.046549647424299678e+00 7.886300661508059973e-01
8.800000000000000000e+01 3.100000000000000000e+02 6.151908572075715398e+00 8.472442308883133544e-01
8.400000000000000000e+01 3.250000000000000000e+02 5.333151080354939566e+00 9.311269668081637585e-01
7.900000000000000000e+01 3.180000000000000000e+02 4.609642727177047483e+00 9.568206126378269172e-01
7.800000000000000000e+01 3.190000000000000000e+02 3.634703091001957098e+00 9.984096667037002382e-01
7.900000000000000000e+01 3.140000000000000000e+02 3.943712616476320765e+00 1.027666878581478649e+00
7.800000000000000000e+01 3.050000000000000000e+02 4.301268954273158585e+00 1.061253706089598570e+00
7.900000000000000000e+01 2.910000000000000000e+02 3.839263772207871739e+00 9.208691373208384157e-01
8.100000000000000000e+01 2.820000000000000000e+02 3.137643822411003036e+00 8.606431971103440937e-01
7.900000000000000000e+01 2.720000000000000000e+02 2.912165816174125510e+00 7.987596899958864238e-01
7.800000000000000000e+01 2.590000000000000000e+02 3.166796559724712523e+00 7.563247778289905465e-01
9.300000000000000000e+01 2.980000000000000000e+02 2.950151826436591573e+00 7.212115854091616374e-01
8.900000000000000000e+01 2.800000000000000000e+02 2.539945955915829945e+00 6.146740199401137250e-01
9.000000000000000000e+01 2.720000000000000000e+02 2.720193276338400246e+00 5.249031584989057864e-01
9.000000000000000000e+01 2.690000000000000000e+02 2.648723412769157459e+00 5.163402003785574346e-01
9.000000000000000000e+01 2.640000000000000000e+02 3.134463459271021879e+00 5.187439268523339475e-01
9.100000000000000000e+01 2.680000000000000000e+02 3.679508721783691261e+00 5.270062377393244235e-01
9.000000000000000000e+01 2.580000000000000000e+02 3.417799306947113980e+00 4.648904646010641462e-01
8.900000000000000000e+01 2.660000000000000000e+02 3.278377009076681947e+00 4.629089231075109168e-01
8.800000000000000000e+01 2.630000000000000000e+02 3.352568412146163634e+00 4.892154424194949391e-01
9.100000000000000000e+01 2.700000000000000000e+02 3.732732361034204249e+00 5.098808468440093611e-01
9.300000000000000000e+01 3.010000000000000000e+02 3.918983583920351066e+00 5.472577032577690126e-01
9.600000000000000000e+01 3.040000000000000000e+02 4.368688210199047184e+00 5.437999948404590445e-01
9.700000000000000000e+01 3.030000000000000000e+02 5.081833843369061299e+00 5.867656188932073302e-01
9.400000000000000000e+01 3.140000000000000000e+02 4.301744078835701757e+00 6.420514672311427029e-01
9.000000000000000000e+01 3.150000000000000000e+02 4.085005887356687460e+00 6.275231341006056729e-01
8.800000000000000000e+01 3.100000000000000000e+02 4.196601551122311591e+00 6.737353476541839692e-01
9.100000000000000000e+01 3.160000000000000000e+02 4.642857946751160370e+00 7.253367094918966584e-01
9.400000000000000000e+01 3.230000000000000000e+02 5.402913821017785168e+00 7.721242037338043041e-01
8.600000000000000000e+01 3.070000000000000000e+02 4.392376380559241511e+00 7.330367365072636421e-01
8.400000000000000000e+01 3.000000000000000000e+02 4.407153845250673996e+00 7.339929336274728655e-01
8.700000000000000000e+01 2.990000000000000000e+02 4.671139736920674856e+00 7.345069400920976044e-01
9.000000000000000000e+01 3.030000000000000000e+02 4.729054849633563151e+00 6.967701705122455458e-01
8.800000000000000000e+01 2.930000000000000000e+02 5.034657711563119697e+00 6.873663522559732009e-01
8.500000000000000000e+01 2.920000000000000000e+02 4.981633034846272956e+00 6.764570041251086741e-01
8.500000000000000000e+01 3.010000000000000000e+02 5.040935532741744218e+00 6.931448177182216730e-01
8.500000000000000000e+01 2.960000000000000000e+02 5.603887123910527457e+00 7.292464147377555328e-01
8.200000000000000000e+01 2.940000000000000000e+02 5.300016472097497378e+00 7.562156166974839389e-01
8.400000000000000000e+01 2.960000000000000000e+02 5.209864843478294816e+00 7.520379477063047213e-01
9.000000000000000000e+01 3.140000000000000000e+02 5.284731939037661697e+00 7.790528282333311072e-01
9.300000000000000000e+01 3.170000000000000000e+02 5.781366308452850156e+00 8.528643539440200483e-01
8.300000000000000000e+01 2.920000000000000000e+02 4.312201106904825387e+00 6.920381679250577900e-01
7.900000000000000000e+01 2.840000000000000000e+02 3.188307312436022389e+00 6.634963946829495196e-01
8.500000000000000000e+01 2.980000000000000000e+02 3.221872240842948987e+00 6.181456367896084325e-01
8.300000000000000000e+01 2.960000000000000000e+02 3.239134800972399919e+00 6.157468100403318267e-01
8.400000000000000000e+01 3.050000000000000000e+02 3.200162151035299107e+00 6.679929717665268329e-01
8.500000000000000000e+01 3.020000000000000000e+02 3.737134883144798359e+00 6.800556066428565805e-01
9.300000000000000000e+01 3.220000000000000000e+02 4.329707440925955275e+00 7.073466924397384670e-01
9.100000000000000000e+01 3.180000000000000000e+02 3.931155477696198552e+00 7.446296385459247880e-01
9.400000000000000000e+01 3.820000000000000000e+02 4.042985726156987702e+00 8.116886014898229140e-01
9.400000000000000000e+01 3.930000000000000000e+02 4.186528513387875350e+00 8.434535943828507243e-01
8.900000000000000000e+01 3.780000000000000000e+02 3.449419860017325590e+00 7.742287771578565403e-01
8.900000000000000000e+01 3.650000000000000000e+02 3.523481505621711030e+00 6.874396377648306355e-01
9.200000000000000000e+01 3.920000000000000000e+02 3.565730795975047052e+00 6.779778072972787450e-01
8.900000000000000000e+01 3.820000000000000000e+02 3.426012902404656835e+00 6.340274881398570983e-01
9.100000000000000000e+01 3.860000000000000000e+02 3.998145674511352166e+00 5.671180869971373939e-01
8.900000000000000000e+01 3.840000000000000000e+02 4.109626633269393814e+00 5.928681640677847531e-01
8.700000000000000000e+01 3.750000000000000000e+02 4.224252736408105946e+00 5.923757651300157745e-01
8.300000000000000000e+01 3.710000000000000000e+02 3.927884346324086007e+00 5.925887616213652009e-01
8.700000000000000000e+01 3.830000000000000000e+02 4.330411561724439196e+00 6.167960325715580172e-01
8.600000000000000000e+01 3.800000000000000000e+02 4.499281139915346728e+00 6.899734890641870955e-01
8.600000000000000000e+01 3.850000000000000000e+02 4.353560703959799660e+00 7.342578672270740903e-01
8.100000000000000000e+01 3.800000000000000000e+02 3.953562362337858183e+00 7.247404819820673083e-01
8.400000000000000000e+01 3.740000000000000000e+02 4.647798742027480223e+00 7.483874755397562639e-01
8.800000000000000000e+01 3.880000000000000000e+02 4.679568076476513738e+00 8.077000899149834323e-01
8.700000000000000000e+01 3.790000000000000000e+02 4.743780877367415272e+00 8.090457494245220094e-01
9.000000000000000000e+01 3.750000000000000000e+02 5.318524044024632857e+00 8.569793253861026638e-01
9.000000000000000000e+01 3.730000000000000000e+02 5.944707745712553226e+00 9.118461462975984144e-01
8.900000000000000000e+01 3.760000000000000000e+02 5.469609065531595427e+00 9.746976157666141782e-01
8.700000000000000000e+01 3.750000000000000000e+02 4.711392093111742341e+00 9.497564996532162906e-01
8.700000000000000000e+01 3.750000000000000000e+02 4.990332479151740941e+00 9.185524219809493296e-01
8.800000000000000000e+01 3.840000000000000000e+02 4.741744902659666749e+00 9.940114981596691601e-01
8.400000000000000000e+01 3.820000000000000000e+02 4.486392233103457805e+00 1.098157459304502037e+00
8.100000000000000000e+01 3.720000000000000000e+02 4.311302372661551807e+00 1.086850666460257520e+00
8.100000000000000000e+01 3.620000000000000000e+02 4.469109100070803642e+00 1.123295832986633380e+00
8.000000000000000000e+01 3.490000000000000000e+02 4.656999662242159665e+00 1.153962318660869402e+00
8.000000000000000000e+01 3.470000000000000000e+02 4.828952682120266182e+00 1.245567816816125273e+00
7.500000000000000000e+01 3.370000000000000000e+02 4.071174540026269995e+00 1.264443055095397561e+00
7.800000000000000000e+01 3.380000000000000000e+02 3.987897277542192587e+00 1.328144263984657680e+00
7.600000000000000000e+01 3.010000000000000000e+02 3.511078593325761776e+00 1.112621112222291098e+00
7.200000000000000000e+01 2.750000000000000000e+02 3.056979225350285212e+00 9.471457246934399388e-01
7.000000000000000000e+01 2.590000000000000000e+02 3.061312352732215913e+00 8.735722682190899535e-01
6.800000000000000000e+01 2.510000000000000000e+02 3.048239912038258392e+00 8.596597539838586322e-01
6.600000000000000000e+01 2.280000000000000000e+02 3.085914570285111846e+00 6.940051762037742211e-01
7.000000000000000000e+01 2.260000000000000000e+02 2.807564480965622167e+00 6.551469005833088222e-01
6.700000000000000000e+01 2.160000000000000000e+02 2.562043928209455590e+00 5.765547141877616077e-01
7.300000000000000000e+01 2.130000000000000000e+02 2.812325926903823436e+00 5.459287794091464141e-01
7.400000000000000000e+01 2.150000000000000000e+02 3.341699894112991398e+00 5.628229107035056522e-01
7.800000000000000000e+01 2.180000000000000000e+02 3.936530126881866654e+00 5.875115937660474463e-01
7.900000000000000000e+01 2.110000000000000000e+02 3.945912107840889416e+00 5.608124899281333731e-01
7.800000000000000000e+01 2.080000000000000000e+02 4.386107379703750198e+00 5.632361424090729374e-01
8.300000000000000000e+01 2.140000000000000000e+02 4.607100409553504861e+00 5.531157301310498653e-01
8.100000000000000000e+01 2.090000000000000000e+02 4.799987908420661142e+00 5.637413873811050191e-01
8.400000000000000000e+01 2.180000000000000000e+02 5.053322815480312258e+00 5.935478672070226835e-01
8.100000000000000000e+01 2.110000000000000000e+02 4.167640849838400108e+00 5.853994912505631198e-01
7.800000000000000000e+01 2.030000000000000000e+02 4.113314089360025960e+00 5.808971156530789992e-01
8.200000000000000000e+01 2.110000000000000000e+02 4.261440728729482430e+00 5.882503425046294865e-01
7.900000000000000000e+01 2.070000000000000000e+02 4.151313936318230979e+00 6.235824889589125508e-01
7.900000000000000000e+01 2.060000000000000000e+02 4.283379621235552825e+00 6.115822523792465715e-01
7.800000000000000000e+01 2.070000000000000000e+02 3.960097753400929843e+00 5.722460003285322339e-01
7.600000000000000000e+01 2.070000000000000000e+02 3.307728508960775748e+00 5.285702386024252464e-01
7.300000000000000000e+01 2.050000000000000000e+02 2.371823775310769378e+00 4.661503252234455164e-01
7.800000000000000000e+01 2.050000000000000000e+02 2.544293637694034604e+00 4.123756223284862354e-01
8.000000000000000000e+01 2.110000000000000000e+02 2.502150288054130645e+00 3.885921326801015652e-01
7.900000000000000000e+01 2.050000000000000000e+02 2.725408364555677032e+00 3.691690473591155430e-01
7.700000000000000000e+01 2.060000000000000000e+02 2.737893740337388859e+00 3.979270735883723709e-01
8.000000000000000000e+01 2.170000000000000000e+02 3.215467065062401986e+00 3.900879204407652345e-01
8.000000000000000000e+01 2.210000000000000000e+02 3.291539869531628693e+00 3.955971212397915715e-01
7.800000000000000000e+01 2.210000000000000000e+02 2.707007246567467273e+00 3.868612006115617619e-01
7.900000000000000000e+01 2.150000000000000000e+02 2.743290007334433511e+00 3.662105046937201291e-01
8.000000000000000000e+01 2.100000000000000000e+02 3.252592353708473993e+00 3.531333856168351049e-01
8.300000000000000000e+01 2.220000000000000000e+02 3.543816660967177068e+00 3.879815595242296911e-01
8.300000000000000000e+01 2.210000000000000000e+02 4.162359932526391582e+00 4.153864644655589355e-01
8.300000000000000000e+01 2.220000000000000000e+02 4.544700272464968549e+00 4.654246223126640158e-01
8.100000000000000000e+01 2.160000000000000000e+02 4.626920527990332488e+00 4.671928231235453755e-01
8.400000000000000000e+01 2.230000000000000000e+02 4.881817113375793937e+00 4.787572713587737172e-01
8.000000000000000000e+01 2.240000000000000000e+02 4.505824046148916295e+00 5.005701419196166846e-01
8.200000000000000000e+01 2.200000000000000000e+02 4.755800735967084414e+00 5.011301651676494107e-01
8.900000000000000000e+01 2.360000000000000000e+02 4.482256279778784602e+00 5.082382204202665621e-01
9.000000000000000000e+01 2.420000000000000000e+02 4.269091311070788208e+00 5.331768521617535894e-01
8.900000000000000000e+01 2.400000000000000000e+02 4.635633477518250167e+00 5.515648197793280305e-01
8.500000000000000000e+01 2.320000000000000000e+02 4.433439545282880978e+00 5.314748854508242193e-01
8.500000000000000000e+01 2.360000000000000000e+02 4.396565798753812260e+00 5.562331333628581786e-01
8.800000000000000000e+01 2.420000000000000000e+02 3.637324337605702507e+00 5.609631403880731559e-01
8.700000000000000000e+01 2.330000000000000000e+02 4.018968055632446301e+00 5.432715963908412160e-01
8.800000000000000000e+01 2.420000000000000000e+02 4.174843416424504738e+00 5.911191360469246758e-01
8.500000000000000000e+01 2.350000000000000000e+02 4.170004768410797702e+00 5.705692937251876096e-01
8.400000000000000000e+01 2.430000000000000000e+02 4.022594838969715703e+00 6.202141529841511680e-01
9.300000000000000000e+01 2.720000000000000000e+02 4.345488553943638088e+00 6.344007595342644468e-01
