0.000000000000000000e+00 0.000000000000000000e+00 0.000000000000000000e+00 0.000000000000000000e+00
4.000000000000000000e+00 3.000000000000000000e+00 8.729169087016607409e-04 1.483979287006062541e-04
6.000000000000000000e+00 4.000000000000000000e+00 1.606866412643516125e-03 2.299655605300397266e-04
7.000000000000000000e+00 5.000000000000000000e+00 2.371053009425101027e-03 3.290839965122488377e-04
2.700000000000000000e+01 3.800000000000000000e+01 7.538066411502951890e-03 2.032377783758727331e-03
3.100000000000000000e+01 4.400000000000000000e+01 1.096678550832847453e-02 2.768249655738411457e-03
3.700000000000000000e+01 6.800000000000000000e+01 1.597904827899000041e-02 4.552215266858157180e-03
5.100000000000000000e+01 1.100000000000000000e+02 2.440595037009640755e-02 7.610038068015481660e-03
5.300000000000000000e+01 1.200000000000000000e+02 3.301625445688339405e-02 9.742037249618622913e-03
5.300000000000000000e+01 1.200000000000000000e+02 4.400216475688193546e-02 1.183279211763014691e-02
5.300000000000000000e+01 1.290000000000000000e+02 5.852985414801768760e-02 1.480929994693919866e-02
5.300000000000000000e+01 1.300000000000000000e+02 7.768175155031553647e-02 1.801705036366541696e-02
5.600000000000000000e+01 1.440000000000000000e+02 1.034955756128610599e-01 2.253740776133136489e-02
6.400000000000000000e+01 1.980000000000000000e+02 1.383831401687044826e-01 2.997990650890108508e-02
6.500000000000000000e+01 2.010000000000000000e+02 1.823709125898207717e-01 3.646124675765091000e-02
6.600000000000000000e+01 2.170000000000000000e+02 2.394177484866484851e-01 4.491901358853469389e-02
6.600000000000000000e+01 2.210000000000000000e+02 3.127693922556548656e-01 5.451797661942535400e-02
6.700000000000000000e+01 2.230000000000000000e+02 4.069825977493197189e-01 6.596415023660404109e-02
7.200000000000000000e+01 2.350000000000000000e+02 5.277599093113142237e-01 8.020354118933309406e-02
7.700000000000000000e+01 2.440000000000000000e+02 6.803652121814743881e-01 9.713462934540348370e-02
8.200000000000000000e+01 2.990000000000000000e+02 8.715850241561843292e-01 1.196802461556181058e-01
8.800000000000000000e+01 3.400000000000000000e+02 1.109241708586039321e+00 1.459773749277462895e-01
8.900000000000000000e+01 3.480000000000000000e+02 1.400388884774913079e+00 1.757526572110739149e-01
9.000000000000000000e+01 3.660000000000000000e+02 1.754518277090976630e+00 2.116966043001670128e-01
9.400000000000000000e+01 3.920000000000000000e+02 2.181075087614725128e+00 2.548005450749791789e-01
9.400000000000000000e+01 3.930000000000000000e+02 2.687232619691192426e+00 3.046658621576958104e-01
9.500000000000000000e+01 3.940000000000000000e+02 3.281525575379975024e+00 3.635876480378511522e-01
9.600000000000000000e+01 4.000000000000000000e+02 3.970128243607011331e+00 4.332581095635423818e-01
9.700000000000000000e+01 4.170000000000000000e+02 4.757514032243215674e+00 5.156484184929291947e-01
1.020000000000000000e+02 4.480000000000000000e+02 5.646721087267521533e+00 6.128403248188659669e-01
1.020000000000000000e+02 4.520000000000000000e+02 6.635631677658944128e+00 7.249859597386973942e-01
1.040000000000000000e+02 4.700000000000000000e+02 7.072034456537517499e+00 8.456320794403729968e-01
1.070000000000000000e+02 4.950000000000000000e+02 7.967094705912866281e+00 9.722489116760404393e-01
1.060000000000000000e+02 5.020000000000000000e+02 8.662254218429950470e+00 1.129811686980581209e+00
9.700000000000000000e+01 4.910000000000000000e+02 7.653217684780471153e+00 1.134186944273300801e+00
9.200000000000000000e+01 4.940000000000000000e+02 7.094506844887535024e+00 1.184187235992171905e+00
9.000000000000000000e+01 4.960000000000000000e+02 6.396354153845289936e+00 1.190081675025483898e+00
8.400000000000000000e+01 4.740000000000000000e+02 4.860061216041278165e+00 1.059115338140038443e+00
7.600000000000000000e+01 4.590000000000000000e+02 3.526321849868632619e+00 1.022262153398811435e+00
7.500000000000000000e+01 4.550000000000000000e+02 3.332955902074571597e+00 1.051540183470638379e+00
7.500000000000000000e+01 4.510000000000000000e+02 3.328004380050959998e+00 1.107822290402438181e+00
8.400000000000000000e+01 4.590000000000000000e+02 3.908506109301127296e+00 1.205078516489736407e+00
8.200000000000000000e+01 4.550000000000000000e+02 3.898285762990014280e+00 1.294477009762311948e+00
7.900000000000000000e+01 4.210000000000000000e+02 3.881574049791856051e+00 1.132932139452371922e+00
8.700000000000000000e+01 4.590000000000000000e+02 3.575960608009801867e+00 1.126863126338859766e+00
8.600000000000000000e+01 4.550000000000000000e+02 3.433578786160740304e+00 1.124387907055710345e+00
8.900000000000000000e+01 4.540000000000000000e+02 4.023793773439413357e+00 1.166156022353599164e+00
8.900000000000000000e+01 4.470000000000000000e+02 4.671366486310810195e+00 1.262857123274147675e+00
9.300000000000000000e+01 4.540000000000000000e+02 5.158730795987475304e+00 1.341645062558229240e+00
8.800000000000000000e+01 4.460000000000000000e+02 4.718780559488636506e+00 1.466786276952753543e+00
8.300000000000000000e+01 4.260000000000000000e+02 4.262343533329587153e+00 1.353779940971815421e+00
8.000000000000000000e+01 4.050000000000000000e+02 3.677793666891313151e+00 1.159738466724185013e+00
7.900000000000000000e+01 3.970000000000000000e+02 3.467305916721846515e+00 1.074901862550016629e+00
7.900000000000000000e+01 3.820000000000000000e+02 3.740855647653504423e+00 9.862913458082234186e-01
7.600000000000000000e+01 3.590000000000000000e+02 3.502536844448452591e+00 8.805253238161150353e-01
7.800000000000000000e+01 3.510000000000000000e+02 3.580973937136433083e+00 8.610473188892132645e-01
7.700000000000000000e+01 3.590000000000000000e+02 3.330000419736288464e+00 9.333807937173604907e-01
8.000000000000000000e+01 3.580000000000000000e+02 3.897233222914418427e+00 9.939464487301673534e-01
8.200000000000000000e+01 3.520000000000000000e+02 3.747116816210513068e+00 1.047679950983560149e+00
7.900000000000000000e+01 3.310000000000000000e+02 3.724455099946421210e+00 9.824784135237990546e-01
8.100000000000000000e+01 3.280000000000000000e+02 4.111488588913096542e+00 9.857955900328457810e-01
8.200000000000000000e+01 3.190000000000000000e+02 4.085642862249356355e+00 9.597112932887290615e-01
9.000000000000000000e+01 3.350000000000000000e+02 4.299532890918972505e+00 8.498396991582151117e-01
9.000000000000000000e+01 3.420000000000000000e+02 4.489430643667773779e+00 8.027600070376716968e-01
8.800000000000000000e+01 3.340000000000000000e+02 4.723653407557077522e+00 7.925849798305433236e-01
8.900000000000000000e+01 3.440000000000000000e+02 4.481154683982875753e+00 7.959942296069881795e-01
9.300000000000000000e+01 3.670000000000000000e+02 4.221632844919535721e+00 7.573923359622088958e-01
9.400000000000000000e+01 3.720000000000000000e+02 4.458907048964644737e+00 7.099061678231431971e-01
9.300000000000000000e+01 3.810000000000000000e+02 4.693242235917892025e+00 7.322400976001033346e-01
9.300000000000000000e+01 3.830000000000000000e+02 5.423559542763114472e+00 7.432684064936232460e-01
9.000000000000000000e+01 3.780000000000000000e+02 5.473699033802439828e+00 8.100015491484745533e-01
8.800000000000000000e+01 3.790000000000000000e+02 5.061926448913461662e+00 8.374460972133948022e-01
8.500000000000000000e+01 3.740000000000000000e+02 4.805597920032316672e+00 8.940313851244414689e-01
8.300000000000000000e+01 3.760000000000000000e+02 4.924375097842306204e+00 1.004798814126435680e+00
8.200000000000000000e+01 3.580000000000000000e+02 4.636876369791502306e+00 8.301750167341991338e-01
9.300000000000000000e+01 4.150000000000000000e+02 3.877317322741479444e+00 7.458790627062134027e-01
8.900000000000000000e+01 4.190000000000000000e+02 3.463780894796661514e+00 6.836541017547642651e-01
8.900000000000000000e+01 4.350000000000000000e+02 3.425352239759477335e+00 7.052126776046208079e-01
8.700000000000000000e+01 4.380000000000000000e+02 2.747860990256825175e+00 6.939151096024805954e-01
8.700000000000000000e+01 4.320000000000000000e+02 3.233869237823590481e+00 7.014036235344933701e-01
9.000000000000000000e+01 4.350000000000000000e+02 3.520325625927332780e+00 7.084887390275069752e-01
9.000000000000000000e+01 4.580000000000000000e+02 3.287216169519892262e+00 7.116086322602667158e-01
9.100000000000000000e+01 5.140000000000000000e+02 3.426816398931638030e+00 6.819008869620830637e-01
9.400000000000000000e+01 5.330000000000000000e+02 4.049838499041689133e+00 6.604258860604934611e-01
9.200000000000000000e+01 5.350000000000000000e+02 4.245167619461983399e+00 7.179985893070470748e-01
9.000000000000000000e+01 5.390000000000000000e+02 4.537697307394624957e+00 7.769861519610756773e-01
8.700000000000000000e+01 5.320000000000000000e+02 4.621041175563098236e+00 8.214789381321170314e-01
8.500000000000000000e+01 5.320000000000000000e+02 4.906196911639939096e+00 8.709862432332970972e-01
8.800000000000000000e+01 5.380000000000000000e+02 5.026212373212573858e+00 9.490271350592180966e-01
8.500000000000000000e+01 5.390000000000000000e+02 5.082480572991516787e+00 1.088330031721264968e+00
8.400000000000000000e+01 5.340000000000000000e+02 5.403068425789537166e+00 1.196298248481333149e+00
8.300000000000000000e+01 5.330000000000000000e+02 5.334837441301751859e+00 1.328242597506720690e+00
7.500000000000000000e+01 5.130000000000000000e+02 4.111682143246329524e+00 1.332598236862955199e+00
8.300000000000000000e+01 5.110000000000000000e+02 4.553881873509874723e+00 1.256223533376883861e+00
8.700000000000000000e+01 5.110000000000000000e+02 4.728405788982778191e+00 1.302739690412805684e+00
8.600000000000000000e+01 4.970000000000000000e+02 4.746428302630456564e+00 1.314044297017868734e+00
8.800000000000000000e+01 4.700000000000000000e+02 4.803269304325833211e+00 1.187346746606153136e+00
8.300000000000000000e+01 4.490000000000000000e+02 4.266787218193544895e+00 1.114537052821500396e+00
8.000000000000000000e+01 4.310000000000000000e+02 4.133994139282534341e+00 1.070074111400847405e+00
7.700000000000000000e+01 4.180000000000000000e+02 3.954573284080277862e+00 1.083525367870953104e+00
8.200000000000000000e+01 4.210000000000000000e+02 3.974090042809849344e+00 1.191335301182524731e+00
9.300000000000000000e+01 4.390000000000000000e+02 4.429240852254378247e+00 1.267933300341916869e+00
9.200000000000000000e+01 4.350000000000000000e+02 4.661195153694666082e+00 1.413359741750547238e+00
9.500000000000000000e+01 4.410000000000000000e+02 5.387158879425716584e+00 1.573922909708077800e+00
9.900000000000000000e+01 4.430000000000000000e+02 5.691297857020451545e+00 1.722837563066082600e+00
9.500000000000000000e+01 4.240000000000000000e+02 4.311444473328791105e+00 1.551134525410990062e+00
9.200000000000000000e+01 4.030000000000000000e+02 3.944803856943063902e+00 1.431952793137239777e+00
8.800000000000000000e+01 3.770000000000000000e+02 3.446270193903383738e+00 1.357782631527086004e+00
8.500000000000000000e+01 3.620000000000000000e+02 3.017793983247534673e+00 1.323677666834476518e+00
8.700000000000000000e+01 3.540000000000000000e+02 3.244047395783468346e+00 1.372035612710510444e+00
8.700000000000000000e+01 3.630000000000000000e+02 3.108390057235160153e+00 1.445004295635005542e+00
8.600000000000000000e+01 3.380000000000000000e+02 3.390261798197279131e+00 1.384624153973907701e+00
9.400000000000000000e+01 3.570000000000000000e+02 3.465776837486596484e+00 1.078929720693837080e+00
9.300000000000000000e+01 3.300000000000000000e+02 3.227988494407360687e+00 8.075386015675048990e-01
9.200000000000000000e+01 3.170000000000000000e+02 3.200775667241800182e+00 6.674737370685728255e-01
9.300000000000000000e+01 3.130000000000000000e+02 3.196652061250670585e+00 5.878086187619873115e-01
9.300000000000000000e+01 3.080000000000000000e+02 3.502028839822965089e+00 5.644291296209269504e-01
9.800000000000000000e+01 3.080000000000000000e+02 4.144074361422300790e+00 5.445556794697148373e-01
9.900000000000000000e+01 3.150000000000000000e+02 4.211963447415056017e+00 5.114242792157900341e-01
9.800000000000000000e+01 3.090000000000000000e+02 4.701812893865902510e+00 5.033617083627964783e-01
1.000000000000000000e+02 3.100000000000000000e+02 5.271164697583695435e+00 5.200852892537891625e-01
9.800000000000000000e+01 3.110000000000000000e+02 5.613732935834561566e+00 5.491500355774435738e-01
9.700000000000000000e+01 3.200000000000000000e+02 5.970718219867974241e+00 6.206280259059612225e-01
