0.000000000000000000e+00 0.000000000000000000e+00 0.000000000000000000e+00 0.000000000000000000e+00
7.000000000000000000e+00 1.000000000000000000e+01 1.527604590227906161e-03 4.946597623353541804e-04
3.100000000000000000e+01 5.600000000000000000e+01 7.285715379222163120e-03 2.877100187730975353e-03
3.400000000000000000e+01 7.200000000000000000e+01 1.042047008671321759e-02 4.290620886215888198e-03
3.400000000000000000e+01 7.300000000000000000e+01 1.395339724686172657e-02 5.265998447772798907e-03
4.000000000000000000e+01 8.100000000000000000e+01 1.996994059726594703e-02 6.795161147164438704e-03
4.100000000000000000e+01 8.600000000000000000e+01 2.689333388449271015e-02 8.501465078149224655e-03
4.400000000000000000e+01 9.000000000000000000e+01 3.652097820446430915e-02 1.051944395933817993e-02
5.200000000000000000e+01 1.080000000000000000e+02 5.036784616685563432e-02 1.365478680131423060e-02
5.200000000000000000e+01 1.100000000000000000e+02 6.693711877346712746e-02 1.666009001468966161e-02
5.300000000000000000e+01 1.110000000000000000e+02 8.896579585467145890e-02 2.024170882440887512e-02
5.600000000000000000e+01 1.240000000000000000e+02 1.182962493326053660e-01 2.515753184620567878e-02
5.600000000000000000e+01 1.290000000000000000e+02 1.559649734931141951e-01 3.069351791169828633e-02
5.900000000000000000e+01 1.470000000000000000e+02 2.055786240121423025e-01 3.800421321411628917e-02
5.900000000000000000e+01 1.480000000000000000e+02 2.690895185288428859e-01 4.596500469817170476e-02
6.800000000000000000e+01 1.590000000000000000e+02 3.526629351244977562e-01 5.601885019380590386e-02
6.900000000000000000e+01 1.650000000000000000e+02 4.577036795738828046e-01 6.783269956554198454e-02
7.000000000000000000e+01 1.700000000000000000e+02 5.908109970554477064e-01 8.192677530342974690e-02
7.100000000000000000e+01 1.710000000000000000e+02 7.580919365204458193e-01 9.856911641892103504e-02
7.100000000000000000e+01 1.740000000000000000e+02 9.661987702231851216e-01 1.185070402848684146e-01
7.400000000000000000e+01 1.820000000000000000e+02 1.223443769558828498e+00 1.424705963445708490e-01
7.600000000000000000e+01 1.860000000000000000e+02 1.537099258600873819e+00 1.707151368987945839e-01
7.600000000000000000e+01 1.890000000000000000e+02 1.914987932926892844e+00 2.040953857542125716e-01
7.800000000000000000e+01 1.900000000000000000e+02 2.365665508936364958e+00 2.433912617249805177e-01
7.900000000000000000e+01 1.920000000000000000e+02 2.895673866021940768e+00 2.896721988247010771e-01
9.000000000000000000e+01 2.060000000000000000e+02 3.513183016988298490e+00 3.445395973997649741e-01
9.100000000000000000e+01 2.090000000000000000e+02 4.218660857342227288e+00 4.081430063595721247e-01
9.800000000000000000e+01 2.260000000000000000e+02 5.017040796713909678e+00 4.828972868046740308e-01
9.800000000000000000e+01 2.260000000000000000e+02 5.905510988184424548e+00 5.688006439253421309e-01
9.900000000000000000e+01 2.300000000000000000e+02 6.882499178528221684e+00 6.682221195001185610e-01
9.900000000000000000e+01 2.310000000000000000e+02 7.942282543512585669e+00 7.824234984544573557e-01
9.700000000000000000e+01 2.370000000000000000e+02 7.993283822558725049e+00 8.716105164070875322e-01
8.300000000000000000e+01 2.140000000000000000e+02 6.023370182902737291e+00 7.471775389067754070e-01
8.000000000000000000e+01 2.040000000000000000e+02 4.945233801461615286e+00 6.268571129028260858e-01
7.800000000000000000e+01 1.910000000000000000e+02 5.154565832786848212e+00 5.548238788916702857e-01
8.200000000000000000e+01 1.890000000000000000e+02 5.089570801227975672e+00 4.951297352057086321e-01
8.200000000000000000e+01 2.140000000000000000e+02 4.422298535573829348e+00 5.204798639839548491e-01
8.400000000000000000e+01 2.320000000000000000e+02 4.154065894609257903e+00 5.338031613092198979e-01
8.200000000000000000e+01 2.440000000000000000e+02 3.344877473821240343e+00 4.946615426181419917e-01
8.100000000000000000e+01 2.530000000000000000e+02 3.080335868511858699e+00 4.938369588980269231e-01
8.100000000000000000e+01 2.510000000000000000e+02 3.103410319581595633e+00 5.190354398544735348e-01
8.000000000000000000e+01 2.410000000000000000e+02 3.392987346491258549e+00 4.862857241772454153e-01
8.000000000000000000e+01 2.490000000000000000e+02 3.384805232991201507e+00 5.005949902636087634e-01
8.000000000000000000e+01 2.440000000000000000e+02 3.494243996774928362e+00 4.399100231506610226e-01
8.500000000000000000e+01 2.500000000000000000e+02 3.762905551860450171e+00 4.295875379141648742e-01
8.600000000000000000e+01 2.460000000000000000e+02 3.433838462715190332e+00 3.828770009196939550e-01
8.600000000000000000e+01 2.420000000000000000e+02 3.525459037886800928e+00 3.473561032989166408e-01
8.400000000000000000e+01 2.370000000000000000e+02 3.560863085035322673e+00 3.341199006028657270e-01
8.200000000000000000e+01 2.420000000000000000e+02 3.327412013403041158e+00 3.689659463247202953e-01
8.000000000000000000e+01 2.400000000000000000e+02 3.351073193920142135e+00 4.091190098930435060e-01
8.300000000000000000e+01 2.510000000000000000e+02 3.287928869284133526e+00 4.192477535502778241e-01
8.500000000000000000e+01 2.460000000000000000e+02 3.655145177420035640e+00 4.169969424986854079e-01
8.600000000000000000e+01 2.420000000000000000e+02 4.280909751318202616e+00 4.274915922670828317e-01
8.500000000000000000e+01 2.390000000000000000e+02 4.753715044213106644e+00 4.627656086725485118e-01
8.400000000000000000e+01 2.460000000000000000e+02 4.745813712189861810e+00 5.445020509622425786e-01
7.900000000000000000e+01 2.390000000000000000e+02 4.388914131522218653e+00 5.372230457942741566e-01
8.300000000000000000e+01 2.390000000000000000e+02 4.590167907798023528e+00 5.474861580794591065e-01
7.700000000000000000e+01 2.310000000000000000e+02 3.395773688378641797e+00 5.446838768475659176e-01
9.300000000000000000e+01 2.600000000000000000e+02 3.460404715896857830e+00 5.649463760847145410e-01
9.200000000000000000e+01 2.580000000000000000e+02 3.805813538933965123e+00 5.865269740668704879e-01
9.200000000000000000e+01 2.660000000000000000e+02 4.219768176211881716e+00 6.453542463575886456e-01
9.000000000000000000e+01 2.640000000000000000e+02 4.398449454686695681e+00 6.913076851280777202e-01
9.100000000000000000e+01 2.590000000000000000e+02 5.123471002537862695e+00 7.434023641173960195e-01
8.900000000000000000e+01 2.510000000000000000e+02 5.436453357555040000e+00 7.712964031398200637e-01
8.900000000000000000e+01 2.590000000000000000e+02 6.008055886495616171e+00 8.508926352784748071e-01
8.400000000000000000e+01 2.540000000000000000e+02 5.640554772228446367e+00 9.271323298844369454e-01
8.600000000000000000e+01 2.540000000000000000e+02 4.786696395945491567e+00 9.093929453925000406e-01
7.900000000000000000e+01 2.430000000000000000e+02 3.571207604653467538e+00 8.542226609101211121e-01
8.800000000000000000e+01 2.420000000000000000e+02 3.691048837137380190e+00 6.990478765293871577e-01
8.600000000000000000e+01 2.220000000000000000e+02 3.796637114438694116e+00 5.645256835287070230e-01
8.400000000000000000e+01 2.110000000000000000e+02 3.912191560166755178e+00 5.070142654656815129e-01
8.500000000000000000e+01 2.280000000000000000e+02 4.255199082564833368e+00 4.982561964788552178e-01
8.400000000000000000e+01 2.210000000000000000e+02 4.371288266728603489e+00 4.718626383523075729e-01
8.100000000000000000e+01 2.320000000000000000e+02 3.740609342046444130e+00 4.943962190983687832e-01
7.900000000000000000e+01 2.200000000000000000e+02 3.903652231730380340e+00 4.202615382242401720e-01
7.900000000000000000e+01 2.240000000000000000e+02 3.384407561130457154e+00 3.924836161191865846e-01
7.700000000000000000e+01 2.170000000000000000e+02 3.483790624493795285e+00 3.667252582365133073e-01
7.500000000000000000e+01 2.160000000000000000e+02 3.509940706977832114e+00 3.881833996062726833e-01
7.800000000000000000e+01 2.170000000000000000e+02 3.796335587664787070e+00 3.858125237850489886e-01
7.700000000000000000e+01 2.270000000000000000e+02 4.190566963962283786e+00 4.234894363051744381e-01
7.400000000000000000e+01 2.210000000000000000e+02 3.912965003764290906e+00 3.990732040441355433e-01
7.500000000000000000e+01 2.200000000000000000e+02 3.873721936627872786e+00 4.064576965712675682e-01
7.300000000000000000e+01 2.180000000000000000e+02 4.072311730575657762e+00 4.363754914333948243e-01
8.100000000000000000e+01 2.320000000000000000e+02 4.467050508896240224e+00 4.858151227600311373e-01
8.900000000000000000e+01 2.600000000000000000e+02 5.188272396574559409e+00 5.015491681180933581e-01
8.800000000000000000e+01 2.620000000000000000e+02 5.427791390504618008e+00 5.664643188394483664e-01
8.700000000000000000e+01 2.770000000000000000e+02 5.142977043089485889e+00 6.280585927986799266e-01
8.500000000000000000e+01 2.790000000000000000e+02 5.386753867045992017e+00 6.878813605470521786e-01
7.900000000000000000e+01 2.730000000000000000e+02 4.120708908171661022e+00 5.899562542166798540e-01
7.800000000000000000e+01 2.880000000000000000e+02 3.049826927221887640e+00 5.688326554870913876e-01
7.800000000000000000e+01 2.790000000000000000e+02 3.286430953169471092e+00 5.025740183972599029e-01
7.500000000000000000e+01 2.830000000000000000e+02 3.009045463030177281e+00 5.125413660281753492e-01
7.400000000000000000e+01 2.790000000000000000e+02 3.221640454530154685e+00 5.429753493802604858e-01
7.400000000000000000e+01 2.900000000000000000e+02 3.532843052270267847e+00 6.007943537650005661e-01
7.800000000000000000e+01 3.050000000000000000e+02 3.898848296422363635e+00 6.195118180922301043e-01
7.800000000000000000e+01 3.000000000000000000e+02 4.510840968094363745e+00 6.602927146893565746e-01
7.600000000000000000e+01 2.990000000000000000e+02 4.088346252021420213e+00 6.606082362354771531e-01
7.700000000000000000e+01 3.160000000000000000e+02 4.229959798720199338e+00 6.652981101868565839e-01
6.900000000000000000e+01 3.010000000000000000e+02 3.047716753678400892e+00 6.020505084179679223e-01
6.800000000000000000e+01 3.030000000000000000e+02 2.750962674690846654e+00 5.901852789199248939e-01
7.000000000000000000e+01 3.090000000000000000e+02 2.893049560423476052e+00 6.216884854046209608e-01
7.100000000000000000e+01 2.990000000000000000e+02 3.151278309750915607e+00 5.619840138303724419e-01
7.000000000000000000e+01 2.990000000000000000e+02 2.896765309915744435e+00 5.860824792507277614e-01
6.900000000000000000e+01 3.010000000000000000e+02 2.635301424477689558e+00 5.596349556958685190e-01
7.000000000000000000e+01 2.970000000000000000e+02 3.126047140048075157e+00 5.639920948592734851e-01
7.200000000000000000e+01 2.910000000000000000e+02 3.245101365713913832e+00 5.409739831961942746e-01
7.300000000000000000e+01 2.920000000000000000e+02 3.577011322680629490e+00 5.660077849957090290e-01
8.100000000000000000e+01 3.100000000000000000e+02 4.191373690987616918e+00 6.104963433779015958e-01
7.700000000000000000e+01 3.170000000000000000e+02 3.868721309408576836e+00 6.762551302670436471e-01
7.800000000000000000e+01 3.190000000000000000e+02 4.044445519440874826e+00 7.011782801122635744e-01
7.800000000000000000e+01 3.120000000000000000e+02 4.716371602256795192e+00 7.359259677009868383e-01
7.700000000000000000e+01 3.060000000000000000e+02 5.231382717345189448e+00 7.900210828500194848e-01
7.600000000000000000e+01 3.070000000000000000e+02 5.257524532531737904e+00 9.099840171421258450e-01
7.000000000000000000e+01 2.990000000000000000e+02 4.706828701759846467e+00 9.582175389177844949e-01
8.000000000000000000e+01 2.970000000000000000e+02 4.201494334656555196e+00 8.698065850426917045e-01
7.700000000000000000e+01 2.880000000000000000e+02 3.821604526921824618e+00 8.557945847132855111e-01
7.600000000000000000e+01 2.770000000000000000e+02 3.680171634693038651e+00 8.052187607558434213e-01
7.300000000000000000e+01 2.680000000000000000e+02 3.383529695113402624e+00 8.164618008059828513e-01
7.700000000000000000e+01 2.620000000000000000e+02 3.197840180990200398e+00 8.034871363681564960e-01
7.100000000000000000e+01 2.460000000000000000e+02 2.359149995298928104e+00 7.354055582186862505e-01
7.400000000000000000e+01 2.470000000000000000e+02 1.976265778569208820e+00 7.218683832893679764e-01
7.600000000000000000e+01 2.400000000000000000e+02 2.354985512682742144e+00 6.866251421783808873e-01
7.600000000000000000e+01 2.350000000000000000e+02 2.782265248917551226e+00 7.163061777837219646e-01
7.900000000000000000e+01 2.260000000000000000e+02 3.260647773804258076e+00 7.151749296117576593e-01
8.200000000000000000e+01 2.160000000000000000e+02 3.357150583595985616e+00 6.506758952869814427e-01
8.000000000000000000e+01 2.120000000000000000e+02 3.154375089902125673e+00 6.815329961119054314e-01
7.800000000000000000e+01 2.070000000000000000e+02 2.982933340370393704e+00 6.957539157567446120e-01
7.600000000000000000e+01 1.900000000000000000e+02 3.038510805596402964e+00 6.058485153613409890e-01
7.600000000000000000e+01 1.850000000000000000e+02 3.561845687268359928e+00 5.765700252316680041e-01
7.400000000000000000e+01 1.760000000000000000e+02 3.664036814740974535e+00 5.584763729428786627e-01
8.400000000000000000e+01 1.860000000000000000e+02 3.305261045134632258e+00 5.461568979039919114e-01
8.800000000000000000e+01 1.870000000000000000e+02 3.655751598493303334e+00 5.350150903967236804e-01
8.700000000000000000e+01 1.850000000000000000e+02 3.804561101100236264e+00 5.332797901171120181e-01
8.400000000000000000e+01 1.800000000000000000e+02 3.752727581376102517e+00 5.139726980011247726e-01
9.100000000000000000e+01 1.950000000000000000e+02 3.850078834907914693e+00 5.285264248438324985e-01
9.400000000000000000e+01 2.140000000000000000e+02 3.837064083530997038e+00 5.495267004082451390e-01
9.400000000000000000e+01 2.070000000000000000e+02 4.470462578987301150e+00 5.426059497250581565e-01
8.600000000000000000e+01 1.960000000000000000e+02 3.364885541756476250e+00 5.074875909397912332e-01
1.010000000000000000e+02 2.190000000000000000e+02 3.689519000075807575e+00 4.292772615421545090e-01
9.700000000000000000e+01 2.090000000000000000e+02 3.403830008172608501e+00 3.769431359306042451e-01
1.010000000000000000e+02 2.340000000000000000e+02 4.008516699596871291e+00 3.462607825187568045e-01
1.010000000000000000e+02 2.410000000000000000e+02 4.375547999087010531e+00 3.762011580915080033e-01
1.000000000000000000e+02 2.410000000000000000e+02 4.875113104675986797e+00 3.936281061200420650e-01
1.030000000000000000e+02 2.440000000000000000e+02 5.395887665446321257e+00 4.427549981064015094e-01
9.700000000000000000e+01 2.310000000000000000e+02 4.893854325224380020e+00 3.771613806309114802e-01
9.300000000000000000e+01 2.330000000000000000e+02 4.206561572804881521e+00 3.687606724899337163e-01
9.600000000000000000e+01 2.540000000000000000e+02 3.857830165517133647e+00 3.614711822327816848e-01
9.800000000000000000e+01 2.680000000000000000e+02 4.242420964541197215e+00 3.665503994148774369e-01
9.500000000000000000e+01 2.760000000000000000e+02 4.167324543376587975e+00 3.603599611518883417e-01
9.200000000000000000e+01 2.870000000000000000e+02 4.109730186300017962e+00 3.909877595618435620e-01
8.900000000000000000e+01 2.850000000000000000e+02 3.638993690199745057e+00 3.763232898096612322e-01
9.600000000000000000e+01 3.010000000000000000e+02 4.015394624968513071e+00 3.477544427124080739e-01
9.500000000000000000e+01 3.040000000000000000e+02 3.895598574272352899e+00 3.826492773274894343e-01
9.400000000000000000e+01 3.190000000000000000e+02 4.132793665311305098e+00 4.102906177780673569e-01
9.200000000000000000e+01 3.160000000000000000e+02 3.665067874457106800e+00 4.509056155714615821e-01
9.000000000000000000e+01 3.130000000000000000e+02 3.882259951773080697e+00 4.893843182140487080e-01
9.200000000000000000e+01 3.170000000000000000e+02 4.311389795870137043e+00 5.303254922755676892e-01
9.400000000000000000e+01 3.170000000000000000e+02 5.086947709028222242e+00 5.866125281558797200e-01
9.500000000000000000e+01 3.140000000000000000e+02 5.947797061962558196e+00 6.432704081428221032e-01
9.500000000000000000e+01 3.200000000000000000e+02 6.609613985314892304e+00 7.446715171954829682e-01
9.100000000000000000e+01 3.170000000000000000e+02 6.529274668754084132e+00 7.445589507200778279e-01
9.000000000000000000e+01 3.280000000000000000e+02 5.652651130154400683e+00 7.839116718984190380e-01
8.600000000000000000e+01 3.240000000000000000e+02 5.514954663689866976e+00 8.354704120983561522e-01
9.100000000000000000e+01 3.490000000000000000e+02 6.078434701727822187e+00 9.029615395871658512e-01
8.600000000000000000e+01 3.350000000000000000e+02 5.840413856600005005e+00 8.942981236522947741e-01
8.300000000000000000e+01 3.200000000000000000e+02 5.014322775235863894e+00 8.555282822944072496e-01
8.000000000000000000e+01 3.220000000000000000e+02 5.001897141653287804e+00 8.718623101733120606e-01
8.100000000000000000e+01 3.220000000000000000e+02 5.460395991801600957e+00 9.476836248287563436e-01
7.900000000000000000e+01 3.190000000000000000e+02 4.435035786853988249e+00 8.626470925586676719e-01
8.200000000000000000e+01 3.340000000000000000e+02 4.368936111134225975e+00 8.489059140358155009e-01
8.200000000000000000e+01 3.480000000000000000e+02 3.525907824735538654e+00 7.765634432139838506e-01
8.000000000000000000e+01 3.320000000000000000e+02 3.580731319014313740e+00 7.091321790295143090e-01
7.800000000000000000e+01 3.300000000000000000e+02 3.318019347050045642e+00 7.377634035876731167e-01
