0.000000000000000000e+00 0.000000000000000000e+00 0.000000000000000000e+00 0.000000000000000000e+00
4.000000000000000000e+00 4.000000000000000000e+00 8.729169087016607409e-04 1.978639049341416722e-04
8.000000000000000000e+00 1.200000000000000000e+01 2.043324866994346550e-03 6.363939222636225308e-04
2.400000000000000000e+01 3.200000000000000000e+01 6.229695396202670869e-03 1.763253739034559243e-03
3.300000000000000000e+01 6.200000000000000000e+01 1.031038465772263907e-02 3.628091884875668787e-03
3.300000000000000000e+01 6.400000000000000000e+01 1.380235596439435830e-02 4.509978336118738301e-03
4.300000000000000000e+01 8.800000000000000000e+01 2.063530961860287130e-02 6.667958144206857264e-03
4.400000000000000000e+01 1.000000000000000000e+02 2.777812640090294993e-02 8.694696122539629507e-03
4.800000000000000000e+01 1.150000000000000000e+02 3.791323770417257683e-02 1.130093716781102597e-02
4.800000000000000000e+01 1.190000000000000000e+02 5.046864719912452779e-02 1.391580382370567401e-02
5.200000000000000000e+01 1.240000000000000000e+02 6.791257276152865008e-02 1.712945920151286161e-02
5.400000000000000000e+01 1.370000000000000000e+02 9.044337987244570332e-02 2.141067432292583644e-02
5.400000000000000000e+01 1.420000000000000000e+02 1.195495784207073892e-01 2.618926610841261840e-02
5.400000000000000000e+01 1.430000000000000000e+02 1.575362323242028018e-01 3.175726298663866798e-02
5.600000000000000000e+01 1.470000000000000000e+02 2.073074998800381596e-01 3.861368932913217256e-02
6.300000000000000000e+01 1.570000000000000000e+02 2.727051138080887616e-01 4.716150550052011087e-02
6.400000000000000000e+01 1.610000000000000000e+02 3.554387487705550353e-01 5.714053944720045436e-02
6.500000000000000000e+01 1.650000000000000000e+02 4.609680082804508139e-01 6.911369574023673579e-02
6.700000000000000000e+01 1.720000000000000000e+02 5.947790456286019545e-01 8.360316646021795361e-02
6.800000000000000000e+01 1.760000000000000000e+02 7.625700065343813394e-01 1.007804574969568823e-01
7.000000000000000000e+01 1.770000000000000000e+02 9.715319321480654358e-01 1.211270293382318564e-01
7.600000000000000000e+01 2.040000000000000000e+02 1.229827001951419252e+00 1.466324150967225071e-01
7.800000000000000000e+01 2.050000000000000000e+02 1.543876914624997765e+00 1.756707560721679773e-01
8.000000000000000000e+01 2.110000000000000000e+02 1.922340296334576371e+00 2.103198013463958016e-01
8.000000000000000000e+01 2.140000000000000000e+02 2.372514363130540094e+00 2.511155984845083733e-01
8.000000000000000000e+01 2.140000000000000000e+02 2.901680593793408036e+00 2.990276642242492566e-01
8.500000000000000000e+01 2.230000000000000000e+02 3.516632625051391514e+00 3.557321293285383157e-01
8.500000000000000000e+01 2.320000000000000000e+02 4.219516812452204668e+00 4.221101725787418379e-01
8.800000000000000000e+01 2.380000000000000000e+02 5.013621319244214725e+00 4.993855580589636745e-01
8.800000000000000000e+01 2.380000000000000000e+02 5.897228968083980227e+00 5.888725205947347163e-01
9.700000000000000000e+01 2.590000000000000000e+02 6.869610645272191007e+00 6.934459993685995194e-01
9.900000000000000000e+01 2.610000000000000000e+02 7.488764313506048431e+00 7.921446974085027959e-01
9.700000000000000000e+01 2.630000000000000000e+02 7.680380357034896299e+00 8.828110847651932103e-01
8.900000000000000000e+01 2.500000000000000000e+02 6.740447068632353655e+00 8.881544824239868685e-01
8.100000000000000000e+01 2.290000000000000000e+02 5.611367756505863724e+00 7.864237595703091888e-01
7.700000000000000000e+01 2.240000000000000000e+02 4.827958227155128235e+00 7.928242491596179109e-01
7.100000000000000000e+01 2.100000000000000000e+02 3.615391960099384683e+00 7.203641185049355355e-01
6.900000000000000000e+01 1.950000000000000000e+02 3.445170103929142691e+00 6.361694838040586886e-01
7.100000000000000000e+01 1.930000000000000000e+02 2.844333477784341202e+00 5.594768458435368519e-01
7.100000000000000000e+01 1.820000000000000000e+02 3.045688279277161570e+00 5.039706004018109642e-01
7.100000000000000000e+01 1.780000000000000000e+02 3.316774808010587439e+00 4.642824208313933720e-01
6.800000000000000000e+01 1.700000000000000000e+02 2.594473766142751270e+00 4.494099409342241502e-01
6.700000000000000000e+01 1.620000000000000000e+02 2.786716614117309643e+00 4.227977419516421032e-01
7.000000000000000000e+01 1.610000000000000000e+02 3.269334049268755482e+00 4.238944889845171482e-01
7.600000000000000000e+01 1.630000000000000000e+02 3.803595000799582682e+00 4.310148639144169014e-01
7.100000000000000000e+01 1.570000000000000000e+02 3.257921690952455318e+00 4.338704236796777636e-01
6.900000000000000000e+01 1.510000000000000000e+02 3.301637079983863465e+00 4.323825432405093983e-01
7.400000000000000000e+01 1.580000000000000000e+02 3.569537317946767541e+00 4.333792845714349307e-01
8.100000000000000000e+01 1.580000000000000000e+02 3.672517363704272952e+00 4.358185826621165382e-01
7.800000000000000000e+01 1.550000000000000000e+02 3.476994512356354594e+00 4.734990367310507597e-01
8.200000000000000000e+01 1.590000000000000000e+02 3.509063482565565106e+00 5.169319742432036957e-01
7.900000000000000000e+01 1.450000000000000000e+02 3.203640572940523956e+00 4.363942181155522904e-01
8.300000000000000000e+01 1.460000000000000000e+02 3.514343859474899912e+00 3.867310736498344448e-01
8.000000000000000000e+01 1.570000000000000000e+02 3.094735498158399878e+00 3.902186307704935686e-01
7.900000000000000000e+01 1.520000000000000000e+02 3.358952774578937372e+00 3.896938436201849987e-01
7.900000000000000000e+01 1.500000000000000000e+02 3.918719314810946930e+00 4.115903871204741327e-01
7.900000000000000000e+01 1.520000000000000000e+02 3.777831019662067469e+00 4.146545575333431266e-01
7.700000000000000000e+01 1.450000000000000000e+02 3.907101697805620333e+00 4.011206355881062890e-01
7.800000000000000000e+01 1.440000000000000000e+02 4.092346484159868680e+00 3.846386879851045881e-01
8.700000000000000000e+01 1.500000000000000000e+02 4.722411523113331455e+00 3.950366742393676134e-01
8.400000000000000000e+01 1.390000000000000000e+02 4.404835180644429471e+00 3.236153072446747991e-01
8.000000000000000000e+01 1.310000000000000000e+02 3.899379446909371882e+00 2.776375925943465051e-01
8.100000000000000000e+01 1.330000000000000000e+02 3.529904506833267952e+00 2.473556874496955771e-01
8.600000000000000000e+01 1.410000000000000000e+02 3.342826157019246125e+00 2.483190071341669358e-01
8.800000000000000000e+01 1.480000000000000000e+02 3.579219898830045210e+00 2.512476675370769463e-01
8.500000000000000000e+01 1.460000000000000000e+02 3.375467310473220017e+00 2.735233092640736996e-01
8.700000000000000000e+01 1.450000000000000000e+02 3.491161215936101847e+00 2.796782120580821873e-01
8.800000000000000000e+01 1.410000000000000000e+02 4.078876222674169050e+00 2.788814499608322506e-01
8.400000000000000000e+01 1.340000000000000000e+02 3.837962903725428809e+00 2.477400062281032711e-01
8.900000000000000000e+01 1.430000000000000000e+02 3.700437301143986168e+00 2.551131911620924675e-01
8.800000000000000000e+01 1.430000000000000000e+02 3.798420807146908995e+00 2.543419648139976230e-01
9.100000000000000000e+01 1.540000000000000000e+02 3.963260222235525099e+00 2.715723864661539477e-01
9.900000000000000000e+01 1.600000000000000000e+02 4.629316597559234303e+00 2.876979902770870345e-01
9.700000000000000000e+01 1.590000000000000000e+02 4.643202069281572975e+00 3.172819729375385145e-01
9.500000000000000000e+01 1.530000000000000000e+02 4.633522227063686216e+00 3.093979832500225458e-01
9.500000000000000000e+01 1.600000000000000000e+02 4.882382176454821199e+00 3.378399435853125521e-01
9.500000000000000000e+01 1.640000000000000000e+02 5.365958077695909267e+00 3.807515021721096238e-01
9.100000000000000000e+01 1.570000000000000000e+02 5.215422072148363064e+00 3.723243833301767003e-01
8.300000000000000000e+01 1.530000000000000000e+02 4.124280532040315528e+00 3.786387597761748380e-01
8.200000000000000000e+01 1.520000000000000000e+02 4.258670732981387097e+00 3.912729803051625543e-01
7.900000000000000000e+01 1.480000000000000000e+02 3.713117272409199643e+00 4.017286506091826692e-01
7.800000000000000000e+01 1.530000000000000000e+02 3.334804837657659782e+00 4.395863966268019341e-01
7.700000000000000000e+01 1.450000000000000000e+02 3.692480248513847485e+00 3.954386077639681640e-01
7.200000000000000000e+01 1.400000000000000000e+02 3.092562999337926666e+00 3.657543808635129179e-01
7.200000000000000000e+01 1.330000000000000000e+02 3.668209477835185695e+00 3.330371912350250652e-01
7.300000000000000000e+01 1.300000000000000000e+02 4.314640610257475473e+00 3.357304248198429431e-01
7.300000000000000000e+01 1.300000000000000000e+02 4.295263226447159077e+00 3.458661601917062400e-01
7.300000000000000000e+01 1.260000000000000000e+02 5.019467860139353199e+00 3.504300694625697155e-01
7.400000000000000000e+01 1.300000000000000000e+02 5.119675685614141436e+00 3.755391476234336001e-01
7.000000000000000000e+01 1.250000000000000000e+02 4.831690744343445587e+00 3.464449049317945839e-01
7.200000000000000000e+01 1.280000000000000000e+02 4.843353464771650962e+00 3.465044084850748551e-01
7.000000000000000000e+01 1.300000000000000000e+02 4.829069110393018782e+00 3.894216698324908799e-01
6.900000000000000000e+01 1.280000000000000000e+02 5.138336272209890865e+00 3.704438798841585001e-01
7.500000000000000000e+01 1.290000000000000000e+02 4.768202361802060807e+00 3.292182908063958635e-01
7.400000000000000000e+01 1.270000000000000000e+02 3.774440351926822146e+00 3.186418244488131712e-01
7.700000000000000000e+01 1.290000000000000000e+02 3.874467384113593926e+00 3.066073190756710143e-01
7.900000000000000000e+01 1.310000000000000000e+02 4.048334706283869266e+00 3.006662185857406078e-01
8.000000000000000000e+01 1.420000000000000000e+02 3.899965332567919774e+00 3.367819337491063103e-01
8.600000000000000000e+01 1.480000000000000000e+02 4.492281383054002930e+00 3.621783754027295688e-01
8.200000000000000000e+01 1.410000000000000000e+02 4.191170746275712844e+00 3.493089479281594190e-01
8.300000000000000000e+01 1.490000000000000000e+02 4.294896597770867075e+00 3.403313883825855313e-01
7.700000000000000000e+01 1.460000000000000000e+02 3.475034138319056165e+00 3.183705848037732267e-01
7.600000000000000000e+01 1.500000000000000000e+02 2.076556018502558221e+00 3.035697311255124431e-01
7.400000000000000000e+01 1.440000000000000000e+02 1.920143461043039679e+00 2.730612993121424581e-01
7.200000000000000000e+01 1.410000000000000000e+02 1.751251632702152117e+00 2.728896304125158490e-01
7.300000000000000000e+01 1.400000000000000000e+02 1.617365426672335849e+00 2.427718261947229561e-01
7.300000000000000000e+01 1.330000000000000000e+02 1.909300736612222549e+00 1.980870124996830794e-01
7.900000000000000000e+01 1.410000000000000000e+02 1.700335126121975682e+00 2.192340543563121857e-01
8.100000000000000000e+01 1.410000000000000000e+02 2.035890774821474292e+00 2.276746413291501903e-01
8.000000000000000000e+01 1.410000000000000000e+02 2.204050316520129726e+00 2.411193947990565856e-01
8.000000000000000000e+01 1.430000000000000000e+02 2.621222254979338917e+00 2.468992916872063959e-01
7.700000000000000000e+01 1.390000000000000000e+02 2.424128535414506569e+00 2.446415222238066955e-01
7.500000000000000000e+01 1.370000000000000000e+02 2.396395531961623693e+00 2.650168998248900176e-01
7.600000000000000000e+01 1.370000000000000000e+02 2.894579585469557514e+00 2.627692854173437897e-01
8.400000000000000000e+01 1.480000000000000000e+02 3.468773519366004532e+00 2.818187020410264365e-01
8.800000000000000000e+01 1.720000000000000000e+02 3.904291827788485492e+00 3.169325769970164353e-01
9.100000000000000000e+01 1.840000000000000000e+02 4.182048214856177282e+00 3.363459450475971280e-01
9.100000000000000000e+01 1.920000000000000000e+02 4.931009474516319102e+00 3.696833328827073828e-01
8.800000000000000000e+01 1.930000000000000000e+02 5.067513926840982563e+00 3.920021814048664788e-01
8.900000000000000000e+01 1.890000000000000000e+02 5.697965496449688416e+00 4.089466959979207172e-01
8.600000000000000000e+01 1.830000000000000000e+02 5.906561478221219907e+00 4.111228085631631335e-01
9.400000000000000000e+01 2.040000000000000000e+02 5.843281748729890701e+00 4.479930147796711837e-01
9.300000000000000000e+01 2.020000000000000000e+02 6.522693902501036867e+00 4.612239072908240201e-01
8.600000000000000000e+01 1.990000000000000000e+02 5.727227671479110604e+00 4.658551094481213073e-01
8.200000000000000000e+01 2.020000000000000000e+02 4.682006525091961358e+00 4.943067904060078899e-01
8.200000000000000000e+01 2.030000000000000000e+02 4.447831900163714103e+00 4.810640587263785850e-01
8.000000000000000000e+01 1.980000000000000000e+02 4.221094522265058657e+00 4.702793060247807966e-01
8.000000000000000000e+01 2.010000000000000000e+02 4.149810139344969784e+00 4.298503210330043567e-01
7.700000000000000000e+01 1.910000000000000000e+02 4.058691175631380155e+00 3.686387447492167624e-01
7.900000000000000000e+01 1.960000000000000000e+02 3.861072522914173355e+00 3.795300048420076067e-01
7.600000000000000000e+01 1.960000000000000000e+02 3.426978600287859056e+00 3.545776483606426499e-01
8.200000000000000000e+01 2.030000000000000000e+02 3.669819932595238310e+00 3.280297826989265753e-01
7.900000000000000000e+01 2.000000000000000000e+02 3.004881179539240943e+00 3.061289721813246212e-01
7.800000000000000000e+01 1.990000000000000000e+02 3.016340699059171904e+00 3.056378107549501122e-01
7.700000000000000000e+01 1.980000000000000000e+02 3.250156455255531984e+00 3.275812081726139358e-01
7.500000000000000000e+01 1.980000000000000000e+02 3.058181028129050905e+00 3.486214694343731102e-01
7.500000000000000000e+01 1.950000000000000000e+02 3.570110046438395024e+00 3.678854588137485671e-01
7.200000000000000000e+01 1.920000000000000000e+02 3.007765339941611771e+00 3.804500354336858292e-01
7.300000000000000000e+01 2.020000000000000000e+02 2.846686495986072707e+00 3.962727737892131619e-01
7.500000000000000000e+01 2.050000000000000000e+02 2.827227358675756808e+00 4.442130475497628184e-01
7.700000000000000000e+01 2.020000000000000000e+02 3.347122205691698937e+00 4.611011486193324904e-01
7.700000000000000000e+01 2.040000000000000000e+02 3.626023599029447819e+00 5.301510702482160609e-01
8.900000000000000000e+01 2.370000000000000000e+02 4.254909165206337995e+00 6.076368998078801598e-01
9.000000000000000000e+01 2.340000000000000000e+02 4.946704847068869704e+00 6.742285162694584555e-01
8.700000000000000000e+01 2.280000000000000000e+02 4.595032751142411165e+00 7.121785374374213218e-01
8.500000000000000000e+01 2.220000000000000000e+02 3.954563833542493523e+00 6.646727382131059070e-01
8.100000000000000000e+01 2.070000000000000000e+02 3.629575034463886407e+00 5.795565151524316727e-01
7.800000000000000000e+01 1.960000000000000000e+02 3.515185365980237453e+00 5.254085246670334719e-01
7.700000000000000000e+01 1.890000000000000000e+02 3.829713830602848201e+00 4.940761089742090606e-01
7.800000000000000000e+01 1.860000000000000000e+02 4.250480128266631574e+00 5.013532979243824350e-01
7.900000000000000000e+01 1.830000000000000000e+02 4.925976062572246406e+00 5.354452288680150440e-01
7.200000000000000000e+01 1.710000000000000000e+02 3.879382281979987468e+00 4.889326766661000745e-01
7.200000000000000000e+01 1.650000000000000000e+02 4.012011886916430292e+00 4.579276575644527503e-01
7.000000000000000000e+01 1.620000000000000000e+02 3.892971926995714593e+00 4.711043784710393090e-01
6.900000000000000000e+01 1.540000000000000000e+02 4.283926017116994167e+00 4.506579311223651296e-01
7.000000000000000000e+01 1.600000000000000000e+02 4.010538276476682817e+00 4.413958571018420929e-01
6.900000000000000000e+01 1.680000000000000000e+02 3.809189089932660366e+00 4.575730128475142267e-01
6.800000000000000000e+01 1.690000000000000000e+02 3.940772110172145126e+00 4.178638625711845744e-01
6.600000000000000000e+01 1.690000000000000000e+02 3.491677146096678896e+00 4.643661285724256516e-01
7.000000000000000000e+01 1.750000000000000000e+02 3.401366931044243369e+00 4.545872208708781059e-01
7.200000000000000000e+01 1.760000000000000000e+02 3.729872502642159304e+00 4.227520550686593714e-01
7.400000000000000000e+01 1.820000000000000000e+02 3.393886143240800735e+00 3.646747355843988347e-01
7.600000000000000000e+01 2.100000000000000000e+02 3.194943966008368275e+00 3.329596687847177217e-01
7.700000000000000000e+01 2.080000000000000000e+02 3.461504274186185448e+00 3.116474432527319149e-01
7.400000000000000000e+01 2.100000000000000000e+02 3.238652286835400407e+00 3.484211785831549113e-01
8.100000000000000000e+01 2.460000000000000000e+02 3.271222075277020025e+00 3.865219336209620993e-01
8.300000000000000000e+01 2.550000000000000000e+02 3.837253409032029161e+00 4.236143674787170577e-01
8.500000000000000000e+01 2.540000000000000000e+02 4.458650861347098093e+00 4.593478063433367731e-01
8.300000000000000000e+01 2.510000000000000000e+02 4.675851401311041045e+00 4.375715380386865916e-01
8.000000000000000000e+01 2.460000000000000000e+02 4.635658079819351407e+00 4.335601640736904683e-01
7.700000000000000000e+01 2.420000000000000000e+02 4.573835090998570330e+00 4.565105755568434343e-01
7.900000000000000000e+01 2.500000000000000000e+02 4.727394327651345485e+00 4.951423650374854879e-01
7.000000000000000000e+01 2.370000000000000000e+02 2.836084053132720495e+00 4.180516219064357997e-01
6.900000000000000000e+01 2.380000000000000000e+02 2.474942438883386941e+00 3.671736657528822945e-01
7.300000000000000000e+01 2.470000000000000000e+02 2.370890398986583936e+00 3.479357851442914096e-01
7.800000000000000000e+01 2.590000000000000000e+02 2.093390452624662501e+00 3.083052478707429267e-01
8.200000000000000000e+01 2.630000000000000000e+02 2.228472880361738628e+00 2.921772748517841300e-01
8.500000000000000000e+01 2.700000000000000000e+02 2.368775385529634292e+00 3.007359430161469227e-01
8.400000000000000000e+01 2.700000000000000000e+02 2.498018818282038200e+00 3.317481688767200954e-01
8.400000000000000000e+01 2.750000000000000000e+02 2.752246954601663020e+00 3.646086389635279645e-01
8.900000000000000000e+01 2.920000000000000000e+02 3.264351518411572783e+00 4.068238283089351537e-01
9.100000000000000000e+01 3.030000000000000000e+02 3.363531574574431193e+00 4.821950914211420303e-01
9.200000000000000000e+01 3.230000000000000000e+02 3.703283470324820303e+00 5.495530459365514098e-01
8.900000000000000000e+01 3.240000000000000000e+02 3.656934020949921038e+00 6.479489800276764244e-01
8.900000000000000000e+01 3.230000000000000000e+02 4.311022128266555953e+00 7.359247415283300953e-01
8.600000000000000000e+01 3.160000000000000000e+02 4.386357918098207520e+00 7.866341264684850731e-01
8.500000000000000000e+01 3.110000000000000000e+02 4.444027026654461920e+00 8.211774074148274760e-01
9.300000000000000000e+01 3.230000000000000000e+02 4.917959040555947681e+00 8.373155936471630145e-01
9.300000000000000000e+01 3.430000000000000000e+02 5.481372846522322817e+00 8.907820092945363255e-01
9.000000000000000000e+01 3.320000000000000000e+02 5.654038847910785925e+00 9.079581780671281965e-01
9.200000000000000000e+01 3.350000000000000000e+02 5.734715959368750227e+00 9.318911599827163217e-01
9.200000000000000000e+01 3.540000000000000000e+02 5.135703928128809714e+00 9.488228872463048136e-01
8.700000000000000000e+01 3.290000000000000000e+02 4.591333098618743946e+00 8.335319547307875609e-01
8.700000000000000000e+01 3.240000000000000000e+02 4.279117511661671536e+00 7.965414555980465661e-01
8.500000000000000000e+01 3.180000000000000000e+02 4.176870643564792651e+00 8.306203992144145509e-01
8.000000000000000000e+01 2.990000000000000000e+02 3.247402554262225127e+00 7.166821848207514112e-01
8.000000000000000000e+01 2.890000000000000000e+02 3.571076777758226850e+00 5.892973793461233623e-01
7.600000000000000000e+01 2.840000000000000000e+02 3.175182156687931467e+00 5.803193093706875416e-01
7.600000000000000000e+01 2.820000000000000000e+02 3.520643113995924889e+00 5.664851060037515706e-01
7.700000000000000000e+01 2.780000000000000000e+02 4.152560345097205285e+00 5.780575464830531862e-01
8.000000000000000000e+01 2.890000000000000000e+02 4.571781992285264273e+00 6.468707015451640174e-01
8.200000000000000000e+01 2.900000000000000000e+02 4.887564822448095647e+00 6.755359129167903820e-01
8.100000000000000000e+01 2.880000000000000000e+02 5.441231386761541167e+00 7.271757511616017133e-01
8.400000000000000000e+01 2.990000000000000000e+02 5.057764052932673060e+00 7.995847372032121037e-01
8.300000000000000000e+01 2.850000000000000000e+02 5.600353514852629111e+00 7.736844747879227935e-01
7.900000000000000000e+01 2.700000000000000000e+02 5.263790024839540393e+00 7.082007293940770776e-01
7.100000000000000000e+01 2.650000000000000000e+02 4.127427649373176521e+00 7.067145600709041631e-01
6.900000000000000000e+01 2.590000000000000000e+02 3.493127684626259555e+00 6.938398679818942316e-01
6.900000000000000000e+01 2.520000000000000000e+02 3.799004121256764677e+00 7.012963884864257258e-01
7.100000000000000000e+01 2.550000000000000000e+02 3.591207718496716605e+00 7.595609310570484718e-01
7.300000000000000000e+01 2.600000000000000000e+02 3.501451171259013506e+00 7.331987323149563585e-01
7.200000000000000000e+01 2.490000000000000000e+02 3.289505704109063622e+00 7.072576407449465696e-01
7.300000000000000000e+01 2.370000000000000000e+02 3.322856079120540596e+00 6.185723840329324652e-01
7.300000000000000000e+01 2.270000000000000000e+02 3.865284268803572676e+00 5.900836986210016288e-01
7.300000000000000000e+01 2.330000000000000000e+02 3.655622488014998783e+00 6.500580542010290230e-01
