0.000000000000000000e+00 0.000000000000000000e+00 0.000000000000000000e+00 0.000000000000000000e+00
1.000000000000000000e+00 0.000000000000000000e+00 2.182292271754151852e-04 0.000000000000000000e+00
2.000000000000000000e+00 0.000000000000000000e+00 5.108312167485866374e-04 0.000000000000000000e+00
3.000000000000000000e+00 4.000000000000000000e+00 9.027361675244224056e-04 1.978639049341416722e-04
8.000000000000000000e+00 5.000000000000000000e+00 2.299920570443534425e-03 2.901320886288744961e-04
1.800000000000000000e+01 2.000000000000000000e+01 5.261821881851456301e-03 1.094758161175038089e-03
2.000000000000000000e+01 2.200000000000000000e+01 7.480668818775923143e-03 1.430158428089458363e-03
2.100000000000000000e+01 2.700000000000000000e+01 1.022164599096259119e-02 1.985699391779006864e-03
2.900000000000000000e+01 4.200000000000000000e+01 1.539588981256670951e-02 3.154779605632791663e-03
3.200000000000000000e+01 4.300000000000000000e+01 2.119368805031499395e-02 3.882153011995033605e-03
3.300000000000000000e+01 5.000000000000000000e+01 2.844698325810968154e-02 5.060156517974705344e-03
3.300000000000000000e+01 5.100000000000000000e+01 3.781564751466644225e-02 6.191054787256875663e-03
4.000000000000000000e+01 5.700000000000000000e+01 5.168207098930427401e-02 7.806344124889017314e-03
4.300000000000000000e+01 5.800000000000000000e+01 6.904880374921582020e-02 9.512947462669167631e-03
4.300000000000000000e+01 5.800000000000000000e+01 9.112637206169363346e-02 1.152394459054641856e-02
4.400000000000000000e+01 6.200000000000000000e+01 1.200917406590976816e-01 1.414646849100569502e-02
4.700000000000000000e+01 6.300000000000000000e+01 1.580626443908256240e-01 1.715839749607110665e-02
4.700000000000000000e+01 6.700000000000000000e+01 2.063582309339023757e-01 2.092968332153906721e-02
4.700000000000000000e+01 6.900000000000000000e+01 2.681952146696578998e-01 2.536250400457787033e-02
5.800000000000000000e+01 7.800000000000000000e+01 3.492215108667516832e-01 3.102540886286993607e-02
6.200000000000000000e+01 8.200000000000000000e+01 4.501218729625767190e-01 3.756477295150687651e-02
6.200000000000000000e+01 8.200000000000000000e+01 5.756479588654499491e-01 4.518498538027192896e-02
6.300000000000000000e+01 8.800000000000000000e+01 7.316368983605131548e-01 5.456913308143489932e-02
7.100000000000000000e+01 1.040000000000000000e+02 9.249004582836524158e-01 6.623753361669915130e-02
7.400000000000000000e+01 1.100000000000000000e+02 1.159118333005118684e+00 7.961808156147273663e-02
7.600000000000000000e+01 1.180000000000000000e+02 1.440883068255586652e+00 9.557512214142420415e-02
8.000000000000000000e+01 1.340000000000000000e+02 1.776690733638815134e+00 1.148351749964825891e-01
8.300000000000000000e+01 1.460000000000000000e+02 2.171561805391444278e+00 1.373562865964453594e-01
8.400000000000000000e+01 1.500000000000000000e+02 2.630104717853764207e+00 1.634393280074361299e-01
9.000000000000000000e+01 1.680000000000000000e+02 3.157618562830385667e+00 1.946828931820722974e-01
9.000000000000000000e+01 1.750000000000000000e+02 3.754729481644052402e+00 2.306416243042782865e-01
9.000000000000000000e+01 1.780000000000000000e+02 4.206908286724869939e+00 2.722780519992302750e-01
8.900000000000000000e+01 1.840000000000000000e+02 4.708208808579675164e+00 3.206698560508279838e-01
8.900000000000000000e+01 1.870000000000000000e+02 5.474292845715628353e+00 3.450257815268713002e-01
8.900000000000000000e+01 1.910000000000000000e+02 5.874470419204706140e+00 3.819063595880378137e-01
8.300000000000000000e+01 1.840000000000000000e+02 5.359110083789342838e+00 3.520676691797071656e-01
8.000000000000000000e+01 1.800000000000000000e+02 5.182734838247758269e+00 3.529073395447794304e-01
7.600000000000000000e+01 1.760000000000000000e+02 4.887974194847490850e+00 3.671537958458339634e-01
7.500000000000000000e+01 1.780000000000000000e+02 3.720603433162366525e+00 3.539693828053755431e-01
7.300000000000000000e+01 1.700000000000000000e+02 3.868449192660250446e+00 3.103436179606248735e-01
7.300000000000000000e+01 1.630000000000000000e+02 4.248760032087072425e+00 2.617091334604132458e-01
8.200000000000000000e+01 1.750000000000000000e+02 4.386637624706147598e+00 2.700942938558952289e-01
8.000000000000000000e+01 1.740000000000000000e+02 3.892039660963115821e+00 2.727157916624638467e-01
7.900000000000000000e+01 1.740000000000000000e+02 3.545056415464290289e+00 2.972872764940183155e-01
7.700000000000000000e+01 1.750000000000000000e+02 3.650290862367470357e+00 3.322964362738798916e-01
7.600000000000000000e+01 1.730000000000000000e+02 3.994016220674922568e+00 3.563256275471612389e-01
7.600000000000000000e+01 1.860000000000000000e+02 3.992147506230909748e+00 4.019793255545822119e-01
7.700000000000000000e+01 1.840000000000000000e+02 4.421548780544314106e+00 4.376131473296694940e-01
8.100000000000000000e+01 1.910000000000000000e+02 5.130772949683447770e+00 4.758112445135720958e-01
7.700000000000000000e+01 1.850000000000000000e+02 4.813789138525988776e+00 4.776369020059756387e-01
7.300000000000000000e+01 1.810000000000000000e+02 4.611924452244195116e+00 4.872641107079325740e-01
7.000000000000000000e+01 1.800000000000000000e+02 4.521721351434615066e+00 5.456475894716558139e-01
7.600000000000000000e+01 1.840000000000000000e+02 4.676736953109483785e+00 5.937477944319236034e-01
7.300000000000000000e+01 1.830000000000000000e+02 4.160389452506482399e+00 5.859305126615715897e-01
7.100000000000000000e+01 1.810000000000000000e+02 3.531987164794024636e+00 6.043044585340232588e-01
6.800000000000000000e+01 1.740000000000000000e+02 3.093623896788507910e+00 6.189383484621009401e-01
6.500000000000000000e+01 1.740000000000000000e+02 2.434491253441639191e+00 6.019921803753823797e-01
6.300000000000000000e+01 1.640000000000000000e+02 2.399418655375969323e+00 5.414228785314787462e-01
6.400000000000000000e+01 1.550000000000000000e+02 2.795103135915181003e+00 5.006354571823452559e-01
7.200000000000000000e+01 1.620000000000000000e+02 2.368124458006276800e+00 4.254590379906799114e-01
7.100000000000000000e+01 1.520000000000000000e+02 2.479499448889405322e+00 3.593770082068222793e-01
7.600000000000000000e+01 1.490000000000000000e+02 2.423214882400990700e+00 3.387622079870328262e-01
7.600000000000000000e+01 1.510000000000000000e+02 2.264599555306337386e+00 3.381521404041339385e-01
7.800000000000000000e+01 1.480000000000000000e+02 2.705844671750902819e+00 3.050303294715283609e-01
7.700000000000000000e+01 1.430000000000000000e+02 2.987432294210110584e+00 2.786089204408466191e-01
7.600000000000000000e+01 1.390000000000000000e+02 3.283143914101963379e+00 2.718326521785860428e-01
7.800000000000000000e+01 1.410000000000000000e+02 3.855457914229369010e+00 2.788920622474319599e-01
8.200000000000000000e+01 1.440000000000000000e+02 4.247887870431171997e+00 3.116377363067774908e-01
8.000000000000000000e+01 1.380000000000000000e+02 4.479794499686153841e+00 2.863897087884379467e-01
8.000000000000000000e+01 1.410000000000000000e+02 4.677777518806069068e+00 3.122329190759405848e-01
8.100000000000000000e+01 1.440000000000000000e+02 4.884420654438538456e+00 3.523542454141739833e-01
9.100000000000000000e+01 1.720000000000000000e+02 3.994308232644923962e+00 3.283686798731557666e-01
8.800000000000000000e+01 1.730000000000000000e+02 3.581329953472778271e+00 3.154165516565375915e-01
8.700000000000000000e+01 1.680000000000000000e+02 3.651860784146037542e+00 2.949597301759545598e-01
8.400000000000000000e+01 1.710000000000000000e+02 3.141114956565330019e+00 3.359710654991331369e-01
8.800000000000000000e+01 1.760000000000000000e+02 3.403275472592330875e+00 3.654121207748847189e-01
8.600000000000000000e+01 1.690000000000000000e+02 3.439535348308922824e+00 3.435815080610773453e-01
8.400000000000000000e+01 1.670000000000000000e+02 3.555457861837371780e+00 3.501550384712407427e-01
8.200000000000000000e+01 1.740000000000000000e+02 2.991415603958324620e+00 3.545348052043084119e-01
8.200000000000000000e+01 1.680000000000000000e+02 3.528023086830794242e+00 3.383530522923034467e-01
8.600000000000000000e+01 1.830000000000000000e+02 4.127719485032502078e+00 3.411763829060155961e-01
8.600000000000000000e+01 1.890000000000000000e+02 4.245880902579783012e+00 3.899357615409101419e-01
8.300000000000000000e+01 1.840000000000000000e+02 4.277642345590130901e+00 3.857440064079518116e-01
7.800000000000000000e+01 1.800000000000000000e+02 3.805117719179301528e+00 3.919582400985318071e-01
7.800000000000000000e+01 1.890000000000000000e+02 3.741609832235597288e+00 3.880146523692510341e-01
7.800000000000000000e+01 1.850000000000000000e+02 4.370201090745394090e+00 3.861923315765474762e-01
8.000000000000000000e+01 1.810000000000000000e+02 4.042609929954676495e+00 3.994430244765467819e-01
8.300000000000000000e+01 1.810000000000000000e+02 4.474350424347693256e+00 4.039716190578609423e-01
8.200000000000000000e+01 1.780000000000000000e+02 4.969843255828519268e+00 4.282012155885539517e-01
7.900000000000000000e+01 1.750000000000000000e+02 4.421983434822732484e+00 3.675695070256871366e-01
8.100000000000000000e+01 1.760000000000000000e+02 4.386312663880667984e+00 3.519823134462644609e-01
7.500000000000000000e+01 1.720000000000000000e+02 3.671504662331706914e+00 3.621405365716471869e-01
7.000000000000000000e+01 1.690000000000000000e+02 3.080811447266178948e+00 3.754731728296862858e-01
7.000000000000000000e+01 1.640000000000000000e+02 3.160918752961386247e+00 3.646902117614750916e-01
6.900000000000000000e+01 1.610000000000000000e+02 3.500927715305742094e+00 3.816187072172030348e-01
7.100000000000000000e+01 1.650000000000000000e+02 4.124295028065274593e+00 4.165031934164383220e-01
7.600000000000000000e+01 1.690000000000000000e+02 4.596547877371841118e+00 4.396126840355605303e-01
7.300000000000000000e+01 1.670000000000000000e+02 4.457005677664045429e+00 4.772113662685122382e-01
7.500000000000000000e+01 1.650000000000000000e+02 5.154528347489104156e+00 5.105041990558631948e-01
7.400000000000000000e+01 1.640000000000000000e+02 5.361428262763895169e+00 5.656733339735086075e-01
7.400000000000000000e+01 1.610000000000000000e+02 5.663058345771013080e+00 6.111153304786018925e-01
6.300000000000000000e+01 1.450000000000000000e+02 3.556015407003086271e+00 5.296498383990136949e-01
5.700000000000000000e+01 1.320000000000000000e+02 2.584512112739485890e+00 4.638875820867692790e-01
6.000000000000000000e+01 1.380000000000000000e+02 2.543880564465863969e+00 4.298248460535023519e-01
5.800000000000000000e+01 1.320000000000000000e+02 2.454569659496842249e+00 4.187616369216958789e-01
5.700000000000000000e+01 1.300000000000000000e+02 2.212493148128699350e+00 3.952299909641036058e-01
5.600000000000000000e+01 1.270000000000000000e+02 2.357105703828893617e+00 4.031302197103200924e-01
5.900000000000000000e+01 1.270000000000000000e+02 2.501688815883723382e+00 4.278801476275447269e-01
6.200000000000000000e+01 1.190000000000000000e+02 2.713903534086069325e+00 4.080836034847360461e-01
6.100000000000000000e+01 1.150000000000000000e+02 2.926628104759828375e+00 4.214506708606441387e-01
6.000000000000000000e+01 1.060000000000000000e+02 2.968809168830323753e+00 3.581290066601942601e-01
6.100000000000000000e+01 1.010000000000000000e+02 2.707891493394937843e+00 3.253082493322951851e-01
6.100000000000000000e+01 9.600000000000000000e+01 3.166084191480754928e+00 2.970009678650077367e-01
6.300000000000000000e+01 9.700000000000000000e+01 3.671187243050995086e+00 2.906416180149165585e-01
6.100000000000000000e+01 9.200000000000000000e+01 3.700777050719663563e+00 2.413913987549921591e-01
6.200000000000000000e+01 9.300000000000000000e+01 3.710332089411598755e+00 2.354830758467248708e-01
6.500000000000000000e+01 9.800000000000000000e+01 3.569241376850024405e+00 2.372455280773190789e-01
6.300000000000000000e+01 9.500000000000000000e+01 3.402983855730519647e+00 2.193312220020624259e-01
6.300000000000000000e+01 9.600000000000000000e+01 3.406155305076680850e+00 2.264439675638278415e-01
5.900000000000000000e+01 9.500000000000000000e+01 2.711034921729127412e+00 2.332240072882910409e-01
5.600000000000000000e+01 8.800000000000000000e+01 2.424653859233391717e+00 1.938961236305532798e-01
5.900000000000000000e+01 9.000000000000000000e+01 2.353123969596773613e+00 1.871672242726280522e-01
6.200000000000000000e+01 9.400000000000000000e+01 2.757717636674172468e+00 1.793051655123386323e-01
6.500000000000000000e+01 1.030000000000000000e+02 2.771652831994678490e+00 1.950057526555056542e-01
6.400000000000000000e+01 1.030000000000000000e+02 2.912827711681142073e+00 2.285786190151313235e-01
6.700000000000000000e+01 9.900000000000000000e+01 3.163804232221298030e+00 2.217753692731040394e-01
6.500000000000000000e+01 9.300000000000000000e+01 3.000415786572355525e+00 1.929661135762791024e-01
6.400000000000000000e+01 9.400000000000000000e+01 2.744985083178297369e+00 1.897658788917787887e-01
6.900000000000000000e+01 9.600000000000000000e+01 2.704834872225196918e+00 1.840436986028324007e-01
7.200000000000000000e+01 1.090000000000000000e+02 2.618524407417685218e+00 1.954979958066901113e-01
7.200000000000000000e+01 1.090000000000000000e+02 2.814110333593189406e+00 2.006074668811519135e-01
7.200000000000000000e+01 1.080000000000000000e+02 2.814629798362663582e+00 2.192745629464742108e-01
7.000000000000000000e+01 1.100000000000000000e+02 2.770059981611245892e+00 2.567623460191408857e-01
6.700000000000000000e+01 1.050000000000000000e+02 2.575974162892101127e+00 2.228771168911219402e-01
7.300000000000000000e+01 1.030000000000000000e+02 3.012588871219720410e+00 2.000990469065229427e-01
7.200000000000000000e+01 1.000000000000000000e+02 3.232841128677903519e+00 1.750885394631371272e-01
7.100000000000000000e+01 1.000000000000000000e+02 2.978122411577661666e+00 1.950764148201507842e-01
7.300000000000000000e+01 1.100000000000000000e+02 3.033579397615464579e+00 1.869549014561714684e-01
7.000000000000000000e+01 1.110000000000000000e+02 2.853304529645328103e+00 1.919973020744940306e-01
7.200000000000000000e+01 1.260000000000000000e+02 2.829144015933643619e+00 2.266425302946904474e-01
7.400000000000000000e+01 1.260000000000000000e+02 3.095780058833615289e+00 2.397607630959448788e-01
7.000000000000000000e+01 1.280000000000000000e+02 2.675541650666575677e+00 2.693272274299930436e-01
6.900000000000000000e+01 1.270000000000000000e+02 2.915891192022841416e+00 2.894218120892567692e-01
7.700000000000000000e+01 1.430000000000000000e+02 3.214232497170143699e+00 2.924633387660388051e-01
8.200000000000000000e+01 1.650000000000000000e+02 3.525082651369863207e+00 2.942433222899560885e-01
8.100000000000000000e+01 1.660000000000000000e+02 3.893174139549357093e+00 2.867682372547026848e-01
7.500000000000000000e+01 1.620000000000000000e+02 3.167819549870833917e+00 2.878658874409452673e-01
7.400000000000000000e+01 1.560000000000000000e+02 3.496502890180626988e+00 2.599608809920390673e-01
7.200000000000000000e+01 1.560000000000000000e+02 3.383498415983603014e+00 2.644449568082934410e-01
7.300000000000000000e+01 1.570000000000000000e+02 3.675736511688103558e+00 2.735892636323289939e-01
7.200000000000000000e+01 1.560000000000000000e+02 4.049621374487046843e+00 3.024961840718321526e-01
7.100000000000000000e+01 1.560000000000000000e+02 4.265926891158304812e+00 3.067984791084718554e-01
7.100000000000000000e+01 1.560000000000000000e+02 4.473000472957872731e+00 2.892456935861948408e-01
6.700000000000000000e+01 1.510000000000000000e+02 3.995387647041527934e+00 2.603186277714436003e-01
6.500000000000000000e+01 1.470000000000000000e+02 4.089283858917196923e+00 2.552994452614213983e-01
6.200000000000000000e+01 1.450000000000000000e+02 3.997341356138759405e+00 2.722350946706653119e-01
6.000000000000000000e+01 1.440000000000000000e+02 4.151326125005647683e+00 3.018479325243048628e-01
6.000000000000000000e+01 1.470000000000000000e+02 4.029628345118157817e+00 3.439715202330383415e-01
5.900000000000000000e+01 1.460000000000000000e+02 3.695243154285190901e+00 3.593133786138592578e-01
6.300000000000000000e+01 1.510000000000000000e+02 3.365035616296350618e+00 3.094834779000840141e-01
6.200000000000000000e+01 1.470000000000000000e+02 3.403254468995856374e+00 2.763539756213347909e-01
6.000000000000000000e+01 1.450000000000000000e+02 3.422312989405999595e+00 2.838134326377991790e-01
6.400000000000000000e+01 1.590000000000000000e+02 3.120384079311057324e+00 3.247714488612032380e-01
6.700000000000000000e+01 1.710000000000000000e+02 3.324735801773850863e+00 3.601630035377795802e-01
6.700000000000000000e+01 1.680000000000000000e+02 3.210485364005304820e+00 3.841630496613822054e-01
6.900000000000000000e+01 1.810000000000000000e+02 3.249982655443183877e+00 4.275269684830671491e-01
6.900000000000000000e+01 1.870000000000000000e+02 3.508354533594698843e+00 4.790114413473044452e-01
6.900000000000000000e+01 1.860000000000000000e+02 3.378660539589684930e+00 4.818092093240121665e-01
6.700000000000000000e+01 1.820000000000000000e+02 3.397142817918048507e+00 5.060272941332945029e-01
6.800000000000000000e+01 1.810000000000000000e+02 3.218482627829267528e+00 4.793870192005443842e-01
6.800000000000000000e+01 1.940000000000000000e+02 3.011731290543966821e+00 4.855455155011812463e-01
6.700000000000000000e+01 1.890000000000000000e+02 3.230501266984612485e+00 4.995684771445319527e-01
7.000000000000000000e+01 1.880000000000000000e+02 3.701732149887327239e+00 5.384135261201382638e-01
6.800000000000000000e+01 1.850000000000000000e+02 3.121161747121774521e+00 5.019503882692654129e-01
6.200000000000000000e+01 1.680000000000000000e+02 2.133476247931708869e+00 3.846362320208481789e-01
5.900000000000000000e+01 1.580000000000000000e+02 1.671824083891059187e+00 3.050928620072347885e-01
6.000000000000000000e+01 1.610000000000000000e+02 1.701946110839399617e+00 2.583102973687371184e-01
6.000000000000000000e+01 1.570000000000000000e+02 2.009429898585523233e+00 2.383290297172304673e-01
6.200000000000000000e+01 1.610000000000000000e+02 2.142297058503278784e+00 2.310714893662845493e-01
6.400000000000000000e+01 1.680000000000000000e+02 1.974794763286709331e+00 2.393689137151086277e-01
6.700000000000000000e+01 1.730000000000000000e+02 2.116194483446003805e+00 2.682785532688621299e-01
6.700000000000000000e+01 1.730000000000000000e+02 2.310585844536737543e+00 2.808147871116677963e-01
6.800000000000000000e+01 1.680000000000000000e+02 2.756505165700785742e+00 2.604746495477143209e-01
6.800000000000000000e+01 1.650000000000000000e+02 3.022844647610443136e+00 2.709975086569328395e-01
6.800000000000000000e+01 1.690000000000000000e+02 3.328766413804187252e+00 3.065880148341684208e-01
7.100000000000000000e+01 1.790000000000000000e+02 3.632606555649107172e+00 3.623123563346656861e-01
7.100000000000000000e+01 1.780000000000000000e+02 4.261277480032178211e+00 4.106621271356403757e-01
6.900000000000000000e+01 1.760000000000000000e+02 4.518968062846796307e+00 4.615767789392698495e-01
6.800000000000000000e+01 1.740000000000000000e+02 4.792645478863160058e+00 5.066293774361955160e-01
6.300000000000000000e+01 1.680000000000000000e+02 4.166404181778148086e+00 5.075172792720348269e-01
5.900000000000000000e+01 1.650000000000000000e+02 3.849173832090312164e+00 5.348864122277963151e-01
7.100000000000000000e+01 1.700000000000000000e+02 4.453587595085562789e+00 5.592195893453135724e-01
6.800000000000000000e+01 1.610000000000000000e+02 4.170917283546723198e+00 5.527700503952520661e-01
7.200000000000000000e+01 1.620000000000000000e+02 3.890708759971044373e+00 5.037016159060183629e-01
7.300000000000000000e+01 1.540000000000000000e+02 4.236362097163659968e+00 4.815105243828024517e-01
7.400000000000000000e+01 1.470000000000000000e+02 3.795442851936679407e+00 4.504314696694081688e-01
7.200000000000000000e+01 1.370000000000000000e+02 3.806919291688364293e+00 4.074659595212797858e-01
7.000000000000000000e+01 1.320000000000000000e+02 3.508393997367868167e+00 3.960589827006211761e-01
6.800000000000000000e+01 1.290000000000000000e+02 3.184569765368639338e+00 4.260637219004139165e-01
7.500000000000000000e+01 1.380000000000000000e+02 2.968634697626451935e+00 4.235639972166226896e-01
7.200000000000000000e+01 1.260000000000000000e+02 2.723914337480594750e+00 3.463496593016963665e-01
6.900000000000000000e+01 1.220000000000000000e+02 2.365370906016223351e+00 3.419826113291087877e-01
6.900000000000000000e+01 1.170000000000000000e+02 2.765325167535388484e+00 3.206041003722444604e-01
6.900000000000000000e+01 1.090000000000000000e+02 2.968549862112658921e+00 2.776019774645951954e-01
6.800000000000000000e+01 1.060000000000000000e+02 2.930989371073340788e+00 2.844463928326894653e-01
6.700000000000000000e+01 1.060000000000000000e+02 3.110390490985265988e+00 3.087624443053548773e-01
6.400000000000000000e+01 1.020000000000000000e+02 2.879203303566035821e+00 3.068329334759865024e-01
6.600000000000000000e+01 1.010000000000000000e+02 3.041580564213406834e+00 3.221380333814836128e-01
6.300000000000000000e+01 9.700000000000000000e+01 2.883025743018590159e+00 3.269007249067225618e-01
6.300000000000000000e+01 9.100000000000000000e+01 3.139907938296505385e+00 2.778967188297842283e-01
6.200000000000000000e+01 8.900000000000000000e+01 2.512001003323471870e+00 2.633239352894650165e-01
6.300000000000000000e+01 8.200000000000000000e+01 2.952898628929310654e+00 2.183538646090269764e-01
6.500000000000000000e+01 8.200000000000000000e+01 2.969993865634674712e+00 2.138177773189665065e-01
6.400000000000000000e+01 8.200000000000000000e+01 2.695517300628453849e+00 2.503709852538901215e-01
6.900000000000000000e+01 8.500000000000000000e+01 3.199138681709264631e+00 2.432057036571422803e-01
6.700000000000000000e+01 8.000000000000000000e+01 3.113686016725832673e+00 2.142249465663581820e-01
6.500000000000000000e+01 7.800000000000000000e+01 3.174615445121233837e+00 2.144552319459480105e-01
6.500000000000000000e+01 8.300000000000000000e+01 3.755876887633866179e+00 2.216196703818643921e-01
6.500000000000000000e+01 8.400000000000000000e+01 4.183730582143907917e+00 2.436460771563953576e-01
6.500000000000000000e+01 8.600000000000000000e+01 4.650245223533925554e+00 2.564842820263263379e-01
6.500000000000000000e+01 8.500000000000000000e+01 5.368311903223571768e+00 2.752202262944863920e-01
6.200000000000000000e+01 7.900000000000000000e+01 5.053909914498248668e+00 2.439948357173044036e-01
5.800000000000000000e+01 7.600000000000000000e+01 4.823375102836748418e+00 2.464076456689627825e-01
5.800000000000000000e+01 7.700000000000000000e+01 4.089501208748873573e+00 2.000316171980480728e-01
5.600000000000000000e+01 7.400000000000000000e+01 3.670347526707670838e+00 1.811836499885358664e-01
6.300000000000000000e+01 8.800000000000000000e+01 2.677845955849996518e+00 1.912747995932911060e-01
6.600000000000000000e+01 9.800000000000000000e+01 2.846162306098712236e+00 1.798522448397227580e-01
6.400000000000000000e+01 9.800000000000000000e+01 2.784763291184284117e+00 1.920256392468625839e-01
6.400000000000000000e+01 1.000000000000000000e+02 2.906198529747538117e+00 2.120334983092974357e-01
5.900000000000000000e+01 9.700000000000000000e+01 1.801989059487965283e+00 1.700525221422701794e-01
5.600000000000000000e+01 9.500000000000000000e+01 1.111987085536739750e+00 1.618260163230030024e-01
6.500000000000000000e+01 1.130000000000000000e+02 1.347276539249444793e+00 1.358757848974373461e-01
6.700000000000000000e+01 1.290000000000000000e+02 1.617739890664054103e+00 1.176205020357810049e-01
7.100000000000000000e+01 1.400000000000000000e+02 1.710687875924970403e+00 1.208404490811081644e-01
7.200000000000000000e+01 1.480000000000000000e+02 2.038497512243526266e+00 1.270187963029777989e-01
7.100000000000000000e+01 1.480000000000000000e+02 2.169393931759453054e+00 1.394476830017097602e-01
7.300000000000000000e+01 1.520000000000000000e+02 2.561708856037692161e+00 1.525985785393295380e-01
7.200000000000000000e+01 1.570000000000000000e+02 2.781681134141780198e+00 1.576220831571695236e-01
7.400000000000000000e+01 1.620000000000000000e+02 3.002959244508442982e+00 1.741504984241745158e-01
7.700000000000000000e+01 1.740000000000000000e+02 3.009096077713144357e+00 1.954326010685792925e-01
7.400000000000000000e+01 1.720000000000000000e+02 2.843817228457550694e+00 2.074897355070093874e-01
7.500000000000000000e+01 1.700000000000000000e+02 3.092743278197025436e+00 2.182939096253134204e-01
7.300000000000000000e+01 1.770000000000000000e+02 2.671984502388450089e+00 2.469438134497826398e-01
7.500000000000000000e+01 1.850000000000000000e+02 2.907789894847093048e+00 2.629187652205051684e-01
7.500000000000000000e+01 1.800000000000000000e+02 2.717685195600019643e+00 2.533195666390667955e-01
7.500000000000000000e+01 1.810000000000000000e+02 2.428177149044778993e+00 2.760045271853941440e-01
7.400000000000000000e+01 1.810000000000000000e+02 2.632520595925958773e+00 3.006868397436590623e-01
7.400000000000000000e+01 1.790000000000000000e+02 3.140908343131141311e+00 2.961278762453867786e-01
7.200000000000000000e+01 1.770000000000000000e+02 3.217257589338413215e+00 3.264405815493962582e-01
7.200000000000000000e+01 1.730000000000000000e+02 3.820210387400313490e+00 3.374357067625682327e-01
7.300000000000000000e+01 1.750000000000000000e+02 4.255776528864777752e+00 3.714474386457899402e-01
7.600000000000000000e+01 1.800000000000000000e+02 4.763043244516889096e+00 4.133033136971384636e-01
7.800000000000000000e+01 1.810000000000000000e+02 5.534091141364913646e+00 4.702434995177550148e-01
7.500000000000000000e+01 1.770000000000000000e+02 5.675645987862345088e+00 4.994017962772779318e-01
7.200000000000000000e+01 1.750000000000000000e+02 5.812433827455898872e+00 5.507129460689113021e-01
6.500000000000000000e+01 1.670000000000000000e+02 4.833181483741975981e+00 5.464239258798637699e-01
6.100000000000000000e+01 1.620000000000000000e+02 4.118461824262945825e+00 5.136044786649079930e-01
6.000000000000000000e+01 1.610000000000000000e+02 4.191111078432623316e+00 5.113036626370732751e-01
5.900000000000000000e+01 1.550000000000000000e+02 4.552048038584567635e+00 5.198375271868063141e-01
6.200000000000000000e+01 1.570000000000000000e+02 4.397819774317392572e+00 5.754427745087438151e-01
6.100000000000000000e+01 1.560000000000000000e+02 4.443539914822271619e+00 6.492017286191940073e-01
5.900000000000000000e+01 1.460000000000000000e+02 3.731694632700672809e+00 6.199833309909517087e-01
5.800000000000000000e+01 1.300000000000000000e+02 3.817853142334443284e+00 5.261016447955251252e-01
5.600000000000000000e+01 1.160000000000000000e+02 3.616227798421989714e+00 4.364348925453139239e-01
5.600000000000000000e+01 1.150000000000000000e+02 3.387479529604284334e+00 3.728709555809351373e-01
5.300000000000000000e+01 1.120000000000000000e+02 3.042526790557845917e+00 3.703716232579949974e-01
5.300000000000000000e+01 1.120000000000000000e+02 2.957235329786106259e+00 3.671833083340391712e-01
5.300000000000000000e+01 1.080000000000000000e+02 3.168685788395214864e+00 3.479176091584322839e-01
6.200000000000000000e+01 1.110000000000000000e+02 3.095041581204897252e+00 3.361472880483465375e-01
6.100000000000000000e+01 1.040000000000000000e+02 3.097239315752186695e+00 2.656338396436169758e-01
6.100000000000000000e+01 9.900000000000000000e+01 3.305093030382199260e+00 2.317223879357455107e-01
6.000000000000000000e+01 1.060000000000000000e+02 3.021858553047060081e+00 2.552876971731874445e-01
6.200000000000000000e+01 1.080000000000000000e+02 2.922257216576123362e+00 2.402816226637849439e-01
6.100000000000000000e+01 1.020000000000000000e+02 2.809352471640247817e+00 1.915939711940043144e-01
5.700000000000000000e+01 9.900000000000000000e+01 2.225858951611377368e+00 1.877237005587864271e-01
5.400000000000000000e+01 9.600000000000000000e+01 1.868066050593389482e+00 1.793614330649428157e-01
5.700000000000000000e+01 1.030000000000000000e+02 1.388618433930387086e+00 1.999430311453235520e-01
5.700000000000000000e+01 1.010000000000000000e+02 1.660842181902664860e+00 1.810041545472718116e-01
6.600000000000000000e+01 1.050000000000000000e+02 1.972117563293447118e+00 1.845993920545069000e-01
6.700000000000000000e+01 1.070000000000000000e+02 2.321177484073129182e+00 2.009301824757297461e-01
7.500000000000000000e+01 1.430000000000000000e+02 2.495600782319613131e+00 2.164578140401573758e-01
7.300000000000000000e+01 1.430000000000000000e+02 2.232068123724190833e+00 2.101172646716553960e-01
7.200000000000000000e+01 1.400000000000000000e+02 2.161889700508449863e+00 1.977030635121320989e-01
7.000000000000000000e+01 1.410000000000000000e+02 2.047728941102836764e+00 2.182935890539908219e-01
7.200000000000000000e+01 1.420000000000000000e+02 2.438283599361101839e+00 2.281714411493678263e-01
7.300000000000000000e+01 1.410000000000000000e+02 2.662176623730814207e+00 2.517152974776213914e-01
7.400000000000000000e+01 1.520000000000000000e+02 2.698875616105383290e+00 2.606167967879897684e-01
