0.000000000000000000e+00 0.000000000000000000e+00 0.000000000000000000e+00 0.000000000000000000e+00
6.000000000000000000e+00 6.000000000000000000e+00 1.309375363052491057e-03 2.967958574012125083e-04
8.000000000000000000e+00 1.000000000000000000e+01 2.192070391789859192e-03 5.588630735271504519e-04
2.100000000000000000e+01 2.400000000000000000e+01 5.773613637081754027e-03 1.372092764024592827e-03
3.500000000000000000e+01 5.600000000000000000e+01 1.078844991176343589e-02 3.251211707549847216e-03
3.800000000000000000e+01 5.900000000000000000e+01 1.509649818750037446e-02 4.101238567107421025e-03
3.800000000000000000e+01 6.900000000000000000e+01 2.018495315903591145e-02 5.478784182484030055e-03
3.900000000000000000e+01 7.100000000000000000e+01 2.716687034055130165e-02 6.754557243331424897e-03
3.900000000000000000e+01 7.300000000000000000e+01 3.621031065031530410e-02 8.300053466624976450e-03
5.100000000000000000e+01 1.190000000000000000e+02 5.078949046644899712e-02 1.234724196499118430e-02
5.300000000000000000e+01 1.250000000000000000e+02 6.788762083651651846e-02 1.527815995247058800e-02
5.600000000000000000e+01 1.270000000000000000e+02 9.059991455153267037e-02 1.862524261576259388e-02
5.600000000000000000e+01 1.290000000000000000e+02 1.197181226347598243e-01 2.266799432906257267e-02
5.800000000000000000e+01 1.290000000000000000e+02 1.581385023472543228e-01 2.744664170681535009e-02
6.100000000000000000e+01 1.370000000000000000e+02 2.082469242251257235e-01 3.359967580571019546e-02
7.100000000000000000e+01 1.650000000000000000e+02 2.744967422532156864e-01 4.199735566926510177e-02
7.400000000000000000e+01 1.720000000000000000e+02 3.581060448081141989e-01 5.106922543066505504e-02
7.400000000000000000e+01 1.720000000000000000e+02 4.640904738711324473e-01 6.161574787548485671e-02
8.000000000000000000e+01 2.110000000000000000e+02 5.995216092589631396e-01 7.618152579711871819e-02
8.000000000000000000e+01 2.110000000000000000e+02 7.682964224306242373e-01 9.171200594379200211e-02
8.000000000000000000e+01 2.140000000000000000e+02 9.782483258437962848e-01 1.104059248980761299e-01
8.500000000000000000e+01 2.350000000000000000e+02 1.237974522922443921e+00 1.335760890512224242e-01
9.200000000000000000e+01 2.620000000000000000e+02 1.555151716788513605e+00 1.614494507828627412e-01
9.200000000000000000e+01 2.650000000000000000e+02 1.936218674380282945e+00 1.933676744243714163e-01
9.300000000000000000e+01 2.700000000000000000e+02 2.390547880687372118e+00 2.312448437150317893e-01
1.030000000000000000e+02 3.130000000000000000e+02 2.927372297043994376e+00 2.778354265742926099e-01
1.030000000000000000e+02 3.220000000000000000e+02 3.549592820032677842e+00 3.310618985895114608e-01
1.070000000000000000e+02 3.380000000000000000e+02 4.264629617789634786e+00 3.938804897084808854e-01
1.080000000000000000e+02 3.420000000000000000e+02 5.074317546100206577e+00 4.667908166562313443e-01
1.120000000000000000e+02 3.730000000000000000e+02 5.980794458517527445e+00 5.531135623309327842e-01
1.160000000000000000e+02 4.710000000000000000e+02 6.982418039511490981e+00 6.567508484045921913e-01
1.130000000000000000e+02 4.940000000000000000e+02 7.424103551292591696e+00 7.418748727607852311e-01
1.080000000000000000e+02 5.020000000000000000e+02 7.384310788997197506e+00 8.603125953057929598e-01
1.000000000000000000e+02 5.220000000000000000e+02 6.513139310190972253e+00 9.156515631371866526e-01
9.800000000000000000e+01 5.240000000000000000e+02 5.734490297740095777e+00 8.114504783818465850e-01
9.500000000000000000e+01 5.220000000000000000e+02 5.409611054781990447e+00 7.754121704096755829e-01
9.200000000000000000e+01 5.200000000000000000e+02 4.866862342953468534e+00 8.028792207625454758e-01
9.200000000000000000e+01 5.240000000000000000e+02 4.832911823889538994e+00 8.608655378015572790e-01
9.500000000000000000e+01 5.250000000000000000e+02 5.610593641051193181e+00 9.315064444973785163e-01
8.900000000000000000e+01 5.130000000000000000e+02 4.723655739831841949e+00 8.214255967178885065e-01
8.300000000000000000e+01 5.000000000000000000e+02 3.965021651698920291e+00 7.985003771508203396e-01
8.300000000000000000e+01 4.930000000000000000e+02 4.403210781407604024e+00 7.892996806305504487e-01
8.700000000000000000e+01 5.070000000000000000e+02 4.889735714593719251e+00 8.414442540412738758e-01
8.500000000000000000e+01 5.050000000000000000e+02 5.183167619440316898e+00 9.417413235690842432e-01
8.300000000000000000e+01 4.990000000000000000e+02 5.478503895968849235e+00 1.033658023747981547e+00
7.700000000000000000e+01 4.840000000000000000e+02 4.732932967166401994e+00 1.033756060929442500e+00
7.400000000000000000e+01 4.730000000000000000e+02 4.502451312016233054e+00 1.071830779900459829e+00
7.300000000000000000e+01 4.660000000000000000e+02 4.941217865321834601e+00 1.163049195065804620e+00
7.700000000000000000e+01 4.710000000000000000e+02 4.205451045453434844e+00 1.139834830604569582e+00
7.600000000000000000e+01 4.660000000000000000e+02 4.333682536578235656e+00 1.201508204810467939e+00
7.600000000000000000e+01 4.590000000000000000e+02 4.762338203048235741e+00 1.309696498434237188e+00
7.300000000000000000e+01 4.460000000000000000e+02 4.773394814006337583e+00 1.371627886764636317e+00
6.900000000000000000e+01 4.270000000000000000e+02 4.602751193692698806e+00 1.351562242282822623e+00
6.600000000000000000e+01 4.260000000000000000e+02 4.069496214652295940e+00 1.465441492624410591e+00
6.800000000000000000e+01 4.230000000000000000e+02 4.696401222444936074e+00 1.582960283078030495e+00
6.600000000000000000e+01 4.050000000000000000e+02 3.833525467266121645e+00 1.566822111055313327e+00
7.100000000000000000e+01 3.950000000000000000e+02 4.080465386213618650e+00 1.600215515743882433e+00
7.300000000000000000e+01 3.890000000000000000e+02 3.938564813158012434e+00 1.660325432437032012e+00
7.000000000000000000e+01 3.790000000000000000e+02 3.776136097924136958e+00 1.802836373216663235e+00
7.400000000000000000e+01 3.690000000000000000e+02 3.899491845957422598e+00 1.838190739592698186e+00
6.900000000000000000e+01 3.170000000000000000e+02 2.675910829374367417e+00 1.533475002386378350e+00
6.800000000000000000e+01 2.740000000000000000e+02 2.863170590267518634e+00 1.261719718364269882e+00
6.700000000000000000e+01 2.520000000000000000e+02 3.073385569415503227e+00 1.119618687932164347e+00
7.100000000000000000e+01 2.380000000000000000e+02 3.351755910406570838e+00 9.568362743985381336e-01
6.800000000000000000e+01 2.180000000000000000e+02 2.999840566481597914e+00 7.893262102603503250e-01
7.100000000000000000e+01 2.040000000000000000e+02 3.252246720699704330e+00 6.420041669973127751e-01
8.200000000000000000e+01 2.100000000000000000e+02 3.069455722891295757e+00 5.771989340602748930e-01
8.000000000000000000e+01 1.980000000000000000e+02 3.031493913707516974e+00 5.119910878537421439e-01
8.100000000000000000e+01 2.040000000000000000e+02 3.035420121024789086e+00 4.630122160604191461e-01
7.900000000000000000e+01 2.110000000000000000e+02 2.496358400316180948e+00 4.328860024271843909e-01
7.900000000000000000e+01 2.080000000000000000e+02 2.650208805440816384e+00 4.226977165623300725e-01
7.700000000000000000e+01 2.080000000000000000e+02 2.569088421970059599e+00 4.454241799119159628e-01
7.800000000000000000e+01 2.050000000000000000e+02 2.798370738603921826e+00 3.590896139801322273e-01
7.700000000000000000e+01 2.070000000000000000e+02 2.794790763579623860e+00 3.425986941096419991e-01
7.700000000000000000e+01 2.090000000000000000e+02 3.017197953758673279e+00 3.588433130747414324e-01
8.700000000000000000e+01 2.350000000000000000e+02 3.254064698558828184e+00 3.963940456953652935e-01
8.600000000000000000e+01 2.330000000000000000e+02 3.569782081293668252e+00 4.364471943763054140e-01
8.600000000000000000e+01 2.330000000000000000e+02 4.162637325769050101e+00 4.933556725831404477e-01
8.400000000000000000e+01 2.230000000000000000e+02 3.904824713674444503e+00 4.195561429932744280e-01
8.200000000000000000e+01 2.160000000000000000e+02 3.597695382807769349e+00 3.874846058638116708e-01
8.800000000000000000e+01 2.290000000000000000e+02 3.983960928977305471e+00 3.742701118862987175e-01
1.000000000000000000e+02 2.960000000000000000e+02 4.065965616815945260e+00 4.192624115713755040e-01
9.900000000000000000e+01 2.970000000000000000e+02 4.432397364029826647e+00 4.664040505855867047e-01
1.050000000000000000e+02 3.270000000000000000e+02 4.612076886867383152e+00 4.947846471617413644e-01
1.040000000000000000e+02 3.230000000000000000e+02 5.141607404329251452e+00 5.000334748485579794e-01
1.010000000000000000e+02 3.350000000000000000e+02 4.999954487053566154e+00 5.189614921381967561e-01
9.700000000000000000e+01 3.370000000000000000e+02 4.641932390274698506e+00 5.245709590403814238e-01
9.200000000000000000e+01 3.280000000000000000e+02 4.238548887080671790e+00 5.081993229993005956e-01
9.400000000000000000e+01 3.530000000000000000e+02 4.136442317462124763e+00 5.472535949825894086e-01
9.100000000000000000e+01 3.450000000000000000e+02 4.123023545924447752e+00 5.202333402698923193e-01
8.700000000000000000e+01 3.400000000000000000e+02 3.870764708445457725e+00 5.438659896994566534e-01
9.400000000000000000e+01 3.810000000000000000e+02 4.271844899135428975e+00 5.848996349274869777e-01
9.400000000000000000e+01 3.780000000000000000e+02 4.978464432586674704e+00 6.341665629389613423e-01
9.200000000000000000e+01 3.850000000000000000e+02 5.100670337726513459e+00 6.516720174552035338e-01
9.000000000000000000e+01 3.860000000000000000e+02 5.111046345653953438e+00 6.954916351928929208e-01
8.700000000000000000e+01 3.850000000000000000e+02 5.228072742509406012e+00 7.283200832830457605e-01
7.700000000000000000e+01 3.790000000000000000e+02 3.298985437463907378e+00 7.523031397467840886e-01
7.500000000000000000e+01 3.710000000000000000e+02 3.377225963155358723e+00 7.764135847659030532e-01
7.500000000000000000e+01 3.660000000000000000e+02 3.213726545876723240e+00 7.690086322462530433e-01
7.400000000000000000e+01 3.550000000000000000e+02 3.334135442103579816e+00 7.308094347347369180e-01
7.400000000000000000e+01 3.540000000000000000e+02 3.435943407059173005e+00 7.545532425112199126e-01
8.200000000000000000e+01 3.660000000000000000e+02 4.068760591699269291e+00 7.892933550275613719e-01
8.700000000000000000e+01 3.890000000000000000e+02 4.081909501439366927e+00 8.399453275064109325e-01
8.600000000000000000e+01 3.810000000000000000e+02 4.581594083127918715e+00 8.753496401438362051e-01
8.800000000000000000e+01 3.760000000000000000e+02 5.135239441662767135e+00 9.336313638396694925e-01
9.000000000000000000e+01 4.580000000000000000e+02 4.439919112108261068e+00 9.194778657183089177e-01
8.800000000000000000e+01 4.570000000000000000e+02 4.697651585465425050e+00 9.506180050072042809e-01
8.700000000000000000e+01 4.580000000000000000e+02 5.195537133821965803e+00 1.042230327054396666e+00
8.800000000000000000e+01 4.700000000000000000e+02 5.997249111259595367e+00 1.132892670062488838e+00
8.500000000000000000e+01 4.880000000000000000e+02 6.120367357024847799e+00 1.300778901676784782e+00
8.000000000000000000e+01 4.800000000000000000e+02 5.840297384257755908e+00 1.391237054382465477e+00
7.300000000000000000e+01 4.610000000000000000e+02 4.107116222509959336e+00 1.215830001920210401e+00
7.100000000000000000e+01 4.470000000000000000e+02 3.735021438900057333e+00 1.142685237510662422e+00
6.900000000000000000e+01 4.280000000000000000e+02 2.665625148359784813e+00 9.977220386470811997e-01
6.900000000000000000e+01 4.120000000000000000e+02 2.849867764167385964e+00 9.220816123939851172e-01
6.900000000000000000e+01 3.970000000000000000e+02 3.031952666886800873e+00 8.477780254329640997e-01
7.000000000000000000e+01 3.960000000000000000e+02 3.214210039501972815e+00 8.200134651785211393e-01
7.000000000000000000e+01 4.130000000000000000e+02 3.099700909249681668e+00 8.903662834477852339e-01
6.800000000000000000e+01 4.040000000000000000e+02 3.161463141051686687e+00 8.193086994415342827e-01
6.600000000000000000e+01 4.030000000000000000e+02 3.139000995639859681e+00 8.407477848290600964e-01
6.700000000000000000e+01 4.080000000000000000e+02 3.645946805601320229e+00 8.960990254023841750e-01
6.900000000000000000e+01 3.880000000000000000e+02 3.272556579681406230e+00 7.744697230681900635e-01
6.400000000000000000e+01 3.780000000000000000e+02 2.537094853575117437e+00 7.860279279861753787e-01
6.300000000000000000e+01 3.680000000000000000e+02 2.532277352974726448e+00 7.455155279869484231e-01
6.700000000000000000e+01 3.610000000000000000e+02 2.806340753597488469e+00 7.319022141810953563e-01
7.400000000000000000e+01 3.590000000000000000e+02 3.338685507005021424e+00 7.414619324967055558e-01
7.800000000000000000e+01 3.660000000000000000e+02 3.934598880346292127e+00 7.801324942798990580e-01
7.800000000000000000e+01 3.640000000000000000e+02 4.354071940569095744e+00 8.873433999468700595e-01
7.600000000000000000e+01 3.600000000000000000e+02 4.573354099472283885e+00 9.839131194839983996e-01
7.700000000000000000e+01 3.600000000000000000e+02 4.829484210526959309e+00 1.115370096416006263e+00
7.900000000000000000e+01 3.600000000000000000e+02 5.335009050646578821e+00 1.236475445824855468e+00
7.900000000000000000e+01 3.600000000000000000e+02 4.695773856581025640e+00 1.328333113406497290e+00
7.200000000000000000e+01 3.390000000000000000e+02 3.794883260126668656e+00 1.313796389764227524e+00
6.800000000000000000e+01 3.340000000000000000e+02 3.341950050241634163e+00 1.406431743244020316e+00
6.700000000000000000e+01 3.320000000000000000e+02 3.409007741709446648e+00 1.526296942645377408e+00
6.400000000000000000e+01 2.830000000000000000e+02 2.820839809802733189e+00 1.193610263267096405e+00
6.300000000000000000e+01 2.520000000000000000e+02 2.766367186395862987e+00 9.937875844276693460e-01
6.200000000000000000e+01 2.350000000000000000e+02 2.600725898361301525e+00 9.197665792766616111e-01
7.400000000000000000e+01 2.500000000000000000e+02 2.219810570965537355e+00 8.594559115436506413e-01
