0.000000000000000000e+00 0.000000000000000000e+00 0.000000000000000000e+00 0.000000000000000000e+00
5.000000000000000000e+00 3.000000000000000000e+00 1.091146135877075953e-03 1.483979287006062541e-04
8.000000000000000000e+00 7.000000000000000000e+00 2.117697629392102654e-03 3.783634892306459536e-04
1.500000000000000000e+01 1.100000000000000000e+01 4.364935312826599169e-03 6.579815095093595901e-04
2.200000000000000000e+01 1.700000000000000000e+01 7.372870840654873088e-03 1.096747501929652919e-03
2.900000000000000000e+01 2.800000000000000000e+01 1.139369174151411840e-02 1.877218312977360767e-03
3.000000000000000000e+01 3.000000000000000000e+01 1.545094693764803573e-02 2.380329902651294027e-03
3.200000000000000000e+01 3.200000000000000000e+01 2.106398901561224238e-02 2.990449984585604078e-03
3.200000000000000000e+01 3.300000000000000000e+01 2.807682412479776610e-02 3.680334798975550600e-03
3.200000000000000000e+01 3.300000000000000000e+01 3.735229775520161610e-02 4.465941590613757735e-03
4.500000000000000000e+01 4.500000000000000000e+01 5.241954358875872827e-02 6.009263776845374418e-03
4.600000000000000000e+01 4.800000000000000000e+01 6.967419391796447758e-02 7.433021645216916079e-03
4.700000000000000000e+01 5.500000000000000000e+01 9.228734237009099395e-02 9.350753330049896977e-03
5.200000000000000000e+01 6.300000000000000000e+01 1.226686137772073082e-01 1.171616997234428519e-02
5.600000000000000000e+01 7.800000000000000000e+01 1.619401997433807805e-01 1.491635029186397059e-02
5.700000000000000000e+01 8.100000000000000000e+01 2.120511022145732671e-01 1.818311827653643770e-02
5.900000000000000000e+01 9.200000000000000000e+01 2.766263511895655225e-01 2.250800991871648726e-02
6.100000000000000000e+01 9.700000000000000000e+01 3.590201336293708523e-01 2.741142437197361184e-02
6.200000000000000000e+01 9.800000000000000000e+01 4.631589244875408129e-01 3.309596594088661664e-02
6.300000000000000000e+01 1.000000000000000000e+02 5.939765895832050946e-01 3.994968196134911220e-02
6.300000000000000000e+01 1.020000000000000000e+02 7.566437884682479798e-01 4.813896248007661083e-02
6.400000000000000000e+01 1.120000000000000000e+02 9.574547705096637662e-01 5.829993105796295316e-02
6.600000000000000000e+01 1.140000000000000000e+02 1.202798817958763422e+00 7.000451762509078690e-02
6.800000000000000000e+01 1.140000000000000000e+02 1.499069618600805676e+00 8.380148830840575269e-02
6.900000000000000000e+01 1.150000000000000000e+02 1.852549178443130273e+00 1.001866203382810877e-01
7.000000000000000000e+01 1.160000000000000000e+02 2.269509581721115055e+00 1.195357662757377259e-01
7.200000000000000000e+01 1.190000000000000000e+02 2.755555267252133511e+00 1.424179902342397330e-01
7.500000000000000000e+01 1.270000000000000000e+02 3.315077959444493239e+00 1.695299792300196118e-01
7.500000000000000000e+01 1.280000000000000000e+02 3.950242800183888736e+00 2.009221733804370524e-01
7.500000000000000000e+01 1.300000000000000000e+02 4.662859147611389865e+00 2.375785993208486546e-01
7.900000000000000000e+01 1.310000000000000000e+02 5.453357711086861848e+00 2.801219218259120014e-01
9.200000000000000000e+01 1.630000000000000000e+02 5.887366497094159712e+00 3.099972280027408211e-01
9.700000000000000000e+01 1.890000000000000000e+02 6.107924068058939504e+00 3.322662196558385794e-01
9.700000000000000000e+01 2.350000000000000000e+02 5.632800806929308735e+00 3.694779747937267378e-01
9.300000000000000000e+01 2.360000000000000000e+02 5.041769717326483935e+00 3.788415109876968057e-01
8.700000000000000000e+01 2.360000000000000000e+02 4.225198308589073193e+00 3.598762767015964426e-01
8.600000000000000000e+01 2.500000000000000000e+02 4.392838710838557148e+00 3.341483273229151618e-01
8.700000000000000000e+01 2.910000000000000000e+02 4.265925215055738740e+00 3.564439864992887674e-01
8.600000000000000000e+01 2.940000000000000000e+02 4.081124210854342849e+00 4.082710091344500247e-01
8.700000000000000000e+01 2.920000000000000000e+02 4.707661748811221791e+00 4.465092647261793557e-01
8.200000000000000000e+01 2.880000000000000000e+02 4.079199363875898321e+00 4.417684347432460079e-01
7.800000000000000000e+01 2.880000000000000000e+02 3.704141263062451728e+00 4.600725270025596281e-01
8.100000000000000000e+01 2.990000000000000000e+02 3.977252615711259320e+00 4.570817098931564404e-01
7.700000000000000000e+01 2.950000000000000000e+02 3.572931422304140181e+00 4.541859173670518279e-01
7.600000000000000000e+01 2.900000000000000000e+02 3.077850833052592439e+00 4.107707484166621681e-01
8.100000000000000000e+01 3.120000000000000000e+02 2.972217280599855904e+00 3.989564349527437992e-01
7.800000000000000000e+01 3.090000000000000000e+02 2.193019852250879254e+00 3.970348497128778353e-01
8.000000000000000000e+01 3.080000000000000000e+02 2.137328518170075853e+00 3.747442122843922530e-01
7.900000000000000000e+01 3.090000000000000000e+02 2.090598830170156130e+00 3.831450301452940521e-01
7.900000000000000000e+01 3.160000000000000000e+02 2.297480099691672439e+00 4.079754412511484296e-01
8.000000000000000000e+01 3.230000000000000000e+02 2.763004632182464615e+00 4.410523897915660796e-01
8.000000000000000000e+01 3.210000000000000000e+02 3.297170196182605650e+00 4.380387064730700830e-01
8.000000000000000000e+01 3.260000000000000000e+02 3.687572038892169335e+00 4.560508625248833603e-01
8.800000000000000000e+01 3.590000000000000000e+02 3.872446608472599916e+00 5.161820464222093285e-01
8.600000000000000000e+01 3.580000000000000000e+02 4.112299105232660068e+00 5.954464506616078401e-01
8.500000000000000000e+01 3.590000000000000000e+02 4.344330492566164104e+00 7.041048028783005730e-01
8.500000000000000000e+01 3.600000000000000000e+02 4.896384772961692278e+00 7.957149588364386128e-01
8.500000000000000000e+01 3.570000000000000000e+02 5.288685626183105448e+00 8.795102183070842017e-01
8.700000000000000000e+01 3.590000000000000000e+02 5.885122180058188768e+00 9.980469199573450689e-01
8.900000000000000000e+01 3.630000000000000000e+02 6.531254939727813458e+00 1.146814180788076731e+00
9.100000000000000000e+01 3.650000000000000000e+02 7.049218694751675507e+00 1.314117738542377234e+00
8.500000000000000000e+01 3.470000000000000000e+02 6.257138844096836294e+00 1.328515949126719775e+00
7.800000000000000000e+01 3.240000000000000000e+02 5.465527146366341960e+00 1.270729072953621142e+00
6.700000000000000000e+01 2.920000000000000000e+02 3.630907763349182638e+00 1.116329838639247729e+00
6.700000000000000000e+01 2.730000000000000000e+02 3.638919604795114893e+00 1.010903247917319447e+00
6.500000000000000000e+01 2.620000000000000000e+02 3.324531362181699201e+00 9.939532612002722756e-01
6.900000000000000000e+01 2.480000000000000000e+02 3.602752092956371222e+00 9.290838481783086911e-01
6.600000000000000000e+01 2.200000000000000000e+02 3.171607929893627276e+00 7.378258349442203823e-01
6.300000000000000000e+01 2.100000000000000000e+02 2.700973817927282195e+00 6.542973168625721980e-01
6.300000000000000000e+01 2.050000000000000000e+02 3.170443860757075516e+00 6.175757033379721817e-01
7.200000000000000000e+01 2.030000000000000000e+02 3.693397003297813175e+00 6.194380049212490080e-01
7.100000000000000000e+01 2.030000000000000000e+02 3.681705253736446082e+00 6.735759294338405923e-01
8.000000000000000000e+01 2.180000000000000000e+02 3.355430164646653779e+00 6.713195840480538079e-01
8.200000000000000000e+01 2.160000000000000000e+02 3.662968411430751026e+00 6.777915249047289370e-01
8.000000000000000000e+01 2.100000000000000000e+02 3.803334818116197447e+00 7.020763136779170077e-01
7.800000000000000000e+01 2.030000000000000000e+02 3.492105873756507162e+00 6.175935766647403513e-01
7.600000000000000000e+01 1.930000000000000000e+02 3.572791365281287046e+00 5.707844532953619821e-01
7.300000000000000000e+01 1.930000000000000000e+02 2.699626655197109315e+00 5.858596998046180504e-01
7.500000000000000000e+01 1.860000000000000000e+02 2.631700769055430378e+00 5.937640669328064780e-01
7.800000000000000000e+01 1.870000000000000000e+02 2.874442900619291308e+00 5.801561474930494455e-01
8.200000000000000000e+01 1.860000000000000000e+02 3.100584194901558455e+00 5.670470589490771429e-01
8.400000000000000000e+01 1.830000000000000000e+02 3.616004128126667272e+00 5.606698177627923441e-01
8.300000000000000000e+01 1.790000000000000000e+02 3.703088551668570538e+00 5.661483220059564392e-01
8.100000000000000000e+01 1.720000000000000000e+02 3.189534486998753859e+00 4.114051505299143874e-01
8.600000000000000000e+01 1.720000000000000000e+02 3.459793060587579738e+00 3.140877218148316330e-01
8.300000000000000000e+01 1.680000000000000000e+02 3.211275569264770091e+00 2.984527178384656643e-01
8.100000000000000000e+01 1.660000000000000000e+02 3.275876246442415596e+00 2.884603152990888875e-01
8.200000000000000000e+01 1.730000000000000000e+02 3.068124815008052231e+00 3.077444617449466291e-01
8.700000000000000000e+01 1.840000000000000000e+02 3.154726444660139961e+00 2.933251125597876041e-01
8.900000000000000000e+01 1.850000000000000000e+02 3.470243992554655765e+00 2.620386563323711671e-01
8.800000000000000000e+01 1.820000000000000000e+02 3.583090783383381606e+00 2.348134660594904666e-01
8.400000000000000000e+01 1.860000000000000000e+02 3.190486754111565570e+00 2.635324178352578817e-01
8.300000000000000000e+01 1.850000000000000000e+02 3.470021457903634587e+00 2.744213147497436278e-01
8.200000000000000000e+01 1.850000000000000000e+02 3.796568209506053559e+00 3.118258359262287005e-01
8.500000000000000000e+01 1.890000000000000000e+02 4.173809581219646958e+00 3.362498997416595303e-01
8.700000000000000000e+01 2.030000000000000000e+02 4.407352432225827066e+00 3.756656204667262466e-01
8.300000000000000000e+01 2.030000000000000000e+02 4.280060076458655161e+00 4.157463232470184344e-01
8.200000000000000000e+01 2.030000000000000000e+02 4.526198470407189589e+00 4.535101538665727294e-01
8.100000000000000000e+01 1.980000000000000000e+02 5.016912989081801832e+00 4.757389411519823419e-01
8.500000000000000000e+01 2.030000000000000000e+02 5.579580546792690221e+00 5.086580115067151908e-01
8.400000000000000000e+01 2.080000000000000000e+02 5.559530134895604547e+00 5.240181549649205461e-01
8.400000000000000000e+01 2.150000000000000000e+02 5.209313422416359529e+00 5.865802281477729974e-01
8.500000000000000000e+01 2.100000000000000000e+02 4.854934691482874598e+00 4.871905887518178102e-01
8.600000000000000000e+01 2.240000000000000000e+02 4.426995487459971734e+00 4.365740934643433935e-01
8.300000000000000000e+01 2.200000000000000000e+02 4.334882806635119046e+00 4.393779894547816811e-01
7.800000000000000000e+01 2.160000000000000000e+02 3.714219281690171570e+00 4.483110816218813244e-01
8.000000000000000000e+01 2.190000000000000000e+02 4.327322065648691485e+00 4.447121117972930304e-01
7.900000000000000000e+01 2.240000000000000000e+02 4.025178807126869707e+00 4.728019307867348808e-01
8.000000000000000000e+01 2.290000000000000000e+02 4.234942461571163719e+00 4.979571139547006031e-01
8.000000000000000000e+01 2.240000000000000000e+02 4.216776194859395588e+00 4.984935525501131282e-01
8.000000000000000000e+01 2.370000000000000000e+02 3.968717180603713590e+00 5.007823647878182349e-01
7.900000000000000000e+01 2.340000000000000000e+02 3.811679856723918292e+00 5.167884961852451386e-01
7.800000000000000000e+01 2.330000000000000000e+02 3.683426143065378078e+00 5.520900501936327753e-01
8.000000000000000000e+01 2.350000000000000000e+02 4.039585166124043170e+00 5.174000956559696718e-01
8.000000000000000000e+01 2.280000000000000000e+02 3.901675626038588529e+00 4.585825884508848982e-01
7.800000000000000000e+01 2.290000000000000000e+02 3.526962708627198850e+00 4.790471132802099352e-01
7.800000000000000000e+01 2.410000000000000000e+02 3.784953411745746621e+00 5.071514266035942464e-01
7.700000000000000000e+01 2.500000000000000000e+02 3.398673401431992147e+00 5.340748537968937892e-01
7.300000000000000000e+01 2.380000000000000000e+02 3.037931715831099666e+00 4.853107167802231947e-01
6.900000000000000000e+01 2.280000000000000000e+02 2.615636878561846235e+00 4.450537075517344010e-01
7.300000000000000000e+01 2.330000000000000000e+02 2.569273314691918220e+00 4.329887876572747207e-01
7.700000000000000000e+01 2.350000000000000000e+02 2.795450475739772234e+00 4.289059099681604148e-01
9.100000000000000000e+01 2.700000000000000000e+02 2.995919308926836333e+00 4.670424350943896963e-01
9.100000000000000000e+01 2.690000000000000000e+02 3.539081770574640018e+00 5.034146979447907677e-01
8.800000000000000000e+01 2.650000000000000000e+02 3.495181260674462109e+00 5.409736653458483424e-01
8.500000000000000000e+01 2.550000000000000000e+02 3.426491734326956529e+00 5.220066803966448843e-01
8.900000000000000000e+01 2.520000000000000000e+02 4.029890619454385536e+00 5.137609741787072526e-01
9.000000000000000000e+01 2.570000000000000000e+02 4.697935634635373781e+00 5.270551710335159568e-01
9.000000000000000000e+01 2.590000000000000000e+02 4.625459585142403185e+00 6.190346874625850537e-01
9.000000000000000000e+01 2.550000000000000000e+02 4.922677126970671502e+00 6.544739219282476039e-01
9.400000000000000000e+01 2.560000000000000000e+02 5.215580393469040565e+00 6.629967674454463333e-01
9.300000000000000000e+01 2.510000000000000000e+02 5.044383466007600347e+00 6.725241097806207158e-01
8.800000000000000000e+01 2.430000000000000000e+02 4.407203569371568541e+00 6.686562089068072146e-01
8.700000000000000000e+01 2.400000000000000000e+02 3.823194137740880016e+00 5.824615538625143030e-01
8.600000000000000000e+01 2.300000000000000000e+02 3.945439319435880332e+00 5.466975636807804850e-01
9.000000000000000000e+01 2.500000000000000000e+02 3.712299983873338594e+00 5.890848436295584856e-01
9.200000000000000000e+01 2.520000000000000000e+02 4.105383613461521364e+00 5.856846130173795073e-01
9.400000000000000000e+01 2.560000000000000000e+02 3.777459707820542523e+00 6.037342024533635110e-01
9.400000000000000000e+01 2.540000000000000000e+02 4.399539499481612381e+00 5.728523938583778286e-01
9.300000000000000000e+01 2.560000000000000000e+02 4.366557671191442225e+00 6.064337658581607782e-01
9.400000000000000000e+01 2.610000000000000000e+02 3.896843174125991460e+00 5.835589316631991652e-01
9.600000000000000000e+01 2.840000000000000000e+02 3.597184611672502363e+00 5.952456807253682092e-01
9.400000000000000000e+01 2.810000000000000000e+02 3.687506992142747908e+00 6.217534684940164702e-01
9.400000000000000000e+01 2.730000000000000000e+02 3.890621763374137121e+00 6.040560779043164796e-01
9.300000000000000000e+01 2.690000000000000000e+02 3.835562312992111256e+00 6.207306629288549260e-01
9.600000000000000000e+01 2.690000000000000000e+02 4.286637265443406619e+00 6.221105634721050270e-01
9.700000000000000000e+01 2.660000000000000000e+02 4.743059490937976186e+00 5.912613616716219100e-01
9.800000000000000000e+01 2.590000000000000000e+02 4.794142775980868798e+00 5.532763048271310824e-01
9.900000000000000000e+01 2.630000000000000000e+02 4.786104123972622304e+00 5.958986150194676146e-01
1.040000000000000000e+02 2.770000000000000000e+02 5.567284280231409532e+00 6.357929049088718587e-01
1.030000000000000000e+02 2.700000000000000000e+02 5.984001764781735844e+00 6.352367538926148027e-01
1.000000000000000000e+02 2.620000000000000000e+02 5.944807465791727807e+00 6.467535074532579920e-01
9.300000000000000000e+01 2.460000000000000000e+02 4.579625696468916374e+00 5.117276721303809506e-01
9.000000000000000000e+01 2.380000000000000000e+02 4.006273479409130367e+00 4.530233796199936158e-01
9.000000000000000000e+01 2.450000000000000000e+02 3.823269365524272434e+00 4.499741567932130093e-01
9.600000000000000000e+01 2.560000000000000000e+02 4.471165543773850892e+00 4.632005749335483258e-01
9.500000000000000000e+01 2.560000000000000000e+02 4.450945309217016366e+00 4.948502625134873489e-01
9.400000000000000000e+01 2.610000000000000000e+02 4.394921225871239123e+00 5.169841947788820224e-01
9.900000000000000000e+01 2.750000000000000000e+02 4.694518033910377142e+00 5.347874801788508048e-01
9.600000000000000000e+01 2.720000000000000000e+02 4.716023625681430076e+00 5.918787771739452142e-01
9.400000000000000000e+01 2.660000000000000000e+02 5.049751741318668330e+00 5.897758330721961650e-01
9.300000000000000000e+01 2.640000000000000000e+02 5.149785875004926794e+00 6.188691159498527217e-01
9.400000000000000000e+01 2.740000000000000000e+02 5.210721057387244670e+00 6.886443426479106344e-01
9.400000000000000000e+01 2.690000000000000000e+02 5.081320263665836556e+00 7.178705005185774812e-01
9.100000000000000000e+01 2.650000000000000000e+02 5.105823936523412598e+00 7.916429163051190709e-01
8.800000000000000000e+01 2.550000000000000000e+02 4.722112826779671479e+00 7.708480393672828557e-01
8.900000000000000000e+01 2.560000000000000000e+02 4.555567471898497978e+00 7.555917400919583971e-01
8.700000000000000000e+01 2.470000000000000000e+02 4.126621645226792978e+00 7.453131826046968111e-01
8.700000000000000000e+01 2.410000000000000000e+02 4.324900190418821566e+00 7.333254154818164006e-01
8.600000000000000000e+01 2.330000000000000000e+02 4.588425113778521691e+00 7.376261695224258785e-01
8.700000000000000000e+01 2.270000000000000000e+02 4.655583083848597425e+00 7.013679312988855274e-01
8.600000000000000000e+01 2.070000000000000000e+02 4.393057415710694080e+00 5.708837832683434366e-01
8.400000000000000000e+01 1.980000000000000000e+02 4.364878123090762507e+00 5.105647372542604367e-01
8.500000000000000000e+01 1.940000000000000000e+02 4.506839090784469093e+00 5.024229643272615231e-01
8.600000000000000000e+01 1.970000000000000000e+02 4.973800398229097475e+00 5.036110373761335524e-01
9.100000000000000000e+01 2.120000000000000000e+02 4.508635053944940019e+00 5.288339254108463949e-01
8.900000000000000000e+01 2.100000000000000000e+02 4.491518217909515442e+00 5.322583573112631417e-01
9.100000000000000000e+01 2.250000000000000000e+02 4.427972486804302221e+00 5.435304279489390211e-01
8.800000000000000000e+01 2.190000000000000000e+02 4.446601170712739304e+00 5.377119192388322144e-01
8.600000000000000000e+01 2.090000000000000000e+02 4.414553640870161999e+00 4.709660236889819385e-01
8.900000000000000000e+01 2.110000000000000000e+02 4.615567655734114538e+00 4.490309775598679276e-01
8.700000000000000000e+01 2.110000000000000000e+02 4.504579287190746406e+00 4.990452555549183544e-01
8.600000000000000000e+01 2.140000000000000000e+02 3.932968997157296087e+00 5.635356835304415890e-01
8.600000000000000000e+01 2.140000000000000000e+02 4.354482924949686584e+00 5.832236474961970396e-01
8.300000000000000000e+01 2.070000000000000000e+02 4.311604179731597597e+00 5.867291410210082603e-01
7.700000000000000000e+01 1.970000000000000000e+02 3.653465629824792948e+00 5.655673796634937966e-01
7.900000000000000000e+01 1.990000000000000000e+02 3.787099158475298655e+00 5.466987193041443760e-01
8.100000000000000000e+01 1.980000000000000000e+02 3.716388665927605306e+00 5.258117087982522309e-01
7.600000000000000000e+01 1.850000000000000000e+02 3.136725774384997667e+00 4.519956243371596183e-01
7.700000000000000000e+01 1.870000000000000000e+02 3.199160609274278144e+00 4.212850079782385904e-01
8.500000000000000000e+01 2.000000000000000000e+02 3.756688330947810517e+00 4.044766571696118973e-01
8.500000000000000000e+01 2.090000000000000000e+02 3.657834638207459133e+00 4.329309956109101964e-01
8.200000000000000000e+01 2.000000000000000000e+02 3.620595415903890224e+00 3.987796451593590974e-01
8.200000000000000000e+01 1.920000000000000000e+02 4.013102082065956644e+00 3.629272479662438156e-01
8.300000000000000000e+01 1.930000000000000000e+02 3.923757136687304303e+00 3.961429636880830496e-01
8.200000000000000000e+01 1.890000000000000000e+02 4.353676329798854994e+00 4.135408945186830887e-01
7.900000000000000000e+01 1.820000000000000000e+02 4.368511011717115089e+00 3.809919859264640496e-01
7.700000000000000000e+01 1.770000000000000000e+02 4.292689334704456350e+00 3.883368035476436608e-01
7.500000000000000000e+01 1.730000000000000000e+02 4.301208992375847195e+00 3.914486974075147563e-01
