0.000000000000000000e+00 0.000000000000000000e+00 0.000000000000000000e+00 0.000000000000000000e+00
1.000000000000000000e+00 1.000000000000000000e+00 2.182292271754151852e-04 4.946597623353541804e-05
7.000000000000000000e+00 9.000000000000000000e+00 1.601977352625662482e-03 4.558943379671181410e-04
8.000000000000000000e+00 1.000000000000000000e+01 2.365746115390279531e-03 6.039486984175065389e-04
1.100000000000000000e+01 1.400000000000000000e+01 3.822986869971883167e-03 9.321289263659628382e-04
2.100000000000000000e+01 2.500000000000000000e+01 7.297955373792372122e-03 1.677069581682573418e-03
2.400000000000000000e+01 3.100000000000000000e+01 1.041682423059046847e-02 2.334960002457817877e-03
3.500000000000000000e+01 4.500000000000000000e+01 1.631826028064793654e-02 3.529265954178674187e-03
4.300000000000000000e+01 7.800000000000000000e+01 2.353025815059026429e-02 5.919192783060900180e-03
5.000000000000000000e+01 1.060000000000000000e+02 3.290059238985610507e-02 8.574581454516512491e-03
5.000000000000000000e+01 1.080000000000000000e+02 4.379950523576019855e-02 1.051116943701675341e-02
5.300000000000000000e+01 1.410000000000000000e+02 5.884191135681295093e-02 1.438900096354446198e-02
5.600000000000000000e+01 1.460000000000000000e+02 7.865013782562012279e-02 1.770463282911638112e-02
5.700000000000000000e+01 1.500000000000000000e+02 1.042032660910353209e-01 2.166434210432779950e-02
5.800000000000000000e+01 1.550000000000000000e+02 1.375786519125472562e-01 2.649657987077669655e-02
6.000000000000000000e+01 1.660000000000000000e+02 1.811855073520323711e-01 3.262408444128404861e-02
6.000000000000000000e+01 1.680000000000000000e+02 2.371525812576106840e-01 3.956696341605842049e-02
6.600000000000000000e+01 1.860000000000000000e+02 3.104089570353281147e-01 4.871368145607189032e-02
6.700000000000000000e+01 1.860000000000000000e+02 4.029624150816349393e-01 5.882645591412587888e-02
6.800000000000000000e+01 1.990000000000000000e+02 5.203683080054186672e-01 7.160366499751784353e-02
6.800000000000000000e+01 2.020000000000000000e+02 6.679217889520918661e-01 8.642602327626366931e-02
6.800000000000000000e+01 2.100000000000000000e+02 8.520429667510559524e-01 1.044010883058104078e-01
6.800000000000000000e+01 2.180000000000000000e+02 1.079681650452743336e+00 1.258629021027377060e-01
7.500000000000000000e+01 2.290000000000000000e+02 1.359871074515598854e+00 1.515825561607428151e-01
7.700000000000000000e+01 2.340000000000000000e+02 1.698356896659280579e+00 1.818649941524138891e-01
8.100000000000000000e+01 2.390000000000000000e+02 2.104348440257798103e+00 2.177731207229982591e-01
9.400000000000000000e+01 2.750000000000000000e+02 2.587160251968114277e+00 2.617737283216709510e-01
9.500000000000000000e+01 2.780000000000000000e+02 3.149806960798671174e+00 3.120894699497712699e-01
9.900000000000000000e+01 2.920000000000000000e+02 3.800607456815631391e+00 3.718025415718483329e-01
1.000000000000000000e+02 2.970000000000000000e+02 4.542514588218898197e+00 4.413768589647954488e-01
1.040000000000000000e+02 3.100000000000000000e+02 5.378651832957815238e+00 5.230604828796318051e-01
1.030000000000000000e+02 3.140000000000000000e+02 6.090349187383650609e+00 6.177295479019557778e-01
1.090000000000000000e+02 3.510000000000000000e+02 6.438018534283878935e+00 6.753289357924757708e-01
1.150000000000000000e+02 4.060000000000000000e+02 6.976639103002238329e+00 7.625065764981365790e-01
1.130000000000000000e+02 4.070000000000000000e+02 7.548833892626734432e+00 8.501207687382623668e-01
1.120000000000000000e+02 4.250000000000000000e+02 7.520812139699914134e+00 9.065237737602905854e-01
1.080000000000000000e+02 4.280000000000000000e+02 7.595316875631223930e+00 9.798930546924764506e-01
1.010000000000000000e+02 4.600000000000000000e+02 5.814154686908107550e+00 1.080289324166499032e+00
9.700000000000000000e+01 4.510000000000000000e+02 5.141736937309495659e+00 9.963034801230312709e-01
8.800000000000000000e+01 4.400000000000000000e+02 3.451062021292586213e+00 9.103670427640202512e-01
8.800000000000000000e+01 4.430000000000000000e+02 3.455667521782205487e+00 8.666798372024679953e-01
8.300000000000000000e+01 4.320000000000000000e+02 2.532053438624093378e+00 7.631364637878682577e-01
9.100000000000000000e+01 4.450000000000000000e+02 2.770794174654180431e+00 6.811884796522227337e-01
9.100000000000000000e+01 4.380000000000000000e+02 3.020351347294794486e+00 6.558737822772143788e-01
9.000000000000000000e+01 4.400000000000000000e+02 3.307713334178780773e+00 6.593363252581737610e-01
8.900000000000000000e+01 4.360000000000000000e+02 3.420016477025678459e+00 6.557793816339805293e-01
8.900000000000000000e+01 4.310000000000000000e+02 4.011511385731798107e+00 6.893981931399003615e-01
8.600000000000000000e+01 4.210000000000000000e+02 3.655624039323271290e+00 6.911499166392289784e-01
9.600000000000000000e+01 4.670000000000000000e+02 4.070751560849071637e+00 7.228730876844352560e-01
9.500000000000000000e+01 4.570000000000000000e+02 4.518641637054111371e+00 7.312157386869023723e-01
9.400000000000000000e+01 4.570000000000000000e+02 4.765377288425409752e+00 7.988518770992194540e-01
9.500000000000000000e+01 4.640000000000000000e+02 5.270552281431664987e+00 8.591128947548841710e-01
9.500000000000000000e+01 4.600000000000000000e+02 5.839223645685209796e+00 9.307318545671499077e-01
9.000000000000000000e+01 4.550000000000000000e+02 5.689445959690578647e+00 9.960803126768468241e-01
9.700000000000000000e+01 4.720000000000000000e+02 6.139037061278546759e+00 1.073927627304426924e+00
9.600000000000000000e+01 4.720000000000000000e+02 6.836555603213390953e+00 1.163333190553777152e+00
9.600000000000000000e+01 4.730000000000000000e+02 6.262195516824481167e+00 1.121902894397081463e+00
9.400000000000000000e+01 4.930000000000000000e+02 5.641079325654139609e+00 1.188239199973251115e+00
8.900000000000000000e+01 4.830000000000000000e+02 5.302310101753588079e+00 1.244961899728811439e+00
8.900000000000000000e+01 4.920000000000000000e+02 5.287294555336963242e+00 1.346914349304663583e+00
8.700000000000000000e+01 4.970000000000000000e+02 4.858043214829803169e+00 1.468659020524597070e+00
8.900000000000000000e+01 5.000000000000000000e+02 5.356578970094740377e+00 1.609218723941845397e+00
8.500000000000000000e+01 4.950000000000000000e+02 4.721434807785257703e+00 1.613737590139530553e+00
8.700000000000000000e+01 4.950000000000000000e+02 4.529462992596140047e+00 1.385054071289888888e+00
8.500000000000000000e+01 4.860000000000000000e+02 3.950320087329984631e+00 1.338509590494176393e+00
8.400000000000000000e+01 5.040000000000000000e+02 3.641231132427215744e+00 1.260664968145708720e+00
8.500000000000000000e+01 5.150000000000000000e+02 3.904156218706387627e+00 1.237957019053205432e+00
8.100000000000000000e+01 4.880000000000000000e+02 3.590532753951299227e+00 1.118750967410409469e+00
8.200000000000000000e+01 4.980000000000000000e+02 3.374499336833774343e+00 1.045129129373378429e+00
8.500000000000000000e+01 5.090000000000000000e+02 3.450435925111058122e+00 1.009063400975370728e+00
8.300000000000000000e+01 4.920000000000000000e+02 3.536643488350812436e+00 9.649506149135147481e-01
8.300000000000000000e+01 4.770000000000000000e+02 4.113185383132226036e+00 9.317570420047707191e-01
7.900000000000000000e+01 4.540000000000000000e+02 3.834176967778039291e+00 8.183132635104282127e-01
7.600000000000000000e+01 4.470000000000000000e+02 3.501013322661133742e+00 8.115973481759087838e-01
7.400000000000000000e+01 4.380000000000000000e+02 3.266098188770775845e+00 8.250346947704023659e-01
8.000000000000000000e+01 4.620000000000000000e+02 3.833735384756115749e+00 8.479296183325265579e-01
8.900000000000000000e+01 4.880000000000000000e+02 4.161793510666534246e+00 9.407923175047847586e-01
8.800000000000000000e+01 4.850000000000000000e+02 4.618831506969626410e+00 1.054730102010964066e+00
8.700000000000000000e+01 4.730000000000000000e+02 4.034277065041903754e+00 9.322616933757503777e-01
8.700000000000000000e+01 4.730000000000000000e+02 4.138126679253917750e+00 9.127871651357695182e-01
8.500000000000000000e+01 4.650000000000000000e+02 4.328150748824625360e+00 9.538083673241819493e-01
8.600000000000000000e+01 4.780000000000000000e+02 4.301492594957756488e+00 9.866235487776812141e-01
8.600000000000000000e+01 4.810000000000000000e+02 4.686959957671099630e+00 1.058241061533062410e+00
8.600000000000000000e+01 4.840000000000000000e+02 4.858433701263943583e+00 1.193806701875020027e+00
8.600000000000000000e+01 4.970000000000000000e+02 4.314841825326205083e+00 1.233608574162518901e+00
8.400000000000000000e+01 4.920000000000000000e+02 4.522325173443866753e+00 1.300448546860007770e+00
8.400000000000000000e+01 5.030000000000000000e+02 4.357679845876323732e+00 1.309903265097394520e+00
7.900000000000000000e+01 4.840000000000000000e+02 3.617748048526482130e+00 1.283160423869913469e+00
8.100000000000000000e+01 4.760000000000000000e+02 3.976492218841348070e+00 1.318641457908259929e+00
8.900000000000000000e+01 4.750000000000000000e+02 4.394072465701256647e+00 1.328696560284659212e+00
8.700000000000000000e+01 4.610000000000000000e+02 4.517930706494063031e+00 1.363210389380093979e+00
8.500000000000000000e+01 4.710000000000000000e+02 4.501892606214864756e+00 1.426730196860734656e+00
8.400000000000000000e+01 4.610000000000000000e+02 4.211985922949680550e+00 1.496565595135199933e+00
8.400000000000000000e+01 4.330000000000000000e+02 4.364541686494264994e+00 1.383715570227498803e+00
8.800000000000000000e+01 4.410000000000000000e+02 4.092361910489046295e+00 1.351387059910184041e+00
8.400000000000000000e+01 4.180000000000000000e+02 3.175412397447127777e+00 1.241808602785752225e+00
8.400000000000000000e+01 3.870000000000000000e+02 3.462620405165471205e+00 1.061189759880306172e+00
8.800000000000000000e+01 3.800000000000000000e+02 3.720700087346167972e+00 1.020286431785490278e+00
8.400000000000000000e+01 3.580000000000000000e+02 3.452149550369821629e+00 9.161761579559816182e-01
9.000000000000000000e+01 3.610000000000000000e+02 3.307377056189984010e+00 7.575480109565985165e-01
9.800000000000000000e+01 3.790000000000000000e+02 3.875713983249713834e+00 6.976385078687642460e-01
9.800000000000000000e+01 3.950000000000000000e+02 3.984004551797743598e+00 7.377812950128437297e-01
1.020000000000000000e+02 4.100000000000000000e+02 4.294805629110514111e+00 8.179603804105046727e-01
1.020000000000000000e+02 4.470000000000000000e+02 4.778066408357736883e+00 9.131762745753905230e-01
1.010000000000000000e+02 4.490000000000000000e+02 5.197990413961832701e+00 1.047934100172368987e+00
9.600000000000000000e+01 4.330000000000000000e+02 4.879507472443420646e+00 1.053607741636096939e+00
8.900000000000000000e+01 4.090000000000000000e+02 4.078527897726857532e+00 9.587903300558804354e-01
8.700000000000000000e+01 3.970000000000000000e+02 3.984336677676991290e+00 9.683889225122956912e-01
8.500000000000000000e+01 3.810000000000000000e+02 4.191792197877957094e+00 9.306992608298563230e-01
8.500000000000000000e+01 3.730000000000000000e+02 3.830551254044018972e+00 9.222505117733755808e-01
8.600000000000000000e+01 3.760000000000000000e+02 4.468997154517822423e+00 9.506384263347791297e-01
8.200000000000000000e+01 3.640000000000000000e+02 4.023440954445351991e+00 9.462979989405488901e-01
8.100000000000000000e+01 3.550000000000000000e+02 4.165227288634629765e+00 9.532655092019772791e-01
8.100000000000000000e+01 3.490000000000000000e+02 4.420595933348376860e+00 9.807438623008924994e-01
7.900000000000000000e+01 3.320000000000000000e+02 4.161276342917720861e+00 9.303857232450780668e-01
8.100000000000000000e+01 3.190000000000000000e+02 4.622306576219941121e+00 9.120259338504749236e-01
8.000000000000000000e+01 3.000000000000000000e+02 4.415848510767637514e+00 8.314612936825199752e-01
8.600000000000000000e+01 2.960000000000000000e+02 4.911912170327263460e+00 8.033218093440055441e-01
8.600000000000000000e+01 2.990000000000000000e+02 5.240713854284069662e+00 8.198969034229548480e-01
9.000000000000000000e+01 3.190000000000000000e+02 4.730584688426485940e+00 8.115421134874268860e-01
8.900000000000000000e+01 3.160000000000000000e+02 4.675307277908590464e+00 8.638603266368776179e-01
9.100000000000000000e+01 3.100000000000000000e+02 4.690444910103821030e+00 8.475153402941516534e-01
9.100000000000000000e+01 3.040000000000000000e+02 5.230546913515909502e+00 8.509565677865832400e-01
8.800000000000000000e+01 2.990000000000000000e+02 5.271576602054615535e+00 9.214774108994383539e-01
8.200000000000000000e+01 2.860000000000000000e+02 4.485259071661935160e+00 8.924359634374601224e-01
8.900000000000000000e+01 2.990000000000000000e+02 4.494227316491700819e+00 8.825584603772904657e-01
