0.000000000000000000e+00 0.000000000000000000e+00 0.000000000000000000e+00 0.000000000000000000e+00
1.000000000000000000e+01 8.000000000000000000e+00 2.182292271754151473e-03 3.957278098682833443e-04
1.700000000000000000e+01 9.000000000000000000e+00 4.453624485959621279e-03 5.307982010242136284e-04
2.400000000000000000e+01 1.000000000000000000e+01 7.494868024998465120e-03 6.948364834787131190e-04
2.500000000000000000e+01 1.200000000000000000e+01 1.025245275179298594e-02 9.434050914523439864e-04
2.800000000000000000e+01 1.600000000000000000e+01 1.436396895843402612e-02 1.344010931366994028e-03
4.100000000000000000e+01 3.500000000000000000e+01 2.201950388655086674e-02 2.572221278072548464e-03
4.400000000000000000e+01 4.700000000000000000e+01 3.003355928868433819e-02 3.718212615825563106e-03
4.500000000000000000e+01 4.700000000000000000e+01 4.022384424693238592e-02 4.515547038505286596e-03
5.000000000000000000e+01 5.200000000000000000e+01 5.456466007891510456e-02 5.728017659426669697e-03
5.000000000000000000e+01 5.200000000000000000e+01 7.238702826216639186e-02 6.948723602330508786e-03
5.000000000000000000e+01 5.200000000000000000e+01 9.578243401937709678e-02 8.423808704923050131e-03
5.300000000000000000e+01 5.400000000000000000e+01 1.270221480854365759e-01 1.030330598113064419e-02
5.400000000000000000e+01 5.400000000000000000e+01 1.672619101468890424e-01 1.247149752549069242e-02
5.500000000000000000e+01 5.600000000000000000e+01 2.193687342826391717e-01 1.518142258316235171e-02
5.700000000000000000e+01 6.200000000000000000e+01 2.866689616332582791e-01 1.863947210694719483e-02
6.200000000000000000e+01 7.100000000000000000e+01 3.734180464698925728e-01 2.294494049298559032e-02
6.600000000000000000e+01 8.100000000000000000e+01 4.834266338280513442e-01 2.816467457457098866e-02
6.900000000000000000e+01 8.600000000000000000e+01 6.218808193298255294e-01 3.417629986626768979e-02
7.600000000000000000e+01 1.010000000000000000e+02 7.957685992932216346e-01 4.186223998309117345e-02
7.900000000000000000e+01 1.080000000000000000e+02 1.010251847970687900e+00 5.065389990503589568e-02
9.000000000000000000e+01 1.360000000000000000e+02 1.274882569277687505e+00 6.217191995685411587e-02
9.100000000000000000e+01 1.470000000000000000e+02 1.593796170141743573e+00 7.505762283407348134e-02
9.100000000000000000e+01 1.540000000000000000e+02 1.975900324122647378e+00 9.016046246750537840e-02
9.100000000000000000e+01 1.610000000000000000e+02 2.428498192999745342e+00 1.080433709918098839e-01
9.500000000000000000e+01 1.800000000000000000e+02 2.958847007106912397e+00 1.297551424158999711e-01
9.900000000000000000e+01 2.010000000000000000e+02 3.571575412551658335e+00 1.554438644092276389e-01
1.000000000000000000e+02 2.050000000000000000e+02 4.269758801568996454e+00 1.847957194026544903e-01
1.020000000000000000e+02 2.110000000000000000e+02 5.055919632015029919e+00 2.192494771374044193e-01
1.030000000000000000e+02 2.150000000000000000e+02 5.929450008997878996e+00 2.593464195877124290e-01
1.030000000000000000e+02 2.150000000000000000e+02 6.887954071595936867e+00 3.057584632894264076e-01
1.010000000000000000e+02 2.180000000000000000e+02 6.409513902811742270e+00 3.387475663670854731e-01
1.060000000000000000e+02 2.240000000000000000e+02 6.023647495069536895e+00 3.618379744115794994e-01
1.020000000000000000e+02 2.240000000000000000e+02 5.550326465578444335e+00 3.986047765794223374e-01
9.800000000000000000e+01 2.230000000000000000e+02 5.421003238862790674e+00 4.406407465019446801e-01
9.700000000000000000e+01 2.180000000000000000e+02 6.006842025971828036e+00 4.504287929776152333e-01
9.100000000000000000e+01 2.330000000000000000e+02 4.571462592710231476e+00 4.317567924327071482e-01
8.800000000000000000e+01 2.230000000000000000e+02 4.254722664701760415e+00 3.556909250864618288e-01
8.900000000000000000e+01 2.240000000000000000e+02 4.107186273972764035e+00 3.418302270787733632e-01
8.300000000000000000e+01 2.200000000000000000e+02 3.285996136613795304e+00 3.549057191555408108e-01
8.100000000000000000e+01 2.170000000000000000e+02 3.402199776401670483e+00 3.720655051700995641e-01
8.200000000000000000e+01 2.170000000000000000e+02 3.763862357872063580e+00 4.185062123779629828e-01
8.000000000000000000e+01 2.150000000000000000e+02 4.005384468140519516e+00 4.625082182727894287e-01
8.100000000000000000e+01 2.140000000000000000e+02 4.711897069904926738e+00 5.150098976933851214e-01
8.100000000000000000e+01 2.140000000000000000e+02 5.232008357782395258e+00 5.853918610800603606e-01
7.800000000000000000e+01 2.130000000000000000e+02 5.369373210150529374e+00 6.666986410779214278e-01
7.800000000000000000e+01 2.140000000000000000e+02 5.511318060589752932e+00 7.049707429721003837e-01
7.600000000000000000e+01 2.050000000000000000e+02 5.914617134948734645e+00 7.103701920496965361e-01
7.300000000000000000e+01 2.000000000000000000e+02 6.030059296441161898e+00 7.489870525714498184e-01
7.400000000000000000e+01 1.960000000000000000e+02 5.272399360442658001e+00 7.722404243466499674e-01
7.300000000000000000e+01 1.910000000000000000e+02 5.239154564393443181e+00 7.863902588094879853e-01
8.100000000000000000e+01 1.860000000000000000e+02 4.849856531423542449e+00 6.787525548057536939e-01
8.100000000000000000e+01 1.830000000000000000e+02 4.246969637129743624e+00 6.283477370606301848e-01
8.200000000000000000e+01 1.760000000000000000e+02 4.324453557783444424e+00 5.944208312078086420e-01
8.300000000000000000e+01 1.810000000000000000e+02 4.085521406043430837e+00 6.112029187758631910e-01
8.200000000000000000e+01 1.740000000000000000e+02 3.967719261686167176e+00 5.605409644756931264e-01
8.400000000000000000e+01 1.670000000000000000e+02 3.795718483204577165e+00 4.496882268071936140e-01
8.300000000000000000e+01 1.580000000000000000e+02 3.650439988266529046e+00 3.950557183136459427e-01
8.000000000000000000e+01 1.520000000000000000e+02 3.533047482870180112e+00 3.653397836984472735e-01
8.400000000000000000e+01 1.480000000000000000e+02 4.093443364816880425e+00 3.206501603581640714e-01
8.200000000000000000e+01 1.460000000000000000e+02 4.176581481567788856e+00 3.403285526520694049e-01
8.200000000000000000e+01 1.510000000000000000e+02 4.131151126547370822e+00 3.426296915283012501e-01
7.900000000000000000e+01 1.460000000000000000e+02 3.385827487774389244e+00 3.176802634132042114e-01
7.400000000000000000e+01 1.420000000000000000e+02 2.671721669884766115e+00 3.227824872710658433e-01
7.300000000000000000e+01 1.390000000000000000e+02 2.557959215989172197e+00 3.386327891073317442e-01
7.600000000000000000e+01 1.450000000000000000e+02 2.680832743881563118e+00 3.796176667724453502e-01
7.900000000000000000e+01 1.400000000000000000e+02 2.457963560124616365e+00 3.088072870878407206e-01
7.700000000000000000e+01 1.440000000000000000e+02 2.104050670322030747e+00 2.774832566023232583e-01
7.600000000000000000e+01 1.380000000000000000e+02 1.844436704024150275e+00 2.353250747112878849e-01
7.600000000000000000e+01 1.330000000000000000e+02 2.223457792632988816e+00 2.076207716005840920e-01
7.600000000000000000e+01 1.320000000000000000e+02 2.662769490673431161e+00 1.986225846111074611e-01
8.000000000000000000e+01 1.410000000000000000e+02 2.951750202373937260e+00 2.067329293767908860e-01
8.700000000000000000e+01 1.640000000000000000e+02 3.202913637724168261e+00 2.458908706695643043e-01
8.500000000000000000e+01 1.640000000000000000e+02 3.332774573781677852e+00 2.904161592666310576e-01
8.800000000000000000e+01 1.650000000000000000e+02 3.976207778528320524e+00 3.196616960332004931e-01
8.700000000000000000e+01 1.720000000000000000e+02 4.460776971559381465e+00 3.659921265160564485e-01
8.700000000000000000e+01 1.680000000000000000e+02 5.026840010914232160e+00 3.738320301603440532e-01
8.800000000000000000e+01 1.690000000000000000e+02 5.628249197173683882e+00 4.042892177729444092e-01
8.700000000000000000e+01 1.680000000000000000e+02 6.261526201205088960e+00 4.495694956467544134e-01
8.700000000000000000e+01 1.770000000000000000e+02 6.122567279239141236e+00 4.896685956308898247e-01
8.500000000000000000e+01 1.810000000000000000e+02 6.565907101518511091e+00 5.131870512281292429e-01
7.900000000000000000e+01 1.720000000000000000e+02 5.873373065552581096e+00 4.797004932681249167e-01
7.100000000000000000e+01 1.630000000000000000e+02 4.839789698949287455e+00 4.525124732344181222e-01
6.800000000000000000e+01 1.550000000000000000e+02 4.742015501744269557e+00 4.177339899187284544e-01
6.500000000000000000e+01 1.440000000000000000e+02 4.737751160328159905e+00 3.521713012492957984e-01
6.300000000000000000e+01 1.420000000000000000e+02 4.083047169856113712e+00 3.434062555925920246e-01
6.200000000000000000e+01 1.400000000000000000e+02 3.152922205543911893e+00 3.102824063383258779e-01
6.100000000000000000e+01 1.330000000000000000e+02 3.419965046668148378e+00 2.654756470923303469e-01
6.300000000000000000e+01 1.360000000000000000e+02 3.714288314552009584e+00 2.554313122810739634e-01
6.100000000000000000e+01 1.340000000000000000e+02 3.470637345008216190e+00 2.687771039708423126e-01
6.200000000000000000e+01 1.390000000000000000e+02 3.537931142972141174e+00 2.980914864935528263e-01
6.800000000000000000e+01 1.420000000000000000e+02 3.569524321241283271e+00 2.840154828400397458e-01
6.900000000000000000e+01 1.440000000000000000e+02 3.389058165802437017e+00 2.994782992777121899e-01
7.100000000000000000e+01 1.510000000000000000e+02 3.430857924370501966e+00 3.385004215383491943e-01
7.100000000000000000e+01 1.540000000000000000e+02 3.716242449591722785e+00 3.815115207224286653e-01
7.000000000000000000e+01 1.490000000000000000e+02 3.855026199327230785e+00 3.889746176598005145e-01
6.900000000000000000e+01 1.470000000000000000e+02 3.733730536574134007e+00 3.788773846096102904e-01
6.700000000000000000e+01 1.430000000000000000e+02 3.566766392127170615e+00 3.531545788887049397e-01
6.400000000000000000e+01 1.420000000000000000e+02 3.114187831204790591e+00 3.776372407114347296e-01
6.300000000000000000e+01 1.420000000000000000e+02 3.309242770160510716e+00 4.143196705049690953e-01
6.800000000000000000e+01 1.570000000000000000e+02 3.502962334642455211e+00 4.604892132759283996e-01
6.700000000000000000e+01 1.640000000000000000e+02 3.366921419284718109e+00 4.668887038957317270e-01
6.500000000000000000e+01 1.590000000000000000e+02 2.961310224983809913e+00 3.679167003349993470e-01
6.700000000000000000e+01 1.600000000000000000e+02 2.652527307955113933e+00 3.428674422779595110e-01
7.900000000000000000e+01 1.840000000000000000e+02 2.098614751173436321e+00 3.471755139584377647e-01
8.200000000000000000e+01 1.860000000000000000e+02 2.209300885497532008e+00 3.136485319834849683e-01
8.000000000000000000e+01 1.910000000000000000e+02 2.055422789325818123e+00 3.287300366283509301e-01
8.000000000000000000e+01 1.930000000000000000e+02 2.205405397000915979e+00 3.167366710686362330e-01
7.900000000000000000e+01 1.910000000000000000e+02 2.356160914483236279e+00 3.399851044066641848e-01
7.700000000000000000e+01 1.830000000000000000e+02 2.338421501546228409e+00 3.037587858119503159e-01
7.500000000000000000e+01 1.790000000000000000e+02 2.282691827313898081e+00 2.627406866046350098e-01
7.600000000000000000e+01 1.780000000000000000e+02 2.715740585562671949e+00 2.319181821450406467e-01
7.600000000000000000e+01 1.770000000000000000e+02 3.206332331658519053e+00 2.312683030286314390e-01
7.500000000000000000e+01 1.770000000000000000e+02 3.192058693544873815e+00 2.727839381156301757e-01
7.600000000000000000e+01 1.810000000000000000e+02 3.763018211213953634e+00 3.032535069620415080e-01
7.600000000000000000e+01 1.780000000000000000e+02 4.180841423284604730e+00 3.217500932756061083e-01
7.400000000000000000e+01 1.790000000000000000e+02 3.750153382098958321e+00 3.453052547377362669e-01
7.400000000000000000e+01 1.790000000000000000e+02 4.116203451455304752e+00 3.694201020476567399e-01
7.400000000000000000e+01 1.740000000000000000e+02 4.567330625564779645e+00 3.619509869111380285e-01
7.200000000000000000e+01 1.730000000000000000e+02 4.752577326262145796e+00 4.027771046886051698e-01
7.000000000000000000e+01 1.680000000000000000e+02 5.043699881144258157e+00 4.132920268443831535e-01
6.700000000000000000e+01 1.630000000000000000e+02 4.850502102811488747e+00 3.977721433282417340e-01
6.300000000000000000e+01 1.590000000000000000e+02 4.344149980271994949e+00 4.096199280850034707e-01
6.600000000000000000e+01 1.640000000000000000e+02 4.005232413087146170e+00 4.030376005351462010e-01
6.400000000000000000e+01 1.620000000000000000e+02 3.355133662090350022e+00 4.405194655904311474e-01
6.100000000000000000e+01 1.620000000000000000e+02 3.224555329175631702e+00 4.852046893027945895e-01
6.000000000000000000e+01 1.590000000000000000e+02 3.375899658631940081e+00 5.160257749148581263e-01
6.200000000000000000e+01 1.590000000000000000e+02 3.764158439755117325e+00 5.520891857623703158e-01
6.400000000000000000e+01 1.580000000000000000e+02 4.409143791289571901e+00 5.936496597498702732e-01
6.800000000000000000e+01 1.740000000000000000e+02 5.113256584880525146e+00 6.563657882409317246e-01
6.500000000000000000e+01 1.640000000000000000e+02 5.219049653244781872e+00 6.535446982367580926e-01
6.200000000000000000e+01 1.550000000000000000e+02 4.759994145375800123e+00 6.602424037196232831e-01
6.100000000000000000e+01 1.440000000000000000e+02 4.991448650621311600e+00 6.250886186015232049e-01
5.700000000000000000e+01 1.360000000000000000e+02 4.711269245516170656e+00 6.144549731603947684e-01
4.900000000000000000e+01 1.270000000000000000e+02 2.872914463317946421e+00 5.042586329119037591e-01
4.800000000000000000e+01 1.200000000000000000e+02 2.091069432149539331e+00 3.876198760070819205e-01
4.600000000000000000e+01 1.080000000000000000e+02 1.846516583483043705e+00 2.955245476003215965e-01
5.200000000000000000e+01 1.120000000000000000e+02 1.604030581925462773e+00 2.244831742171511657e-01
5.100000000000000000e+01 1.080000000000000000e+02 1.556951165858267316e+00 1.875274404969249076e-01
5.100000000000000000e+01 1.070000000000000000e+02 1.474016148368008317e+00 1.897331476093275238e-01
5.100000000000000000e+01 1.070000000000000000e+02 1.400485729674416424e+00 2.011399392258879926e-01
5.500000000000000000e+01 1.080000000000000000e+02 1.663604953469948411e+00 1.738302739002354769e-01
5.900000000000000000e+01 1.070000000000000000e+02 1.961142429808409693e+00 1.675084264351930086e-01
6.400000000000000000e+01 1.170000000000000000e+02 2.295035819363256291e+00 1.714050302708200746e-01
6.700000000000000000e+01 1.180000000000000000e+02 2.166683042314867524e+00 1.806438771910053864e-01
7.200000000000000000e+01 1.300000000000000000e+02 2.056114096407632541e+00 2.007903569351221773e-01
7.100000000000000000e+01 1.260000000000000000e+02 2.202693710619395340e+00 1.902424889015551512e-01
7.100000000000000000e+01 1.250000000000000000e+02 2.347629963484212379e+00 1.869084044273319201e-01
7.200000000000000000e+01 1.250000000000000000e+02 2.753897579649319916e+00 1.838379169585562800e-01
7.000000000000000000e+01 1.270000000000000000e+02 2.683177692484604915e+00 2.170759867033301149e-01
7.100000000000000000e+01 1.280000000000000000e+02 2.855215437782250287e+00 2.555718538312662935e-01
7.400000000000000000e+01 1.300000000000000000e+02 3.120301262883703242e+00 2.758521398026171356e-01
7.600000000000000000e+01 1.360000000000000000e+02 3.627947590562945468e+00 3.012863254217911235e-01
7.400000000000000000e+01 1.380000000000000000e+02 3.315559253189487965e+00 2.763396608372117313e-01
7.800000000000000000e+01 1.430000000000000000e+02 2.895629654448675261e+00 2.881270669957645691e-01
8.200000000000000000e+01 1.540000000000000000e+02 2.607241618510215631e+00 3.139448518340248184e-01
8.200000000000000000e+01 1.520000000000000000e+02 3.063499569660902644e+00 3.273203058293009948e-01
8.000000000000000000e+01 1.550000000000000000e+02 2.898645240091473063e+00 3.547243172760717878e-01
7.900000000000000000e+01 1.560000000000000000e+02 3.176373954777762076e+00 3.642920249271964783e-01
8.100000000000000000e+01 1.470000000000000000e+02 3.270702237548413382e+00 2.930573935612640901e-01
8.000000000000000000e+01 1.450000000000000000e+02 3.049206083399771838e+00 2.949613446940654304e-01
8.400000000000000000e+01 1.450000000000000000e+02 3.083535485106658758e+00 3.040718735052985178e-01
8.800000000000000000e+01 1.520000000000000000e+02 3.636019386721640156e+00 3.146040638414180912e-01
9.500000000000000000e+01 1.640000000000000000e+02 4.014120729125332687e+00 3.513560948174924148e-01
9.800000000000000000e+01 1.740000000000000000e+02 4.173957899365983160e+00 3.593950782507744357e-01
9.600000000000000000e+01 1.690000000000000000e+02 4.398566132460543621e+00 3.297742230613970316e-01
9.600000000000000000e+01 1.650000000000000000e+02 5.100361374441658491e+00 3.220223572974026394e-01
9.300000000000000000e+01 1.600000000000000000e+02 4.671983182866318529e+00 2.899522202321737629e-01
8.900000000000000000e+01 1.580000000000000000e+02 4.391278406094038189e+00 3.039978756411703675e-01
9.500000000000000000e+01 1.870000000000000000e+02 4.568036385913528008e+00 3.183266884892544946e-01
9.300000000000000000e+01 1.860000000000000000e+02 4.719349911138838394e+00 3.523932040362743323e-01
9.000000000000000000e+01 1.830000000000000000e+02 4.784318182744523362e+00 3.631008110573081260e-01
8.700000000000000000e+01 1.810000000000000000e+02 4.844838657494435985e+00 3.865679851014182655e-01
8.400000000000000000e+01 1.790000000000000000e+02 4.704933699199573383e+00 3.599043942697780496e-01
7.800000000000000000e+01 1.800000000000000000e+02 3.751839288105705883e+00 3.850439818101469291e-01
7.800000000000000000e+01 1.740000000000000000e+02 3.183366849280557798e+00 3.368338280397668583e-01
8.400000000000000000e+01 1.920000000000000000e+02 3.023186313657033608e+00 3.416228876972026707e-01
8.400000000000000000e+01 1.920000000000000000e+02 3.361247059052686836e+00 3.409690027029976811e-01
8.500000000000000000e+01 1.880000000000000000e+02 3.961922382054790859e+00 3.333890356913365438e-01
8.500000000000000000e+01 1.880000000000000000e+02 4.328385861116168520e+00 3.695887009750150054e-01
8.500000000000000000e+01 1.870000000000000000e+02 4.831779097669990364e+00 4.061490191642988523e-01
8.000000000000000000e+01 1.870000000000000000e+02 4.426864132580926814e+00 4.658908140326850078e-01
8.300000000000000000e+01 1.950000000000000000e+02 4.915716381937689228e+00 4.672752341761826078e-01
8.600000000000000000e+01 1.890000000000000000e+02 5.690327981964053095e+00 4.438721770972844372e-01
8.200000000000000000e+01 1.870000000000000000e+02 4.946377319491722879e+00 4.479157715695460951e-01
8.000000000000000000e+01 1.980000000000000000e+02 4.523472765987891719e+00 4.012489174770698663e-01
7.800000000000000000e+01 2.040000000000000000e+02 3.963880272329112664e+00 4.219505143022447835e-01
7.600000000000000000e+01 2.000000000000000000e+02 4.140126418786385543e+00 4.253586517115401366e-01
7.700000000000000000e+01 2.120000000000000000e+02 4.509062782494302368e+00 4.381037542239309968e-01
7.700000000000000000e+01 2.140000000000000000e+02 5.004400885449226344e+00 4.381003833735652164e-01
7.700000000000000000e+01 2.190000000000000000e+02 5.295447909305916134e+00 4.691625539240064091e-01
7.600000000000000000e+01 2.200000000000000000e+02 5.355852493671174663e+00 5.009363074116484071e-01
7.300000000000000000e+01 2.160000000000000000e+02 4.659411382128157975e+00 5.336400518369942558e-01
6.300000000000000000e+01 2.100000000000000000e+02 3.007979857067838658e+00 5.570400338347391012e-01
6.100000000000000000e+01 1.990000000000000000e+02 2.547777540616194880e+00 4.876509220867557559e-01
5.900000000000000000e+01 1.910000000000000000e+02 2.499807803074019397e+00 4.651341233317012880e-01
6.500000000000000000e+01 2.060000000000000000e+02 2.672835565648437495e+00 4.742104534314418585e-01
6.400000000000000000e+01 2.100000000000000000e+02 2.915718240196638611e+00 4.963935682407825678e-01
6.300000000000000000e+01 2.080000000000000000e+02 3.163383825406409056e+00 5.497091157583409160e-01
5.800000000000000000e+01 1.930000000000000000e+02 2.593034654410151241e+00 4.510391041324375849e-01
5.700000000000000000e+01 1.850000000000000000e+02 2.806445592950221890e+00 4.023709772455216771e-01
5.600000000000000000e+01 1.830000000000000000e+02 3.025660153197843094e+00 4.036686314424038913e-01
5.600000000000000000e+01 1.800000000000000000e+02 3.252279295128857939e+00 4.307122853219632064e-01
5.800000000000000000e+01 1.830000000000000000e+02 3.791587982116912503e+00 4.412888388189091793e-01
5.600000000000000000e+01 1.860000000000000000e+02 3.924017868586350044e+00 4.739976463775231741e-01
6.600000000000000000e+01 1.910000000000000000e+02 4.517966698135184700e+00 4.750147300667819650e-01
6.500000000000000000e+01 1.880000000000000000e+02 4.004711309383605311e+00 4.036693064413815479e-01
6.900000000000000000e+01 1.910000000000000000e+02 3.140821667561733310e+00 3.989325666981859420e-01
6.600000000000000000e+01 1.870000000000000000e+02 2.858466375498297296e+00 4.144032679099211580e-01
6.700000000000000000e+01 1.920000000000000000e+02 3.032074563410622314e+00 4.344697784324552114e-01
6.500000000000000000e+01 1.930000000000000000e+02 2.967000229482895435e+00 4.835896713782817935e-01
6.800000000000000000e+01 1.990000000000000000e+02 3.206745897458557426e+00 5.464963154768834874e-01
6.700000000000000000e+01 1.900000000000000000e+02 3.488005912369362083e+00 5.287350292201118407e-01
7.000000000000000000e+01 1.960000000000000000e+02 3.093191450161981493e+00 5.700741937791680147e-01
6.900000000000000000e+01 1.910000000000000000e+02 3.342146434244228193e+00 5.802258851772963411e-01
6.800000000000000000e+01 1.800000000000000000e+02 3.105613951392564243e+00 5.330794648096769395e-01
6.700000000000000000e+01 1.730000000000000000e+02 2.079484392135419579e+00 5.204624320258348646e-01
6.700000000000000000e+01 1.680000000000000000e+02 2.196453747569366843e+00 5.117803073447223516e-01
6.900000000000000000e+01 1.600000000000000000e+02 2.352028504092414263e+00 4.524041564989104147e-01
6.800000000000000000e+01 1.540000000000000000e+02 2.284390928936159249e+00 4.132705178350990494e-01
6.800000000000000000e+01 1.440000000000000000e+02 2.450829326230570260e+00 3.552947075535068944e-01
6.800000000000000000e+01 1.450000000000000000e+02 2.418496988452480956e+00 3.247412506618026495e-01
6.500000000000000000e+01 1.430000000000000000e+02 2.121177428339271476e+00 3.362579598225818311e-01
7.600000000000000000e+01 1.630000000000000000e+02 2.259282323472603160e+00 3.629555426318595845e-01
7.800000000000000000e+01 1.620000000000000000e+02 2.659297055766238760e+00 3.720699311879036020e-01
7.900000000000000000e+01 1.660000000000000000e+02 2.869590706791957935e+00 4.176832601972750858e-01
7.800000000000000000e+01 1.630000000000000000e+02 2.481836856323190510e+00 3.694329837277592343e-01
7.600000000000000000e+01 1.610000000000000000e+02 2.166390009492547897e+00 3.419143102847013171e-01
7.600000000000000000e+01 1.580000000000000000e+02 2.345048380712706049e+00 3.345665184441873885e-01
8.800000000000000000e+01 1.750000000000000000e+02 2.829908863721743550e+00 3.371101802181081797e-01
8.800000000000000000e+01 1.730000000000000000e+02 3.380434755762266708e+00 3.549837222526616154e-01
9.100000000000000000e+01 1.760000000000000000e+02 4.000860621578364196e+00 3.777402115244597458e-01
9.400000000000000000e+01 1.900000000000000000e+02 4.474133336266868710e+00 4.297223950624492472e-01
9.500000000000000000e+01 2.000000000000000000e+02 4.776284423438215576e+00 4.579665330595639738e-01
9.600000000000000000e+01 1.970000000000000000e+02 5.533234048680133910e+00 4.671960023045072519e-01
8.900000000000000000e+01 1.900000000000000000e+02 4.833855419186376956e+00 4.648628107358488970e-01
8.600000000000000000e+01 1.810000000000000000e+02 4.860327848196301481e+00 4.145391269593791117e-01
8.000000000000000000e+01 1.700000000000000000e+02 4.225263978299858003e+00 3.525089222127064104e-01
8.000000000000000000e+01 1.790000000000000000e+02 3.357446928230641614e+00 3.824965534106198883e-01
8.000000000000000000e+01 1.900000000000000000e+02 3.218993131246246975e+00 3.573491304180890227e-01
8.100000000000000000e+01 1.890000000000000000e+02 3.766750618846660181e+00 3.370137994083788890e-01
7.700000000000000000e+01 1.850000000000000000e+02 3.418551922824356826e+00 3.367533985960934340e-01
8.300000000000000000e+01 1.980000000000000000e+02 3.998907586013095372e+00 3.258809216207195214e-01
