0.000000000000000000e+00 0.000000000000000000e+00 0.000000000000000000e+00 0.000000000000000000e+00
2.000000000000000000e+00 2.000000000000000000e+00 4.364584543508303704e-04 9.893195246707083609e-05
2.000000000000000000e+00 2.000000000000000000e+00 5.852039791463429586e-04 1.203330561976695390e-04
2.000000000000000000e+00 3.000000000000000000e+00 7.838099015516714280e-04 1.957669710201211577e-04
2.000000000000000000e+00 6.000000000000000000e+00 1.048534988434903208e-03 3.863534851727273302e-04
6.000000000000000000e+00 7.000000000000000000e+00 2.273611343177979992e-03 5.190582975871443558e-04
7.000000000000000000e+00 1.000000000000000000e+01 3.256739192185273586e-03 7.790442102746887240e-04
1.200000000000000000e+01 1.800000000000000000e+01 5.438223098950535107e-03 1.342039517903055677e-03
1.200000000000000000e+01 2.000000000000000000e+01 7.255493849743826530e-03 1.729115066400697476e-03
1.300000000000000000e+01 2.200000000000000000e+01 9.881080847231668920e-03 2.198353254521869405e-03
1.500000000000000000e+01 2.300000000000000000e+01 1.357196680391664460e-02 2.717298139783147666e-03
2.300000000000000000e+01 3.400000000000000000e+01 1.975313843143941539e-02 3.839764165640148150e-03
2.600000000000000000e+01 3.900000000000000000e+01 2.682727348294970324e-02 4.903411208604683755e-03
2.700000000000000000e+01 4.300000000000000000e+01 3.568140373017115313e-02 6.140563073619364001e-03
3.000000000000000000e+01 5.400000000000000000e+01 4.768763090251938036e-02 7.981504912793636192e-03
3.100000000000000000e+01 5.600000000000000000e+01 6.288748114421216506e-02 9.761366920083985182e-03
3.100000000000000000e+01 5.600000000000000000e+01 8.235117049443768655e-02 1.180752680698653537e-02
3.100000000000000000e+01 5.600000000000000000e+01 1.074065173605973228e-01 1.426912527754093003e-02
3.200000000000000000e+01 6.300000000000000000e+01 1.396844601585596202e-01 1.757245671983148974e-02
3.200000000000000000e+01 6.300000000000000000e+01 1.805122061127533983e-01 2.119400424533920621e-02
3.200000000000000000e+01 6.300000000000000000e+01 2.320480152413741393e-01 2.553134743256564240e-02
3.300000000000000000e+01 6.500000000000000000e+01 2.968221925910309311e-01 3.081537256380403531e-02
3.400000000000000000e+01 6.700000000000000000e+01 3.773206115530539084e-01 3.712195950713284565e-02
3.500000000000000000e+01 6.700000000000000000e+01 4.764987620261970092e-01 4.453426480289168765e-02
3.500000000000000000e+01 6.900000000000000000e+01 5.973636439281898580e-01 5.343864872413655459e-02
3.900000000000000000e+01 7.600000000000000000e+01 7.443642596899108232e-01 6.424100457243871187e-02
3.900000000000000000e+01 7.900000000000000000e+01 9.195761031167352106e-01 7.682302592796641516e-02
4.100000000000000000e+01 8.900000000000000000e+01 1.127624450511158338e+00 9.200707893722420705e-02
4.100000000000000000e+01 9.100000000000000000e+01 1.371173954448039023e+00 1.094790314813435528e-01
4.500000000000000000e+01 1.000000000000000000e+02 1.654507502183527823e+00 1.303057716259440058e-01
4.700000000000000000e+01 1.060000000000000000e+02 1.979204890192980182e+00 1.545061490817150607e-01
4.900000000000000000e+01 1.050000000000000000e+02 2.130810718334400722e+00 1.718988807552095377e-01
5.000000000000000000e+01 1.080000000000000000e+02 2.282454065704473400e+00 2.028227440960894967e-01
5.200000000000000000e+01 1.200000000000000000e+02 2.696565747286891135e+00 2.252912728277050858e-01
5.700000000000000000e+01 1.270000000000000000e+02 3.156554245045373630e+00 2.424770062487116851e-01
5.900000000000000000e+01 1.350000000000000000e+02 3.226363166680904282e+00 2.624102044033277403e-01
5.800000000000000000e+01 1.320000000000000000e+02 3.486691453595730295e+00 2.726301882178522318e-01
5.500000000000000000e+01 1.280000000000000000e+02 3.306804620534943950e+00 2.651746626497663017e-01
5.200000000000000000e+01 1.270000000000000000e+02 3.050547456816570691e+00 2.879303821346085868e-01
5.600000000000000000e+01 1.280000000000000000e+02 3.283918284721293546e+00 2.969250127689767593e-01
5.600000000000000000e+01 1.260000000000000000e+02 3.240763127152182843e+00 3.242082894563804163e-01
5.900000000000000000e+01 1.280000000000000000e+02 2.791161510719543770e+00 2.973190593573917240e-01
6.000000000000000000e+01 1.300000000000000000e+02 2.231513550310732175e+00 2.755265621293697120e-01
5.800000000000000000e+01 1.250000000000000000e+02 2.016805017774773834e+00 2.623011874684334499e-01
5.600000000000000000e+01 1.160000000000000000e+02 1.826230855722192015e+00 2.029086573140509164e-01
5.500000000000000000e+01 1.150000000000000000e+02 1.594354377068919693e+00 1.745496686959513433e-01
5.500000000000000000e+01 1.130000000000000000e+02 1.542575480987147474e+00 1.775013181457557321e-01
5.600000000000000000e+01 1.130000000000000000e+02 1.543443093294202484e+00 1.932374889549471897e-01
5.400000000000000000e+01 1.100000000000000000e+02 1.296541661450401062e+00 1.960100572323671964e-01
5.900000000000000000e+01 1.140000000000000000e+02 1.566047109434221873e+00 2.070382347155079461e-01
5.900000000000000000e+01 1.140000000000000000e+02 1.875542282341929212e+00 2.301731828250903611e-01
6.000000000000000000e+01 1.120000000000000000e+02 2.228836222599126504e+00 2.446957548425636730e-01
6.400000000000000000e+01 1.140000000000000000e+02 2.172947701510435259e+00 2.777795335166191593e-01
6.900000000000000000e+01 1.190000000000000000e+02 2.360170381907491066e+00 3.128736333415321758e-01
7.000000000000000000e+01 1.180000000000000000e+02 2.791334156526315002e+00 3.427229585737798234e-01
7.100000000000000000e+01 1.210000000000000000e+02 3.274082815956116832e+00 3.372624200755978685e-01
7.000000000000000000e+01 1.220000000000000000e+02 3.330644207151683744e+00 3.620505858658590870e-01
7.100000000000000000e+01 1.170000000000000000e+02 3.134962701063240598e+00 3.707389648937479132e-01
7.400000000000000000e+01 1.150000000000000000e+02 3.666339426816619174e+00 3.703909233520822353e-01
7.500000000000000000e+01 1.090000000000000000e+02 4.034324468086652793e+00 3.380664653321966417e-01
7.300000000000000000e+01 1.190000000000000000e+02 3.454493372950447672e+00 3.502748735482343889e-01
7.400000000000000000e+01 1.210000000000000000e+02 3.577962429634749864e+00 3.527853777699988536e-01
7.400000000000000000e+01 1.220000000000000000e+02 3.403282968213399595e+00 3.870346561110233341e-01
7.600000000000000000e+01 1.210000000000000000e+02 3.714106994991367205e+00 3.469324588442047053e-01
7.100000000000000000e+01 1.140000000000000000e+02 3.185236674437601945e+00 3.176327193364786305e-01
7.000000000000000000e+01 1.130000000000000000e+02 2.551209294088158774e+00 2.737344011569269875e-01
7.200000000000000000e+01 1.070000000000000000e+02 3.007212829986074087e+00 2.265826839697265838e-01
7.900000000000000000e+01 1.250000000000000000e+02 3.514534828804602995e+00 2.071804598480905535e-01
8.300000000000000000e+01 1.340000000000000000e+02 4.071401396992570199e+00 2.090602551902174533e-01
8.200000000000000000e+01 1.360000000000000000e+02 3.939179340495978732e+00 2.135428629106697340e-01
8.000000000000000000e+01 1.350000000000000000e+02 3.831752251960330646e+00 2.359764824335913724e-01
8.100000000000000000e+01 1.320000000000000000e+02 3.727787583490658641e+00 1.989234389046640461e-01
7.600000000000000000e+01 1.340000000000000000e+02 2.864397922606026103e+00 1.774391467115062349e-01
7.400000000000000000e+01 1.360000000000000000e+02 2.588997187732664074e+00 1.702795018205256750e-01
7.700000000000000000e+01 1.400000000000000000e+02 2.755834694220777425e+00 1.726759482462824347e-01
7.700000000000000000e+01 1.410000000000000000e+02 2.717555289995823298e+00 1.823512496163995911e-01
7.700000000000000000e+01 1.460000000000000000e+02 3.213862927766069966e+00 1.848760460848252740e-01
7.700000000000000000e+01 1.470000000000000000e+02 3.552222828846784530e+00 1.938679800912926909e-01
7.600000000000000000e+01 1.510000000000000000e+02 3.883223433920167444e+00 2.290415035128294252e-01
7.300000000000000000e+01 1.480000000000000000e+02 3.818285570210978364e+00 2.381675757117482917e-01
7.100000000000000000e+01 1.460000000000000000e+02 3.963540282130632253e+00 2.578147373117926633e-01
7.500000000000000000e+01 1.550000000000000000e+02 4.342515585562627400e+00 2.899455519514088087e-01
7.200000000000000000e+01 1.520000000000000000e+02 4.369120422566139972e+00 3.038325396101261844e-01
6.900000000000000000e+01 1.530000000000000000e+02 3.670715179403472028e+00 3.240333744879663191e-01
6.800000000000000000e+01 1.530000000000000000e+02 3.548083065016455429e+00 3.562412598773061490e-01
7.500000000000000000e+01 1.510000000000000000e+02 3.854100898759660332e+00 3.393097819946699900e-01
7.500000000000000000e+01 1.480000000000000000e+02 4.197839293398467397e+00 3.409177832170372513e-01
7.400000000000000000e+01 1.450000000000000000e+02 4.429774477347826256e+00 3.562180602716543132e-01
7.200000000000000000e+01 1.510000000000000000e+02 3.893393121842428251e+00 4.080371971439075152e-01
7.200000000000000000e+01 1.500000000000000000e+02 4.522682619889370592e+00 4.170758191470165799e-01
7.300000000000000000e+01 1.430000000000000000e+02 4.688086693858298126e+00 3.938761638676480659e-01
7.200000000000000000e+01 1.470000000000000000e+02 4.193042374405224315e+00 4.060168258251515283e-01
7.300000000000000000e+01 1.470000000000000000e+02 3.881442506928688640e+00 4.249821142855871314e-01
7.000000000000000000e+01 1.440000000000000000e+02 3.750267327401903827e+00 4.290232673783369588e-01
7.500000000000000000e+01 1.530000000000000000e+02 4.105119744084684719e+00 4.458360861206179804e-01
7.600000000000000000e+01 1.530000000000000000e+02 4.291067774764172782e+00 4.470140845646425332e-01
7.500000000000000000e+01 1.500000000000000000e+02 4.411095048847305300e+00 4.853528795294605458e-01
7.300000000000000000e+01 1.420000000000000000e+02 4.311532165805059158e+00 4.109363823482072298e-01
6.500000000000000000e+01 1.340000000000000000e+02 3.010765128416889702e+00 3.883253174154521203e-01
6.200000000000000000e+01 1.250000000000000000e+02 2.743338537199008886e+00 3.407498914022434322e-01
6.300000000000000000e+01 1.260000000000000000e+02 3.164570983016877115e+00 3.139249341587593278e-01
5.900000000000000000e+01 1.230000000000000000e+02 2.624065185708389869e+00 3.295147779351499939e-01
5.600000000000000000e+01 1.180000000000000000e+02 2.316366833814925474e+00 3.201264142131018953e-01
5.600000000000000000e+01 1.110000000000000000e+02 2.700045743858685121e+00 2.833310312405979969e-01
5.500000000000000000e+01 1.080000000000000000e+02 2.842888208069609846e+00 2.526617854722807976e-01
6.200000000000000000e+01 1.310000000000000000e+02 2.620490391473897507e+00 2.445305315112546174e-01
6.400000000000000000e+01 1.300000000000000000e+02 2.505673391457289068e+00 2.324017907498016622e-01
6.900000000000000000e+01 1.310000000000000000e+02 2.658956373705570364e+00 2.255564572636388210e-01
6.800000000000000000e+01 1.280000000000000000e+02 2.582542202526493025e+00 2.296056186960334367e-01
6.900000000000000000e+01 1.300000000000000000e+02 3.061562675243930443e+00 2.415217910634587517e-01
6.900000000000000000e+01 1.340000000000000000e+02 3.596967291006424094e+00 2.676157056178509186e-01
7.300000000000000000e+01 1.380000000000000000e+02 3.539495973491953329e+00 2.560242637517612940e-01
7.200000000000000000e+01 1.350000000000000000e+02 3.881097536238788948e+00 2.638802385694158925e-01
7.100000000000000000e+01 1.310000000000000000e+02 4.060234219553977120e+00 2.605772262034520836e-01
6.800000000000000000e+01 1.350000000000000000e+02 4.007644065965136448e+00 2.780598307625399834e-01
6.400000000000000000e+01 1.360000000000000000e+02 3.223291801978425131e+00 2.931228438072958076e-01
6.300000000000000000e+01 1.350000000000000000e+02 3.048335412238894371e+00 3.050510302178304767e-01
6.400000000000000000e+01 1.350000000000000000e+02 3.549080813462646145e+00 3.156116212737176130e-01
7.300000000000000000e+01 1.520000000000000000e+02 3.641437578604930447e+00 3.128384036298180737e-01
7.200000000000000000e+01 1.500000000000000000e+02 3.883622239202623394e+00 3.213406734797543685e-01
7.400000000000000000e+01 1.590000000000000000e+02 3.756635123763580442e+00 3.507095300406566363e-01
7.500000000000000000e+01 1.730000000000000000e+02 3.581357064068417806e+00 3.446400125638895418e-01
7.200000000000000000e+01 1.700000000000000000e+02 3.182215453583194353e+00 3.416986781928665895e-01
7.100000000000000000e+01 1.660000000000000000e+02 3.121478388919874281e+00 3.505371759060329495e-01
6.600000000000000000e+01 1.600000000000000000e+02 2.447749363707355741e+00 3.182105171799233800e-01
6.300000000000000000e+01 1.520000000000000000e+02 2.157910092403283908e+00 2.720264716416211370e-01
6.200000000000000000e+01 1.500000000000000000e+02 1.756126878329854035e+00 2.789312519877016339e-01
6.100000000000000000e+01 1.450000000000000000e+02 1.877142463237813752e+00 2.604123267248999452e-01
6.400000000000000000e+01 1.510000000000000000e+02 1.939084259770635255e+00 2.822657817176740802e-01
6.400000000000000000e+01 1.490000000000000000e+02 2.336801342721430697e+00 2.996859807962224953e-01
6.500000000000000000e+01 1.510000000000000000e+02 2.790988016839523578e+00 2.946131511964688587e-01
6.400000000000000000e+01 1.500000000000000000e+02 3.063697426262017132e+00 3.344601312298351448e-01
6.900000000000000000e+01 1.550000000000000000e+02 3.613243504362718905e+00 3.790588463199290881e-01
6.900000000000000000e+01 1.540000000000000000e+02 4.220514422591837622e+00 4.282551594572732712e-01
7.000000000000000000e+01 1.620000000000000000e+02 4.885097723458725838e+00 4.801019021199214865e-01
6.600000000000000000e+01 1.490000000000000000e+02 4.736278492021686048e+00 3.903052316273772915e-01
6.100000000000000000e+01 1.400000000000000000e+02 4.243365191173478657e+00 3.498111019015167078e-01
5.600000000000000000e+01 1.350000000000000000e+02 3.688566388208431857e+00 3.220357609250751874e-01
5.200000000000000000e+01 1.330000000000000000e+02 3.288334082638446176e+00 3.333948303718790585e-01
4.900000000000000000e+01 1.310000000000000000e+02 3.023261885634980217e+00 3.536564019621642463e-01
4.800000000000000000e+01 1.280000000000000000e+02 3.242960832361377221e+00 3.604674735407993325e-01
4.600000000000000000e+01 1.220000000000000000e+02 2.908003348721416970e+00 3.378371535378360546e-01
4.800000000000000000e+01 1.200000000000000000e+02 3.163222308050813503e+00 3.440961034828064480e-01
4.900000000000000000e+01 1.170000000000000000e+02 3.684721535771127598e+00 3.600425530810063557e-01
4.700000000000000000e+01 1.140000000000000000e+02 3.731596760985132377e+00 3.907186750128518460e-01
4.500000000000000000e+01 1.140000000000000000e+02 3.781826935927131927e+00 4.243996086614777452e-01
4.400000000000000000e+01 1.120000000000000000e+02 3.896459754479803195e+00 4.593697117465142532e-01
4.700000000000000000e+01 1.120000000000000000e+02 4.222725274966071751e+00 4.988427451542262747e-01
4.500000000000000000e+01 1.000000000000000000e+02 3.909603246897059847e+00 4.174980547507877171e-01
5.100000000000000000e+01 1.130000000000000000e+02 2.993217666120277176e+00 4.357846045649278466e-01
5.000000000000000000e+01 1.110000000000000000e+02 2.491461558434795442e+00 3.962025655120939294e-01
4.800000000000000000e+01 9.600000000000000000e+01 2.336943625246056921e+00 2.660111046952731151e-01
4.500000000000000000e+01 8.900000000000000000e+01 1.899657778441892209e+00 2.095546652511246222e-01
4.200000000000000000e+01 8.600000000000000000e+01 1.441286990591540640e+00 1.939033150473501999e-01
4.500000000000000000e+01 8.900000000000000000e+01 1.418984499032114543e+00 1.822988564063848516e-01
4.500000000000000000e+01 8.700000000000000000e+01 1.658833383736642242e+00 1.831832173768516425e-01
4.800000000000000000e+01 8.700000000000000000e+01 1.922385219366114395e+00 1.838111323301961364e-01
5.700000000000000000e+01 1.010000000000000000e+02 1.970611136391825724e+00 2.162681247187992761e-01
5.500000000000000000e+01 1.060000000000000000e+02 1.343938905551211427e+00 2.217836901331916577e-01
5.700000000000000000e+01 1.040000000000000000e+02 1.562051698977298120e+00 2.228058463752249085e-01
5.600000000000000000e+01 1.010000000000000000e+02 1.584524096164058760e+00 2.009338863505742145e-01
5.500000000000000000e+01 9.900000000000000000e+01 1.541003110084923744e+00 2.105843615522370871e-01
5.100000000000000000e+01 9.600000000000000000e+01 9.151111507756548580e-01 2.108449619620743620e-01
5.100000000000000000e+01 9.700000000000000000e+01 1.093683073788864313e+00 2.060124352499963507e-01
5.000000000000000000e+01 9.300000000000000000e+01 8.228396952023749877e-01 1.843697130754937130e-01
5.100000000000000000e+01 8.900000000000000000e+01 1.018780365427319534e+00 1.525502833383199641e-01
5.400000000000000000e+01 9.000000000000000000e+01 1.252124347865741116e+00 1.389832283909768207e-01
5.500000000000000000e+01 9.100000000000000000e+01 1.526330645323733970e+00 1.370687501665889541e-01
5.600000000000000000e+01 8.900000000000000000e+01 1.845714436193932384e+00 1.350333739004521694e-01
6.400000000000000000e+01 9.800000000000000000e+01 2.215423308042630435e+00 1.460184020175563924e-01
6.800000000000000000e+01 1.000000000000000000e+02 2.636652556202677022e+00 1.604833858110832345e-01
6.800000000000000000e+01 1.030000000000000000e+02 2.894878382657670723e+00 1.775191009518646279e-01
6.800000000000000000e+01 1.040000000000000000e+02 2.970048047447106931e+00 1.869111110975818779e-01
6.700000000000000000e+01 1.040000000000000000e+02 3.229624339222601392e+00 2.084316295350031878e-01
6.600000000000000000e+01 1.060000000000000000e+02 3.524724011554107861e+00 2.456357846337332840e-01
6.700000000000000000e+01 1.050000000000000000e+02 3.855877114046492249e+00 2.780371761485592730e-01
6.600000000000000000e+01 1.050000000000000000e+02 4.265900270187391818e+00 3.137966085608955291e-01
6.600000000000000000e+01 1.070000000000000000e+02 4.274856318940694955e+00 3.427122006505056717e-01
6.800000000000000000e+01 1.060000000000000000e+02 4.702375545296651360e+00 3.530882273112151415e-01
6.800000000000000000e+01 1.040000000000000000e+02 4.004868474554608149e+00 2.963115270592048822e-01
7.200000000000000000e+01 1.290000000000000000e+02 3.197611755536047262e+00 2.633554149830409363e-01
7.000000000000000000e+01 1.270000000000000000e+02 2.905644920083387373e+00 2.449186912337172339e-01
6.900000000000000000e+01 1.240000000000000000e+02 3.092357429821224191e+00 2.443780558130883851e-01
6.800000000000000000e+01 1.250000000000000000e+02 3.301085585033602499e+00 2.677485957779638936e-01
6.700000000000000000e+01 1.280000000000000000e+02 3.380165277023793546e+00 2.611313744769639955e-01
6.700000000000000000e+01 1.280000000000000000e+02 3.649973936265846319e+00 2.772756106775508544e-01
7.700000000000000000e+01 1.540000000000000000e+02 3.960885203701149937e+00 2.867980924657999031e-01
7.000000000000000000e+01 1.480000000000000000e+02 2.894847994672329339e+00 2.609263666177630281e-01
6.900000000000000000e+01 1.390000000000000000e+02 3.077974987329212819e+00 1.774314564752573764e-01
6.300000000000000000e+01 1.410000000000000000e+02 2.014190775536287337e+00 1.838019775704775038e-01
6.100000000000000000e+01 1.400000000000000000e+02 1.837586363180061744e+00 1.753735254907907715e-01
6.000000000000000000e+01 1.400000000000000000e+02 1.880073174771962785e+00 1.903220186795101521e-01
6.100000000000000000e+01 1.460000000000000000e+02 2.253912817948132030e+00 2.060313195207862935e-01
6.100000000000000000e+01 1.430000000000000000e+02 2.678076844562479852e+00 2.053856746191091431e-01
6.300000000000000000e+01 1.510000000000000000e+02 2.937897233621026061e+00 2.301442682384688132e-01
7.000000000000000000e+01 1.570000000000000000e+02 3.446126320740973359e+00 2.466085835985510621e-01
7.200000000000000000e+01 1.570000000000000000e+02 3.573113420276574637e+00 2.550963262748087712e-01
7.200000000000000000e+01 1.560000000000000000e+02 3.880199750559211402e+00 2.668229987406622317e-01
7.300000000000000000e+01 1.560000000000000000e+02 4.023361681150746882e+00 2.996912419763658186e-01
6.900000000000000000e+01 1.520000000000000000e+02 3.695963895460705029e+00 2.886380332117384206e-01
6.500000000000000000e+01 1.520000000000000000e+02 3.114590277047777800e+00 2.901480620037860669e-01
6.500000000000000000e+01 1.570000000000000000e+02 2.886996463318630024e+00 2.944463790649751722e-01
6.900000000000000000e+01 1.600000000000000000e+02 2.909769505755187780e+00 2.977143128990576426e-01
7.000000000000000000e+01 1.580000000000000000e+02 3.182741790879501487e+00 3.187604446104620459e-01
7.200000000000000000e+01 1.600000000000000000e+02 3.425912374736313826e+00 3.531432828659060164e-01
7.300000000000000000e+01 1.640000000000000000e+02 3.792008130854199077e+00 3.999463408475187332e-01
7.600000000000000000e+01 1.660000000000000000e+02 4.408346436992141015e+00 4.456460908623878225e-01
7.500000000000000000e+01 1.680000000000000000e+02 4.598516130793657730e+00 5.017228052132904903e-01
7.300000000000000000e+01 1.680000000000000000e+02 4.381835801456569257e+00 5.747872028559530833e-01
7.100000000000000000e+01 1.640000000000000000e+02 4.360249579755796745e+00 5.904776831975497853e-01
6.500000000000000000e+01 1.450000000000000000e+02 3.551443470284682213e+00 4.743861165179397155e-01
6.000000000000000000e+01 1.360000000000000000e+02 2.887268996308401725e+00 4.262485455593162387e-01
5.700000000000000000e+01 1.340000000000000000e+02 2.518720208658968840e+00 4.298116050057092519e-01
5.800000000000000000e+01 1.290000000000000000e+02 2.930866389387734472e+00 4.272039216761510105e-01
5.900000000000000000e+01 1.330000000000000000e+02 3.080569758781364076e+00 4.386720947835587303e-01
6.300000000000000000e+01 1.360000000000000000e+02 3.100131439173534620e+00 4.683652538095401940e-01
5.600000000000000000e+01 1.220000000000000000e+02 1.837445008509715594e+00 3.890392342390705527e-01
5.500000000000000000e+01 1.150000000000000000e+02 1.457627026097381373e+00 3.417728298049408919e-01
5.800000000000000000e+01 1.100000000000000000e+02 1.775232361454859742e+00 3.024426624226631555e-01
5.900000000000000000e+01 1.050000000000000000e+02 2.142199271614103839e+00 2.843828412804173533e-01
6.100000000000000000e+01 1.080000000000000000e+02 2.561731529284733355e+00 2.781626576416570962e-01
6.100000000000000000e+01 1.090000000000000000e+02 3.034957610865482991e+00 2.930240268223916478e-01
6.100000000000000000e+01 1.070000000000000000e+02 3.562827984599902464e+00 2.849456471394203327e-01
7.300000000000000000e+01 1.200000000000000000e+02 4.147452843780114584e+00 2.959699712690085360e-01
7.000000000000000000e+01 1.180000000000000000e+02 4.087508656774692994e+00 3.039228905956558591e-01
6.800000000000000000e+01 1.220000000000000000e+02 3.622562060513124571e+00 2.820485115293167033e-01
6.900000000000000000e+01 1.240000000000000000e+02 3.461453306459587598e+00 2.586445642845688342e-01
6.700000000000000000e+01 1.200000000000000000e+02 3.496223381690318099e+00 2.501185786171502556e-01
6.500000000000000000e+01 1.230000000000000000e+02 3.098160776179922582e+00 2.770517018056857794e-01
6.900000000000000000e+01 1.270000000000000000e+02 3.589976711057591974e+00 2.697017829225234475e-01
6.900000000000000000e+01 1.370000000000000000e+02 3.602795411249203106e+00 2.933915062293863674e-01
7.300000000000000000e+01 1.360000000000000000e+02 3.851528440199366354e+00 2.676262538602837693e-01
7.300000000000000000e+01 1.450000000000000000e+02 3.076754510577743407e+00 2.540433723665934118e-01
7.400000000000000000e+01 1.430000000000000000e+02 3.311272214907610589e+00 2.308867810147900435e-01
6.900000000000000000e+01 1.430000000000000000e+02 2.580189591354154377e+00 2.459088168169712429e-01
6.700000000000000000e+01 1.400000000000000000e+02 2.187978833474017559e+00 2.438476205648885120e-01
6.700000000000000000e+01 1.380000000000000000e+02 2.334088563869305410e+00 2.096584113069265010e-01
6.800000000000000000e+01 1.320000000000000000e+02 2.714929276367432198e+00 1.725448242401346477e-01
6.800000000000000000e+01 1.380000000000000000e+02 2.354521126206065684e+00 1.932829334952448630e-01
6.800000000000000000e+01 1.450000000000000000e+02 2.017974591301402221e+00 2.174670480467081335e-01
6.800000000000000000e+01 1.420000000000000000e+02 2.402608082544514190e+00 2.172687899092175801e-01
6.700000000000000000e+01 1.410000000000000000e+02 2.555609401129768088e+00 2.453280868491828914e-01
6.900000000000000000e+01 1.400000000000000000e+02 3.024693014861618234e+00 2.621035750181441859e-01
6.800000000000000000e+01 1.390000000000000000e+02 3.332488191852008619e+00 2.959167459517508814e-01
7.000000000000000000e+01 1.390000000000000000e+02 3.675616556727790307e+00 2.914722932455432458e-01
7.800000000000000000e+01 1.520000000000000000e+02 3.382824867905253718e+00 2.872902168261839417e-01
7.800000000000000000e+01 1.530000000000000000e+02 3.707978700880865119e+00 2.858536522741149666e-01
8.500000000000000000e+01 1.600000000000000000e+02 3.854344266192311963e+00 2.966661940274127884e-01
8.300000000000000000e+01 1.610000000000000000e+02 3.753474655685301364e+00 3.269101427666332160e-01
8.400000000000000000e+01 1.710000000000000000e+02 3.843013087496371050e+00 3.729300034432223021e-01
8.300000000000000000e+01 1.660000000000000000e+02 4.187280129049790744e+00 3.851577555156529553e-01
8.300000000000000000e+01 1.650000000000000000e+02 4.331611735937373808e+00 4.291287875750808833e-01
8.200000000000000000e+01 1.620000000000000000e+02 4.752457608717271853e+00 4.690713888973515600e-01
7.800000000000000000e+01 1.530000000000000000e+02 4.169320920276047282e+00 4.359228322231787911e-01
7.700000000000000000e+01 1.510000000000000000e+02 3.852430480066609597e+00 4.467863240100203304e-01
7.600000000000000000e+01 1.430000000000000000e+02 4.022789762155280613e+00 4.136362969391014777e-01
7.900000000000000000e+01 1.370000000000000000e+02 3.918661167038648863e+00 3.891692184324900827e-01
7.600000000000000000e+01 1.350000000000000000e+02 3.710678301142664726e+00 4.167856391195388088e-01
8.100000000000000000e+01 1.410000000000000000e+02 3.815766134075650129e+00 4.339648293359115172e-01
8.000000000000000000e+01 1.370000000000000000e+02 3.947385139350999328e+00 4.234179293327889892e-01
7.700000000000000000e+01 1.290000000000000000e+02 3.843344905687827495e+00 4.001588586142582060e-01
7.400000000000000000e+01 1.220000000000000000e+02 3.742271175399184191e+00 3.685585322344816506e-01
7.000000000000000000e+01 1.130000000000000000e+02 3.187794366873672569e+00 2.986230720833797925e-01
7.200000000000000000e+01 1.200000000000000000e+02 2.634150714762850232e+00 2.780591815223880103e-01
7.100000000000000000e+01 1.160000000000000000e+02 2.847844308231774146e+00 2.548552543187530550e-01
6.800000000000000000e+01 1.190000000000000000e+02 2.550887853534117511e+00 2.828836614457991838e-01
6.900000000000000000e+01 1.170000000000000000e+02 3.029618788410458396e+00 2.677280414123286434e-01
6.800000000000000000e+01 1.150000000000000000e+02 3.352385218629560182e+00 2.836500837348405191e-01
7.000000000000000000e+01 1.150000000000000000e+02 3.282867759238013772e+00 2.956223304968880750e-01
6.900000000000000000e+01 1.110000000000000000e+02 3.360634143610012892e+00 2.695954004003132676e-01
6.800000000000000000e+01 1.090000000000000000e+02 3.480910452962743484e+00 2.883854920256752608e-01
7.100000000000000000e+01 1.110000000000000000e+02 4.100808926296552137e+00 3.084292233076919576e-01
7.200000000000000000e+01 1.120000000000000000e+02 4.567777602419021754e+00 3.349806009724787259e-01
7.300000000000000000e+01 1.120000000000000000e+02 5.290778821914009278e+00 3.737678795821455235e-01
7.200000000000000000e+01 1.110000000000000000e+02 5.376426614384968161e+00 4.152246158803459819e-01
6.900000000000000000e+01 1.000000000000000000e+02 5.037045034469907812e+00 3.556362996155427170e-01
6.500000000000000000e+01 9.200000000000000000e+01 4.784548734070107834e+00 3.199221952250057011e-01
5.900000000000000000e+01 8.600000000000000000e+01 3.554626845257747636e+00 2.915845575764258180e-01
6.000000000000000000e+01 8.300000000000000000e+01 2.865817783006048725e+00 2.745353628656123646e-01
6.200000000000000000e+01 8.500000000000000000e+01 2.416561873455205678e+00 2.196009617860390228e-01
6.300000000000000000e+01 8.500000000000000000e+01 2.551956184057439181e+00 1.872117677632772759e-01
6.200000000000000000e+01 8.300000000000000000e+01 2.777048889609659899e+00 1.730241760251419458e-01
6.500000000000000000e+01 8.200000000000000000e+01 3.242606004051006519e+00 1.727082681266310371e-01
6.400000000000000000e+01 8.000000000000000000e+01 3.534737784081331213e+00 1.742302210131857210e-01
6.200000000000000000e+01 7.800000000000000000e+01 3.563733983357214807e+00 1.837540049097916850e-01
6.400000000000000000e+01 8.700000000000000000e+01 3.589477979128755880e+00 2.057481015510616573e-01
6.200000000000000000e+01 9.000000000000000000e+01 3.219989635223604374e+00 2.169944755319145047e-01
6.000000000000000000e+01 8.900000000000000000e+01 3.165941877050100217e+00 2.419690335902408562e-01
6.100000000000000000e+01 8.900000000000000000e+01 2.715648414793944809e+00 2.183682066836209468e-01
5.900000000000000000e+01 8.700000000000000000e+01 2.146095617421087010e+00 2.206029656631191271e-01
5.900000000000000000e+01 8.500000000000000000e+01 2.503746422531037741e+00 2.041264926061876761e-01
6.000000000000000000e+01 8.400000000000000000e+01 2.617426716218465454e+00 2.249646480241409563e-01
6.000000000000000000e+01 8.400000000000000000e+01 2.512037780353415517e+00 2.522340735618324170e-01
5.600000000000000000e+01 8.000000000000000000e+01 1.624290437605696136e+00 2.379047005608236065e-01
5.700000000000000000e+01 7.400000000000000000e+01 1.946896910202404740e+00 2.040978800022462125e-01
5.900000000000000000e+01 7.600000000000000000e+01 2.314058284813123922e+00 1.754660574527122097e-01
5.900000000000000000e+01 7.200000000000000000e+01 2.726990400823368521e+00 1.558149506726674571e-01
5.900000000000000000e+01 7.000000000000000000e+01 3.187181962235791755e+00 1.520831986742037234e-01
5.800000000000000000e+01 6.800000000000000000e+01 3.478161784326467387e+00 1.308583620350055043e-01
5.400000000000000000e+01 7.000000000000000000e+01 3.032890970915144369e+00 1.434094343724682530e-01
5.400000000000000000e+01 7.000000000000000000e+01 3.047942715728526597e+00 1.562233228479265879e-01
5.500000000000000000e+01 6.900000000000000000e+01 3.046032542935330767e+00 1.516439571543046205e-01
5.300000000000000000e+01 6.700000000000000000e+01 3.092535661407084913e+00 1.409819859722683533e-01
5.400000000000000000e+01 6.500000000000000000e+01 3.360432151790722966e+00 1.412995474511515026e-01
5.200000000000000000e+01 6.400000000000000000e+01 3.370541488855322232e+00 1.556835883903572304e-01
5.000000000000000000e+01 6.400000000000000000e+01 3.449894418223486969e+00 1.670801838835566100e-01
5.000000000000000000e+01 6.800000000000000000e+01 3.485936759039157451e+00 1.963726405309070833e-01
4.900000000000000000e+01 6.700000000000000000e+01 3.804589810190337928e+00 2.160389029600097432e-01
4.800000000000000000e+01 7.500000000000000000e+01 3.469369962334243329e+00 2.423998468336759637e-01
4.300000000000000000e+01 7.000000000000000000e+01 2.843319721144923928e+00 2.162144806581252909e-01
4.900000000000000000e+01 7.500000000000000000e+01 2.577696155388169430e+00 1.830492998995499609e-01
4.900000000000000000e+01 7.900000000000000000e+01 2.452588491766241496e+00 1.758624385269526580e-01
4.900000000000000000e+01 8.200000000000000000e+01 2.407203079667077361e+00 1.760618901306654493e-01
4.800000000000000000e+01 8.100000000000000000e+01 2.481261744202788666e+00 1.937252887952876368e-01
5.000000000000000000e+01 8.200000000000000000e+01 2.872504595532433758e+00 2.081411851438045857e-01
4.700000000000000000e+01 7.700000000000000000e+01 2.578659210025694204e+00 1.900505169881230583e-01
5.000000000000000000e+01 7.900000000000000000e+01 2.488553858058383916e+00 1.659688536061535991e-01
4.900000000000000000e+01 7.600000000000000000e+01 2.621140674465679332e+00 1.535199910035440207e-01
4.700000000000000000e+01 7.300000000000000000e+01 2.347177086409400371e+00 1.283587768834295872e-01
4.500000000000000000e+01 7.400000000000000000e+01 2.160035104277707507e+00 1.156059312758286328e-01
5.800000000000000000e+01 7.700000000000000000e+01 1.978622278165895976e+00 1.113041883570847074e-01
5.900000000000000000e+01 7.700000000000000000e+01 2.059498817470357235e+00 1.027862964313356886e-01
5.700000000000000000e+01 7.600000000000000000e+01 1.859562721516215822e+00 1.105497314456706653e-01
6.000000000000000000e+01 7.800000000000000000e+01 1.663911390236225252e+00 1.197366567797206321e-01
5.800000000000000000e+01 8.000000000000000000e+01 1.449715616236481042e+00 1.408540891977118070e-01
6.200000000000000000e+01 8.800000000000000000e+01 1.220831897021078971e+00 1.341642923628166839e-01
6.400000000000000000e+01 9.300000000000000000e+01 1.217154416104732295e+00 1.336114205724016624e-01
6.400000000000000000e+01 9.700000000000000000e+01 1.463524369257227287e+00 1.433534917367470518e-01
7.300000000000000000e+01 1.230000000000000000e+02 1.748116538108083207e+00 1.434716586592823528e-01
7.300000000000000000e+01 1.220000000000000000e+02 2.070183004612766720e+00 1.463621815007043470e-01
7.800000000000000000e+01 1.300000000000000000e+02 2.217853377328401265e+00 1.503445049997611249e-01
