0.000000000000000000e+00 0.000000000000000000e+00 0.000000000000000000e+00 0.000000000000000000e+00
5.000000000000000000e+00 3.000000000000000000e+00 1.091146135877075953e-03 1.483979287006062541e-04
5.000000000000000000e+00 7.000000000000000000e+00 1.463009947865857342e-03 3.783634892306459536e-04
6.000000000000000000e+00 1.000000000000000000e+01 2.177753981054593620e-03 6.085155332758241178e-04
6.000000000000000000e+00 1.200000000000000000e+01 2.913939460660429880e-03 8.387170688966762329e-04
7.000000000000000000e+00 1.600000000000000000e+01 4.111870264142050355e-03 1.217139869553980364e-03
9.000000000000000000e+00 1.700000000000000000e+01 5.923582954934384324e-03 1.528201725966101768e-03
1.000000000000000000e+01 2.100000000000000000e+01 8.112823300328114717e-03 2.053612750622311935e-03
1.200000000000000000e+01 2.700000000000000000e+01 1.122996127863252515e-02 2.789634286759113454e-03
1.200000000000000000e+01 2.800000000000000000e+01 1.491359497831117563e-02 3.434577872924047138e-03
1.400000000000000000e+01 2.800000000000000000e+01 2.019357992065320614e-02 4.165164617999641758e-03
1.700000000000000000e+01 3.300000000000000000e+01 2.734088434419142122e-02 5.294867270805600143e-03
2.500000000000000000e+01 4.600000000000000000e+01 3.778079345867130234e-02 7.055924878392177448e-03
2.500000000000000000e+01 4.900000000000000000e+01 4.967182196006950795e-02 8.690984420129884563e-03
2.500000000000000000e+01 5.100000000000000000e+01 6.506426644219792665e-02 1.061292643414952705e-02
3.000000000000000000e+01 6.600000000000000000e+01 8.596652138777159669e-02 1.356977182401217924e-02
3.600000000000000000e+01 7.800000000000000000e+01 1.129847179578056665e-01 1.698516643848013014e-02
4.100000000000000000e+01 9.100000000000000000e+01 1.471972142103325776e-01 2.114406595354258872e-02
4.100000000000000000e+01 9.300000000000000000e+01 1.893836889525029044e-01 2.559766289092740496e-02
4.400000000000000000e+01 1.010000000000000000e+02 2.429052290079096732e-01 3.122932012874405153e-02
4.400000000000000000e+01 1.010000000000000000e+02 3.088235512352205947e-01 3.757359867770902057e-02
5.000000000000000000e+01 1.110000000000000000e+02 3.913427310053622654e-01 4.563853195261854956e-02
5.500000000000000000e+01 1.150000000000000000e+02 4.920056187947479120e-01 5.495756322705218355e-02
6.000000000000000000e+01 1.210000000000000000e+02 6.139058691637392373e-01 6.613615653999410648e-02
6.200000000000000000e+01 1.220000000000000000e+02 7.594856252923913864e-01 7.915120889539435656e-02
6.400000000000000000e+01 1.240000000000000000e+02 9.323920442257855878e-01 9.459546650536286572e-02
6.600000000000000000e+01 1.280000000000000000e+02 1.135838831667783433e+00 1.129151333338911933e-01
6.700000000000000000e+01 1.320000000000000000e+02 1.372830633130402544e+00 1.344705236384413638e-01
7.100000000000000000e+01 1.350000000000000000e+02 1.647361167603427434e+00 1.597076793674166439e-01
7.200000000000000000e+01 1.370000000000000000e+02 1.961458428982348456e+00 1.891680495910141035e-01
7.700000000000000000e+01 1.450000000000000000e+02 2.319528928433324921e+00 2.237957011703942956e-01
7.400000000000000000e+01 1.450000000000000000e+02 2.071912554708575716e+00 2.531779738190331752e-01
7.900000000000000000e+01 1.510000000000000000e+02 2.219147138076586590e+00 2.650622557804582780e-01
7.800000000000000000e+01 1.490000000000000000e+02 2.156756607752993826e+00 2.890368002073456233e-01
8.700000000000000000e+01 1.620000000000000000e+02 2.586794633732699022e+00 3.018474213296655773e-01
8.800000000000000000e+01 1.640000000000000000e+02 3.076039808104360507e+00 3.060212159408128296e-01
8.900000000000000000e+01 1.620000000000000000e+02 3.195360970405760614e+00 3.319470042145736821e-01
8.800000000000000000e+01 1.610000000000000000e+02 3.552387954893945654e+00 3.537833965205067766e-01
8.600000000000000000e+01 1.570000000000000000e+02 3.671837964189087256e+00 3.719604470505536997e-01
8.800000000000000000e+01 1.560000000000000000e+02 4.078393637187355480e+00 4.002437615362965384e-01
8.700000000000000000e+01 1.560000000000000000e+02 4.555127968420592310e+00 4.397499702261036814e-01
8.600000000000000000e+01 1.520000000000000000e+02 5.080118607255520224e+00 4.676506477261919703e-01
7.900000000000000000e+01 1.470000000000000000e+02 4.283730225025100147e+00 4.823658792702095743e-01
8.200000000000000000e+01 1.490000000000000000e+02 4.485760482124942605e+00 4.928075793288753670e-01
8.100000000000000000e+01 1.460000000000000000e+02 4.950078829367086541e+00 5.227143641054206036e-01
8.000000000000000000e+01 1.380000000000000000e+02 5.287550462515770988e+00 4.812770462295974383e-01
7.900000000000000000e+01 1.280000000000000000e+02 5.342538927190766174e+00 4.266194409852813729e-01
7.400000000000000000e+01 1.160000000000000000e+02 4.959523238837224568e+00 3.552108356276987289e-01
7.000000000000000000e+01 1.130000000000000000e+02 4.656300045660793252e+00 3.518101139488887252e-01
7.000000000000000000e+01 1.100000000000000000e+02 4.590795371862391505e+00 3.265791495479882789e-01
7.100000000000000000e+01 1.060000000000000000e+02 5.303840362280815235e+00 3.109267032068400161e-01
6.900000000000000000e+01 1.010000000000000000e+02 4.599974521920183079e+00 3.104933226759889475e-01
6.500000000000000000e+01 9.600000000000000000e+01 4.409616915885283817e+00 2.845913547455595771e-01
6.300000000000000000e+01 9.000000000000000000e+01 4.142617606726985535e+00 2.570399950922636623e-01
6.000000000000000000e+01 9.700000000000000000e+01 3.863786136166577734e+00 2.596417089955422308e-01
5.900000000000000000e+01 9.500000000000000000e+01 4.158229796856751648e+00 2.555178469291874421e-01
6.200000000000000000e+01 9.800000000000000000e+01 4.030138310474517205e+00 2.649055054327691394e-01
6.300000000000000000e+01 9.600000000000000000e+01 4.344385298547273067e+00 2.651925250032265979e-01
6.300000000000000000e+01 1.070000000000000000e+02 4.252702661669103712e+00 2.781068186987734059e-01
6.000000000000000000e+01 1.050000000000000000e+02 4.119131497882851711e+00 3.042104763318828065e-01
5.800000000000000000e+01 9.900000000000000000e+01 4.029826694591210234e+00 2.866112819822022595e-01
5.800000000000000000e+01 9.800000000000000000e+01 4.370125798985739607e+00 2.840132143833292711e-01
5.900000000000000000e+01 1.050000000000000000e+02 3.769329587094026657e+00 2.792142610882708542e-01
6.200000000000000000e+01 1.150000000000000000e+02 3.807651227035316666e+00 2.857451357388837154e-01
5.800000000000000000e+01 1.070000000000000000e+02 2.898481850572954599e+00 2.344893392312122349e-01
5.400000000000000000e+01 1.040000000000000000e+02 2.078134823736168535e+00 2.035087650629344436e-01
6.000000000000000000e+01 1.020000000000000000e+02 2.177273554165139569e+00 1.533023448484382434e-01
5.900000000000000000e+01 1.120000000000000000e+02 1.693582723101112242e+00 1.556170537828086009e-01
6.000000000000000000e+01 1.310000000000000000e+02 1.718970328335237330e+00 1.651679673310325891e-01
6.000000000000000000e+01 1.330000000000000000e+02 1.582067924077986021e+00 1.652053355111816890e-01
6.200000000000000000e+01 1.330000000000000000e+02 1.868017485203038230e+00 1.555644572344978827e-01
6.100000000000000000e+01 1.350000000000000000e+02 1.927076962795880144e+00 1.830817945656865453e-01
6.200000000000000000e+01 1.350000000000000000e+02 2.262301398901089389e+00 2.009708398580271616e-01
6.400000000000000000e+01 1.300000000000000000e+02 2.635777142590536748e+00 1.604920477468057272e-01
6.200000000000000000e+01 1.320000000000000000e+02 2.330308795074973016e+00 1.769594712948923398e-01
6.200000000000000000e+01 1.320000000000000000e+02 2.455003665929512469e+00 1.733826045349682321e-01
6.200000000000000000e+01 1.410000000000000000e+02 2.339626020990506650e+00 1.837821689842595863e-01
6.200000000000000000e+01 1.430000000000000000e+02 2.508292132888195081e+00 2.008337476499177376e-01
6.900000000000000000e+01 1.590000000000000000e+02 2.942220943959850565e+00 2.111846092968213962e-01
7.800000000000000000e+01 1.770000000000000000e+02 2.709215044224634550e+00 2.290250909711629423e-01
7.800000000000000000e+01 1.740000000000000000e+02 3.175416720493931866e+00 2.335325924379813567e-01
7.600000000000000000e+01 1.740000000000000000e+02 2.759083663493932637e+00 2.756466627423585503e-01
7.700000000000000000e+01 1.760000000000000000e+02 3.002438312097451600e+00 3.088689178967211069e-01
7.500000000000000000e+01 1.760000000000000000e+02 3.038887966516716777e+00 3.632214572061365221e-01
7.600000000000000000e+01 1.720000000000000000e+02 3.565861447372615789e+00 3.492325291614406524e-01
7.600000000000000000e+01 1.750000000000000000e+02 3.888556898186252386e+00 3.755064991954152331e-01
7.400000000000000000e+01 1.750000000000000000e+02 3.595965005243076273e+00 3.950808148941175046e-01
7.200000000000000000e+01 1.760000000000000000e+02 3.488178381198770772e+00 4.245957366479423678e-01
7.200000000000000000e+01 1.680000000000000000e+02 3.632195793087303670e+00 3.816977369927484487e-01
7.300000000000000000e+01 1.640000000000000000e+02 3.960442570500411374e+00 3.834531114105309557e-01
7.100000000000000000e+01 1.630000000000000000e+02 4.018097763122987942e+00 4.360272385207058510e-01
7.300000000000000000e+01 1.630000000000000000e+02 4.414613174027135933e+00 4.737722321951308158e-01
7.200000000000000000e+01 1.550000000000000000e+02 4.647132564782239683e+00 4.502614689561311168e-01
7.200000000000000000e+01 1.600000000000000000e+02 4.146436949798459892e+00 4.294984410088672488e-01
6.700000000000000000e+01 1.590000000000000000e+02 3.560114164275527404e+00 4.522702487360582002e-01
7.200000000000000000e+01 1.640000000000000000e+02 3.585629156392215577e+00 4.780471009330405918e-01
7.000000000000000000e+01 1.640000000000000000e+02 3.053182481157406425e+00 5.015380371994875297e-01
7.000000000000000000e+01 1.670000000000000000e+02 2.825249486174918445e+00 4.920030029380857428e-01
6.800000000000000000e+01 1.550000000000000000e+02 2.624908715579596041e+00 4.105142737282138077e-01
6.700000000000000000e+01 1.450000000000000000e+02 2.865627643676660341e+00 3.538914722653731526e-01
6.600000000000000000e+01 1.480000000000000000e+02 2.595044347024585196e+00 3.499936577855132791e-01
6.600000000000000000e+01 1.450000000000000000e+02 3.074775624833520293e+00 3.393135772538323769e-01
6.600000000000000000e+01 1.430000000000000000e+02 3.611525492124134207e+00 3.432908898312285184e-01
6.500000000000000000e+01 1.420000000000000000e+02 3.749001572060890464e+00 3.717936634140833196e-01
6.500000000000000000e+01 1.430000000000000000e+02 3.810840069811619824e+00 4.148042125807397396e-01
7.600000000000000000e+01 1.560000000000000000e+02 4.189978471269876437e+00 4.508342313381139554e-01
7.600000000000000000e+01 1.500000000000000000e+02 4.836007739723651611e+00 4.371253466766677476e-01
7.200000000000000000e+01 1.500000000000000000e+02 4.573275821138754971e+00 4.870137104561214070e-01
7.000000000000000000e+01 1.360000000000000000e+02 4.789228799067295483e+00 4.107633736649150547e-01
6.500000000000000000e+01 1.290000000000000000e+02 3.633308282971031922e+00 2.963237300406688091e-01
6.600000000000000000e+01 1.240000000000000000e+02 3.400222551420206685e+00 2.271263001223001454e-01
6.100000000000000000e+01 1.220000000000000000e+02 2.593728217030793370e+00 2.361535820947146258e-01
5.800000000000000000e+01 1.190000000000000000e+02 2.218871356052112720e+00 2.374725375057540611e-01
5.700000000000000000e+01 1.250000000000000000e+02 2.104341018487549952e+00 2.605597367567075717e-01
5.700000000000000000e+01 1.240000000000000000e+02 2.274912760207703943e+00 2.742875805009595269e-01
5.800000000000000000e+01 1.200000000000000000e+02 2.687685072620985771e+00 2.618250230966989722e-01
5.800000000000000000e+01 1.170000000000000000e+02 2.932276298840494455e+00 2.480226815148919572e-01
6.300000000000000000e+01 1.280000000000000000e+02 2.921490196860992317e+00 2.588321621120364679e-01
6.200000000000000000e+01 1.240000000000000000e+02 3.198920924289374135e+00 2.533578004837475084e-01
6.200000000000000000e+01 1.300000000000000000e+02 3.264909172142338889e+00 2.719818594896715735e-01
6.000000000000000000e+01 1.320000000000000000e+02 3.268924145400156078e+00 3.197641654925992283e-01
6.000000000000000000e+01 1.390000000000000000e+02 3.149671244648289292e+00 3.593295021986474547e-01
6.300000000000000000e+01 1.410000000000000000e+02 3.661683482461899342e+00 3.858937780248756777e-01
6.000000000000000000e+01 1.330000000000000000e+02 3.567774496275013529e+00 3.632523731096240494e-01
5.800000000000000000e+01 1.280000000000000000e+02 3.600579100944793165e+00 3.668124949155672221e-01
6.100000000000000000e+01 1.290000000000000000e+02 3.482280814582623840e+00 3.341587232819818176e-01
6.800000000000000000e+01 1.400000000000000000e+02 3.228441698304068019e+00 3.212376917229772810e-01
6.900000000000000000e+01 1.360000000000000000e+02 2.992508353861084824e+00 2.681855203546086308e-01
6.700000000000000000e+01 1.350000000000000000e+02 2.730673496916540266e+00 2.619002457286818131e-01
6.600000000000000000e+01 1.330000000000000000e+02 2.596485260680339913e+00 2.808079763637390536e-01
7.000000000000000000e+01 1.360000000000000000e+02 2.725012634695044511e+00 2.626154223741919425e-01
7.000000000000000000e+01 1.440000000000000000e+02 2.940662554808902485e+00 2.675265191774243712e-01
6.900000000000000000e+01 1.420000000000000000e+02 3.155161797042626226e+00 2.890690727381026726e-01
6.900000000000000000e+01 1.410000000000000000e+02 3.651548741662582032e+00 2.999100124269601375e-01
6.900000000000000000e+01 1.460000000000000000e+02 3.972035544847166921e+00 3.142794188485967255e-01
6.500000000000000000e+01 1.360000000000000000e+02 3.613370214613416120e+00 2.396429643604994220e-01
6.100000000000000000e+01 1.330000000000000000e+02 2.896603698634882207e+00 2.341954811540502557e-01
6.000000000000000000e+01 1.330000000000000000e+02 2.540399695373806832e+00 2.504797020771940552e-01
5.800000000000000000e+01 1.350000000000000000e+02 2.375308768685442384e+00 2.816450375464236155e-01
6.200000000000000000e+01 1.360000000000000000e+02 2.776136915427099616e+00 2.489094061671579816e-01
6.600000000000000000e+01 1.420000000000000000e+02 2.309356025047539784e+00 2.414233404271151073e-01
6.700000000000000000e+01 1.430000000000000000e+02 2.449270799334120952e+00 2.459563666168833873e-01
7.200000000000000000e+01 1.490000000000000000e+02 2.616361166665312155e+00 2.739235793305656586e-01
7.200000000000000000e+01 1.470000000000000000e+02 2.790052595775172506e+00 2.800719070148831036e-01
7.100000000000000000e+01 1.460000000000000000e+02 3.061640267157708095e+00 3.050500472247886785e-01
7.400000000000000000e+01 1.450000000000000000e+02 3.366851873325635403e+00 3.322477844570845273e-01
7.300000000000000000e+01 1.430000000000000000e+02 3.639173388806081988e+00 3.686023342691059912e-01
7.100000000000000000e+01 1.330000000000000000e+02 3.796170567669901352e+00 3.229752287422075208e-01
7.000000000000000000e+01 1.360000000000000000e+02 3.659989565701237790e+00 3.426643070498281429e-01
6.800000000000000000e+01 1.320000000000000000e+02 3.253343499466541999e+00 3.593180649486156231e-01
6.800000000000000000e+01 1.290000000000000000e+02 3.577954618645384777e+00 3.698542602568427595e-01
7.100000000000000000e+01 1.300000000000000000e+02 3.960587790996561441e+00 3.485001374002671959e-01
7.200000000000000000e+01 1.260000000000000000e+02 4.376051132997251791e+00 3.245122807481778393e-01
7.500000000000000000e+01 1.370000000000000000e+02 4.538591380915427465e+00 3.531818509003706863e-01
7.500000000000000000e+01 1.550000000000000000e+02 4.662065806889149400e+00 4.144440412482295333e-01
7.200000000000000000e+01 1.500000000000000000e+02 4.681720899320812812e+00 4.260071411872458080e-01
6.400000000000000000e+01 1.400000000000000000e+02 3.547615525153139160e+00 3.884664946884933134e-01
5.800000000000000000e+01 1.390000000000000000e+02 2.641741055174472219e+00 3.698231432233375915e-01
5.700000000000000000e+01 1.360000000000000000e+02 2.598767781525479048e+00 3.390682326910709476e-01
5.500000000000000000e+01 1.330000000000000000e+02 2.529404342319742760e+00 3.496687047811672389e-01
5.400000000000000000e+01 1.270000000000000000e+02 2.502710797026277856e+00 3.215571158397006468e-01
5.200000000000000000e+01 1.230000000000000000e+02 1.890813322149666575e+00 2.987995364180880409e-01
5.300000000000000000e+01 1.180000000000000000e+02 2.258931066385609920e+00 2.807489409469494102e-01
6.100000000000000000e+01 1.200000000000000000e+02 2.678903680059316894e+00 2.745371032272419520e-01
6.100000000000000000e+01 1.150000000000000000e+02 2.846128272126622338e+00 2.671824766735181877e-01
6.100000000000000000e+01 1.110000000000000000e+02 3.349758421453275403e+00 2.600415368253562454e-01
6.200000000000000000e+01 1.120000000000000000e+02 3.428868377111276899e+00 2.909040412783428509e-01
6.200000000000000000e+01 1.130000000000000000e+02 3.560023929851489299e+00 3.124192933205164890e-01
6.200000000000000000e+01 1.170000000000000000e+02 4.129983749339205090e+00 3.268343382912002881e-01
6.100000000000000000e+01 1.180000000000000000e+02 4.096450073893435295e+00 3.241556736647449588e-01
5.800000000000000000e+01 1.090000000000000000e+02 3.822397227816968002e+00 2.752452890754686354e-01
5.800000000000000000e+01 1.040000000000000000e+02 3.649862248031236600e+00 2.501942394712295958e-01
5.600000000000000000e+01 9.800000000000000000e+01 3.231657899238574494e+00 2.086471681271560574e-01
5.500000000000000000e+01 9.400000000000000000e+01 3.173569397997367592e+00 1.821738072981716750e-01
5.200000000000000000e+01 9.500000000000000000e+01 2.564729520846178890e+00 2.146294047148513962e-01
6.300000000000000000e+01 1.110000000000000000e+02 2.540949335877771276e+00 2.108234984366552933e-01
6.600000000000000000e+01 1.190000000000000000e+02 2.399907468182744807e+00 2.487908372032126836e-01
6.700000000000000000e+01 1.200000000000000000e+02 2.796207625496117455e+00 2.766368063274183275e-01
6.600000000000000000e+01 1.180000000000000000e+02 2.730009629246655578e+00 2.931951309453484367e-01
6.800000000000000000e+01 1.230000000000000000e+02 2.940289436401101852e+00 3.198165004771316156e-01
6.800000000000000000e+01 1.300000000000000000e+02 2.880236639565362911e+00 3.641002068553390592e-01
6.800000000000000000e+01 1.270000000000000000e+02 2.877944254023460768e+00 3.671310569426342596e-01
6.400000000000000000e+01 1.260000000000000000e+02 2.342356768452812599e+00 4.053136847989739500e-01
6.000000000000000000e+01 1.210000000000000000e+02 1.819799852943015939e+00 3.804889604012008375e-01
6.000000000000000000e+01 1.080000000000000000e+02 1.917977607608633450e+00 2.692192245633846515e-01
6.100000000000000000e+01 1.050000000000000000e+02 2.249365397357272034e+00 2.093352835054560768e-01
5.900000000000000000e+01 1.050000000000000000e+02 2.076999015626137979e+00 2.146418046033883031e-01
6.000000000000000000e+01 1.050000000000000000e+02 2.146081507857984683e+00 2.032255265187495330e-01
6.100000000000000000e+01 1.020000000000000000e+02 2.545109920390164149e+00 1.741008400631653963e-01
6.000000000000000000e+01 1.020000000000000000e+02 2.753466031354504739e+00 1.715443857717677545e-01
6.400000000000000000e+01 1.020000000000000000e+02 3.229735843129587280e+00 1.751522750104788639e-01
6.700000000000000000e+01 1.040000000000000000e+02 3.323394236666101342e+00 1.796773926649654629e-01
7.100000000000000000e+01 1.090000000000000000e+02 3.596483847945526335e+00 1.995037770198523075e-01
6.700000000000000000e+01 1.050000000000000000e+02 3.292212318516321901e+00 1.889515274898427855e-01
6.700000000000000000e+01 1.100000000000000000e+02 2.862773521415216571e+00 2.105488261738834299e-01
6.800000000000000000e+01 1.110000000000000000e+02 3.354771903772959085e+00 2.198803046892211510e-01
6.500000000000000000e+01 1.100000000000000000e+02 3.185143746648225083e+00 2.480021651287681317e-01
6.600000000000000000e+01 1.140000000000000000e+02 3.180723326661199390e+00 2.702469392486307465e-01
6.700000000000000000e+01 1.200000000000000000e+02 3.495245729080965980e+00 2.612264948091247430e-01
6.900000000000000000e+01 1.160000000000000000e+02 3.607195056957055002e+00 2.505361365694464548e-01
7.000000000000000000e+01 1.140000000000000000e+02 3.993263579095600146e+00 2.539647476635361611e-01
6.900000000000000000e+01 1.140000000000000000e+02 3.933678024939342599e+00 2.823769988262296859e-01
7.000000000000000000e+01 1.120000000000000000e+02 4.337744502163765503e+00 3.031619143711690723e-01
7.500000000000000000e+01 1.210000000000000000e+02 4.484922566608777750e+00 3.450793706554151630e-01
7.700000000000000000e+01 1.250000000000000000e+02 4.915097719367589768e+00 3.894995664818988179e-01
7.000000000000000000e+01 1.200000000000000000e+02 4.015753208173483912e+00 3.490558054283571798e-01
6.300000000000000000e+01 1.140000000000000000e+02 2.689370490609594544e+00 3.264701391119763652e-01
6.200000000000000000e+01 1.110000000000000000e+02 2.631415662148990364e+00 2.884866453562118238e-01
6.200000000000000000e+01 1.080000000000000000e+02 2.540513504325417227e+00 2.786927135884902929e-01
6.000000000000000000e+01 1.030000000000000000e+02 2.331220665076839449e+00 2.604082230595633485e-01
6.400000000000000000e+01 9.600000000000000000e+01 2.465661393715804728e+00 2.065942829408633774e-01
6.900000000000000000e+01 9.600000000000000000e+01 2.356722547153923930e+00 1.908836763923981716e-01
6.700000000000000000e+01 9.500000000000000000e+01 1.961893016725376526e+00 2.133660161472011596e-01
6.600000000000000000e+01 9.600000000000000000e+01 2.069383269074469123e+00 2.235621008072267157e-01
6.600000000000000000e+01 9.600000000000000000e+01 2.248805133838425618e+00 2.316130882046121275e-01
6.800000000000000000e+01 9.600000000000000000e+01 2.674855406281947623e+00 2.138307222768733584e-01
6.900000000000000000e+01 9.400000000000000000e+01 3.154268957963086262e+00 2.141775840574788314e-01
6.600000000000000000e+01 9.200000000000000000e+01 2.992640185942156084e+00 2.284568003963291238e-01
6.700000000000000000e+01 8.900000000000000000e+01 3.514908385463486606e+00 2.186255825408105480e-01
6.600000000000000000e+01 8.700000000000000000e+01 3.852725947597632317e+00 2.319152950902378940e-01
6.600000000000000000e+01 8.600000000000000000e+01 4.028465936211640397e+00 2.453522938747735582e-01
6.400000000000000000e+01 8.500000000000000000e+01 3.756611324288738452e+00 2.523804242115851859e-01
6.300000000000000000e+01 8.200000000000000000e+01 3.664470671864622275e+00 2.273491643714221078e-01
6.000000000000000000e+01 8.200000000000000000e+01 3.445785027830488012e+00 2.541985795992895980e-01
6.400000000000000000e+01 8.700000000000000000e+01 3.302886890640478690e+00 2.501710313852808509e-01
6.200000000000000000e+01 8.400000000000000000e+01 3.100541850513421682e+00 2.576281945532740703e-01
6.300000000000000000e+01 8.100000000000000000e+01 3.623721054310731216e+00 2.568030263630001753e-01
6.600000000000000000e+01 7.900000000000000000e+01 3.699701185050184193e+00 2.579024538353110740e-01
6.500000000000000000e+01 8.300000000000000000e+01 3.609170080720288887e+00 2.312803968476550565e-01
6.600000000000000000e+01 8.100000000000000000e+01 3.696162429282289441e+00 2.111558519751720320e-01
6.500000000000000000e+01 9.200000000000000000e+01 3.785988206116049692e+00 2.070795154710460828e-01
6.200000000000000000e+01 9.100000000000000000e+01 3.637918166342356763e+00 2.261201716565276187e-01
6.700000000000000000e+01 9.600000000000000000e+01 3.969514416778714416e+00 2.340990374146907638e-01
6.300000000000000000e+01 9.100000000000000000e+01 3.364094539988757404e+00 2.204480252940966556e-01
6.300000000000000000e+01 9.200000000000000000e+01 3.100661955040979301e+00 1.909519122962866633e-01
6.300000000000000000e+01 9.900000000000000000e+01 2.832874249239777598e+00 1.743442205896049146e-01
6.300000000000000000e+01 9.800000000000000000e+01 2.778149635615888791e+00 1.653873172370383948e-01
6.300000000000000000e+01 9.500000000000000000e+01 3.001853669409610514e+00 1.402331099488166866e-01
6.100000000000000000e+01 9.300000000000000000e+01 2.937562861882413223e+00 1.416629497910506241e-01
6.100000000000000000e+01 9.200000000000000000e+01 3.149496876287322777e+00 1.500940908864737411e-01
6.100000000000000000e+01 9.000000000000000000e+01 3.181329130185956089e+00 1.494589319031781049e-01
5.800000000000000000e+01 8.700000000000000000e+01 2.530846976083649391e+00 1.403251055406427306e-01
6.100000000000000000e+01 1.020000000000000000e+02 2.411014854403443319e+00 1.414244552473062633e-01
6.000000000000000000e+01 1.020000000000000000e+02 2.239031663914630599e+00 1.453051686145826471e-01
6.800000000000000000e+01 1.100000000000000000e+02 2.109304941945274514e+00 1.591142215659820669e-01
7.300000000000000000e+01 1.220000000000000000e+02 1.978039453995025454e+00 1.544635505390811736e-01
7.400000000000000000e+01 1.220000000000000000e+02 2.347442684103251409e+00 1.333086857613152709e-01
7.300000000000000000e+01 1.260000000000000000e+02 2.525279976224466427e+00 1.440690428510651155e-01
7.300000000000000000e+01 1.270000000000000000e+02 2.470562243317599549e+00 1.705718509940906680e-01
7.400000000000000000e+01 1.300000000000000000e+02 2.923985638559656763e+00 1.895118607100408081e-01
7.200000000000000000e+01 1.300000000000000000e+02 2.996599319152185359e+00 2.235651497772608576e-01
7.500000000000000000e+01 1.330000000000000000e+02 3.296015618539182235e+00 2.406973665442593280e-01
7.500000000000000000e+01 1.310000000000000000e+02 3.603874585930860075e+00 2.515194579352098558e-01
7.500000000000000000e+01 1.380000000000000000e+02 3.942639139981703789e+00 2.820889219902519840e-01
7.400000000000000000e+01 1.450000000000000000e+02 3.205437394046983357e+00 2.999277205810572111e-01
7.300000000000000000e+01 1.410000000000000000e+02 3.492272601842746571e+00 3.013590942390095284e-01
7.300000000000000000e+01 1.410000000000000000e+02 3.808127867137446998e+00 3.256623402309892779e-01
7.000000000000000000e+01 1.400000000000000000e+02 3.435658288597652987e+00 3.708375842900498709e-01
7.100000000000000000e+01 1.350000000000000000e+02 3.503826108168079934e+00 3.522428562590904089e-01
7.000000000000000000e+01 1.320000000000000000e+02 3.600658189971041256e+00 3.525785888324816653e-01
6.600000000000000000e+01 1.260000000000000000e+02 3.159863188220037866e+00 3.365902086907680557e-01
6.800000000000000000e+01 1.260000000000000000e+02 3.423773290229195077e+00 3.288854185708227629e-01
6.700000000000000000e+01 1.310000000000000000e+02 3.330420590030458428e+00 3.072710964656590882e-01
6.700000000000000000e+01 1.300000000000000000e+02 3.158466710830196700e+00 3.313027314784974808e-01
6.500000000000000000e+01 1.250000000000000000e+02 3.237021069530782391e+00 3.130077824304821066e-01
6.400000000000000000e+01 1.240000000000000000e+02 3.112059576800677352e+00 2.735861990877335170e-01
6.300000000000000000e+01 1.180000000000000000e+02 3.434720456176148851e+00 2.418358037656773429e-01
6.600000000000000000e+01 1.210000000000000000e+02 3.467908659656206982e+00 2.482086584223400227e-01
6.600000000000000000e+01 1.220000000000000000e+02 3.799924607675996047e+00 2.763240338916524430e-01
6.600000000000000000e+01 1.240000000000000000e+02 4.213808163096282478e+00 3.069941719943445890e-01
6.400000000000000000e+01 1.270000000000000000e+02 4.379385452775277798e+00 3.606423811585861006e-01
6.200000000000000000e+01 1.270000000000000000e+02 4.599056338268980859e+00 4.221885324376503101e-01
5.800000000000000000e+01 1.190000000000000000e+02 4.390401260785159465e+00 4.086382797479120588e-01
6.200000000000000000e+01 1.140000000000000000e+02 5.029358144420221777e+00 3.933772898054361256e-01
5.400000000000000000e+01 1.110000000000000000e+02 3.645394131949215577e+00 4.128812143331104245e-01
5.300000000000000000e+01 1.010000000000000000e+02 3.034184100680922924e+00 3.301355465449213877e-01
5.200000000000000000e+01 9.500000000000000000e+01 2.736482038856210774e+00 2.830688426277930270e-01
5.400000000000000000e+01 9.400000000000000000e+01 2.603775538743939855e+00 2.552869120759088117e-01
5.200000000000000000e+01 9.200000000000000000e+01 2.529144055901398236e+00 2.416172480084509966e-01
5.400000000000000000e+01 9.900000000000000000e+01 2.382794368626274473e+00 2.479679971467801392e-01
5.300000000000000000e+01 9.700000000000000000e+01 2.533666752546972489e+00 2.571584162829158027e-01
5.300000000000000000e+01 9.700000000000000000e+01 2.505021154434386332e+00 2.510555701961527109e-01
5.200000000000000000e+01 9.400000000000000000e+01 2.662417200439306075e+00 2.548817050991931676e-01
5.100000000000000000e+01 8.900000000000000000e+01 2.833311711949816125e+00 2.417403907796815410e-01
4.800000000000000000e+01 8.200000000000000000e+01 2.322826164548092098e+00 2.055351758746265800e-01
4.800000000000000000e+01 8.600000000000000000e+01 1.953408443370071801e+00 2.146563223652175056e-01
5.000000000000000000e+01 8.800000000000000000e+01 2.076235212331564384e+00 2.075565522510551542e-01
5.200000000000000000e+01 9.400000000000000000e+01 2.213005335559307341e+00 2.153908369736382833e-01
5.100000000000000000e+01 9.400000000000000000e+01 2.363020856540244186e+00 2.132447194991134443e-01
6.300000000000000000e+01 1.130000000000000000e+02 2.506974375119141563e+00 2.244751041516317991e-01
6.100000000000000000e+01 1.130000000000000000e+02 2.400822593776578806e+00 2.627746943235999555e-01
6.400000000000000000e+01 1.190000000000000000e+02 2.354070616482963452e+00 2.722379401646755070e-01
6.300000000000000000e+01 1.170000000000000000e+02 2.275541935126530912e+00 2.390476385197656262e-01
6.100000000000000000e+01 1.120000000000000000e+02 2.188052347731897829e+00 2.180891640397727149e-01
6.100000000000000000e+01 1.150000000000000000e+02 2.309423858185404299e+00 2.145844566547224219e-01
5.800000000000000000e+01 1.180000000000000000e+02 1.989379262550024174e+00 2.139175947139731471e-01
5.800000000000000000e+01 1.170000000000000000e+02 2.336220321430274360e+00 2.075813975141994339e-01
5.500000000000000000e+01 1.130000000000000000e+02 2.071410633012121583e+00 1.937427800454687987e-01
5.400000000000000000e+01 1.090000000000000000e+02 2.191324978712757332e+00 1.760599174360778507e-01
5.500000000000000000e+01 1.050000000000000000e+02 2.569706699604474398e+00 1.456258684015145077e-01
5.700000000000000000e+01 1.050000000000000000e+02 2.707975321059166607e+00 1.386797851313645857e-01
5.900000000000000000e+01 1.050000000000000000e+02 2.868482337512882729e+00 1.518526998788594651e-01
6.600000000000000000e+01 1.110000000000000000e+02 3.053250103285471972e+00 1.796918169843719493e-01
6.800000000000000000e+01 1.160000000000000000e+02 3.110252764585595742e+00 2.015388269157309398e-01
6.700000000000000000e+01 1.150000000000000000e+02 3.361398537340068327e+00 2.145791880969956655e-01
6.700000000000000000e+01 1.230000000000000000e+02 3.179350950959615840e+00 2.318105285093572665e-01
6.800000000000000000e+01 1.300000000000000000e+02 2.975716297113221831e+00 2.606013609902363970e-01
6.900000000000000000e+01 1.390000000000000000e+02 2.534271525204239150e+00 2.730600606494206217e-01
6.700000000000000000e+01 1.380000000000000000e+02 2.439817307844911909e+00 2.973708911428668000e-01
6.900000000000000000e+01 1.330000000000000000e+02 2.656606248108154045e+00 2.553382472721896224e-01
6.700000000000000000e+01 1.300000000000000000e+02 2.639795533910407777e+00 2.596292150915068264e-01
6.500000000000000000e+01 1.310000000000000000e+02 2.675197029382196501e+00 2.649440167622124642e-01
6.600000000000000000e+01 1.320000000000000000e+02 3.152948450506464884e+00 2.716771029817374727e-01
7.000000000000000000e+01 1.360000000000000000e+02 3.380636724311840258e+00 3.198325453396633766e-01
7.400000000000000000e+01 1.410000000000000000e+02 3.943947015362504249e+00 3.597126656805768596e-01
7.800000000000000000e+01 1.430000000000000000e+02 4.318895403934329025e+00 3.795285810588525099e-01
8.100000000000000000e+01 1.570000000000000000e+02 4.263305838597049480e+00 4.010419383533659898e-01
7.900000000000000000e+01 1.520000000000000000e+02 4.423489815104249878e+00 3.897810579688933408e-01
7.700000000000000000e+01 1.540000000000000000e+02 4.253226020424872189e+00 4.218036976494596857e-01
7.400000000000000000e+01 1.490000000000000000e+02 3.322505397891392320e+00 3.445049455083721290e-01
7.000000000000000000e+01 1.440000000000000000e+02 2.552021698811916206e+00 3.408732068043771601e-01
6.800000000000000000e+01 1.360000000000000000e+02 2.516594844748632376e+00 2.709875911141618743e-01
6.400000000000000000e+01 1.310000000000000000e+02 1.868182284591567432e+00 2.607168854328956731e-01
