0.000000000000000000e+00 0.000000000000000000e+00 0.000000000000000000e+00 0.000000000000000000e+00
1.000000000000000000e+00 2.000000000000000000e+00 2.182292271754151852e-04 9.893195246707083609e-05
1.000000000000000000e+00 2.000000000000000000e+00 2.926019895731714793e-04 1.203330561976695390e-04
3.000000000000000000e+00 3.000000000000000000e+00 8.283634051266660844e-04 1.957669710201211577e-04
5.000000000000000000e+00 4.000000000000000000e+00 1.545929927714624662e-03 2.874215327056564941e-04
6.000000000000000000e+00 4.000000000000000000e+00 2.287590325111589062e-03 3.492592651559392903e-04
6.000000000000000000e+00 4.000000000000000000e+00 3.058997882918332994e-03 4.241787586886617981e-04
1.000000000000000000e+01 6.000000000000000000e+00 4.957478867587191730e-03 6.138045504387591549e-04
1.300000000000000000e+01 6.000000000000000000e+00 7.269914062346037771e-03 7.448956993102843517e-04
1.300000000000000000e+01 7.000000000000000000e+00 9.689565417678625003e-03 9.528628282303467853e-04
1.300000000000000000e+01 7.000000000000000000e+00 1.288970880630160680e-02 1.155010358541113183e-03
1.800000000000000000e+01 1.100000000000000000e+01 1.820029367680517374e-02 1.596840806782548949e-03
2.200000000000000000e+01 1.200000000000000000e+01 2.498911113937881193e-02 1.983194841936596151e-03
2.200000000000000000e+01 1.400000000000000000e+01 3.303885387818551733e-02 2.498802533358799888e-03
2.200000000000000000e+01 1.500000000000000000e+01 4.355150599173462922e-02 3.071237759640453504e-03
2.200000000000000000e+01 1.500000000000000000e+01 5.721693969464175522e-02 3.710806005030715515e-03
2.200000000000000000e+01 1.700000000000000000e+01 7.488861704953503340e-02 4.577793619847184137e-03
2.500000000000000000e+01 1.900000000000000000e+01 9.826404513346657932e-02 5.618989886197454410e-03
2.500000000000000000e+01 1.900000000000000000e+01 1.275134634240530918e-01 6.768492131009769958e-03
2.700000000000000000e+01 2.300000000000000000e+01 1.650700243874639594e-01 8.340387455127827240e-03
2.700000000000000000e+01 2.300000000000000000e+01 2.119706654528892009e-01 1.002233542031842270e-02
2.800000000000000000e+01 2.300000000000000000e+01 2.707871688822098832e-01 1.202548290734100668e-02
3.000000000000000000e+01 2.600000000000000000e+01 3.438681303887933249e-01 1.455417514939701118e-02
3.000000000000000000e+01 2.700000000000000000e+01 4.331470531870065810e-01 1.745733257331110247e-02
3.000000000000000000e+01 2.800000000000000000e+01 5.416196799197752210e-01 2.089246850405950331e-02
3.000000000000000000e+01 2.800000000000000000e+01 6.720468652354342209e-01 2.489669144878345342e-02
3.400000000000000000e+01 2.800000000000000000e+01 8.280543347940659826e-01 2.960650812657510123e-02
3.800000000000000000e+01 3.600000000000000000e+01 1.011693841172025099e+00 3.552498195836702871e-02
3.900000000000000000e+01 3.800000000000000000e+01 1.224781197077958961e+00 4.216450971283642463e-02
3.900000000000000000e+01 3.800000000000000000e+01 1.469640680395436494e+00 4.980862201212955809e-02
3.900000000000000000e+01 3.800000000000000000e+01 1.747972042144823490e+00 5.868718312031651063e-02
3.900000000000000000e+01 3.700000000000000000e+01 1.843939885029898473e+00 5.846257791749057131e-02
4.000000000000000000e+01 3.600000000000000000e+01 2.169263006663087801e+00 5.665022238162446128e-02
4.200000000000000000e+01 4.000000000000000000e+01 2.095720301684603104e+00 6.693514968676075871e-02
4.200000000000000000e+01 4.000000000000000000e+01 2.444341844646792605e+00 5.616894394272999719e-02
4.800000000000000000e+01 4.600000000000000000e+01 2.370712245003465668e+00 6.665099369889425363e-02
4.700000000000000000e+01 4.600000000000000000e+01 2.476939578348481330e+00 7.853987762241557147e-02
4.600000000000000000e+01 4.800000000000000000e+01 2.418362462964988246e+00 8.194198839494781783e-02
4.300000000000000000e+01 4.800000000000000000e+01 2.081032952428695459e+00 9.624060401088579964e-02
4.500000000000000000e+01 4.900000000000000000e+01 2.159833829724076892e+00 9.896620316083927504e-02
4.700000000000000000e+01 4.900000000000000000e+01 2.219580671347538559e+00 1.159183651385734953e-01
4.700000000000000000e+01 4.600000000000000000e+01 2.109276737354716769e+00 1.005209253205165965e-01
4.700000000000000000e+01 4.600000000000000000e+01 1.499973712639155465e+00 1.055780106186961498e-01
4.900000000000000000e+01 5.600000000000000000e+01 1.237068689256524356e+00 1.014106176509015217e-01
5.400000000000000000e+01 6.300000000000000000e+01 1.455908692014942662e+00 9.116284772536178971e-02
5.900000000000000000e+01 6.700000000000000000e+01 1.418717932364668144e+00 1.072124809172287641e-01
6.400000000000000000e+01 6.900000000000000000e+01 1.671490953086395503e+00 1.013586081424182050e-01
6.500000000000000000e+01 7.400000000000000000e+01 1.736701393557043227e+00 9.660180613794071280e-02
6.400000000000000000e+01 7.300000000000000000e+01 1.787849504219891417e+00 1.013351123159487721e-01
6.700000000000000000e+01 8.000000000000000000e+01 1.827745401855303653e+00 8.792750962421903849e-02
6.700000000000000000e+01 8.100000000000000000e+01 1.901482770428715163e+00 9.156290569624192521e-02
6.600000000000000000e+01 8.100000000000000000e+01 1.966655623664425478e+00 1.078837131599895971e-01
6.500000000000000000e+01 8.100000000000000000e+01 1.853178976485010176e+00 1.163178681446068452e-01
6.800000000000000000e+01 8.300000000000000000e+01 1.952710853301630411e+00 1.245849979450089073e-01
6.900000000000000000e+01 8.100000000000000000e+01 2.310930926623130155e+00 1.217672800031344149e-01
6.900000000000000000e+01 8.000000000000000000e+01 2.713155647464753795e+00 1.291452595208111842e-01
6.700000000000000000e+01 8.100000000000000000e+01 2.727289453228913363e+00 1.516818195029152050e-01
6.700000000000000000e+01 8.400000000000000000e+01 2.722165200361116533e+00 1.254809113154739530e-01
6.800000000000000000e+01 8.200000000000000000e+01 2.916515809375847201e+00 1.007342900802037505e-01
7.000000000000000000e+01 8.600000000000000000e+01 2.879625556820435861e+00 1.073048411684379422e-01
7.200000000000000000e+01 8.900000000000000000e+01 3.093183070470605589e+00 1.271644931072758722e-01
7.400000000000000000e+01 9.200000000000000000e+01 3.343009551903272314e+00 1.503015023604225564e-01
7.600000000000000000e+01 9.500000000000000000e+01 3.675211690185636204e+00 1.771604141478829442e-01
7.500000000000000000e+01 9.400000000000000000e+01 3.829365919587163436e+00 1.766764008355342919e-01
7.500000000000000000e+01 9.500000000000000000e+01 4.218280573261251831e+00 1.851369212823107124e-01
7.200000000000000000e+01 9.300000000000000000e+01 3.974747435752834956e+00 1.635013719908756380e-01
7.100000000000000000e+01 9.200000000000000000e+01 3.856203344161512003e+00 1.805740674140819957e-01
7.000000000000000000e+01 8.900000000000000000e+01 4.234965389747293862e+00 1.777142544202601482e-01
7.000000000000000000e+01 8.800000000000000000e+01 4.633724891027585002e+00 1.974711981256376536e-01
6.900000000000000000e+01 8.800000000000000000e+01 4.618711384391294139e+00 2.221118015183503880e-01
6.900000000000000000e+01 9.000000000000000000e+01 4.597042746415848313e+00 2.611725933531492960e-01
6.700000000000000000e+01 9.000000000000000000e+01 4.848590071208049856e+00 2.922750823178239532e-01
6.600000000000000000e+01 9.100000000000000000e+01 4.652850747329303260e+00 3.418536037555635065e-01
6.300000000000000000e+01 8.400000000000000000e+01 4.610606107526797892e+00 3.249679011062087119e-01
6.000000000000000000e+01 7.800000000000000000e+01 4.156897235228201204e+00 2.967692766015125327e-01
6.100000000000000000e+01 8.800000000000000000e+01 3.588504296525655501e+00 2.750810408114378602e-01
6.300000000000000000e+01 8.900000000000000000e+01 2.903239216496891206e+00 2.611533071261761263e-01
6.100000000000000000e+01 8.500000000000000000e+01 2.882431659659859591e+00 2.145879103449613579e-01
6.000000000000000000e+01 8.100000000000000000e+01 3.048715458578123094e+00 1.959003211151477131e-01
5.700000000000000000e+01 7.600000000000000000e+01 2.753846458951231480e+00 1.623779366494557119e-01
5.400000000000000000e+01 7.300000000000000000e+01 2.387041589198438452e+00 1.552681783936166737e-01
5.500000000000000000e+01 7.400000000000000000e+01 2.473604883745682770e+00 1.559439467802543333e-01
5.300000000000000000e+01 7.400000000000000000e+01 2.405878671157753779e+00 1.668490841442922534e-01
5.100000000000000000e+01 7.100000000000000000e+01 2.380373870842189543e+00 1.563579680981367348e-01
5.000000000000000000e+01 6.900000000000000000e+01 2.569457054409032271e+00 1.575206275991610783e-01
4.900000000000000000e+01 6.900000000000000000e+01 2.733882254299998316e+00 1.849313935071979220e-01
4.900000000000000000e+01 6.900000000000000000e+01 2.896933978037894875e+00 2.164433793984465726e-01
4.700000000000000000e+01 6.500000000000000000e+01 2.929157400152577750e+00 2.089301814346577468e-01
4.700000000000000000e+01 6.200000000000000000e+01 3.174381182026757120e+00 1.968271025952719466e-01
4.500000000000000000e+01 5.700000000000000000e+01 3.218973334802166075e+00 1.719177664801644911e-01
4.800000000000000000e+01 6.000000000000000000e+01 3.018049137333737253e+00 1.623888049005275669e-01
4.400000000000000000e+01 5.800000000000000000e+01 2.480070367149910471e+00 1.669009902565840864e-01
4.600000000000000000e+01 6.100000000000000000e+01 2.652138896816025770e+00 1.321607183293621313e-01
4.500000000000000000e+01 5.800000000000000000e+01 2.555073886440475395e+00 1.182060896710732945e-01
4.400000000000000000e+01 5.900000000000000000e+01 2.190198094254570460e+00 1.282524514876846877e-01
4.300000000000000000e+01 5.600000000000000000e+01 2.275946545350696404e+00 1.171289415545833795e-01
4.200000000000000000e+01 5.600000000000000000e+01 2.206557181930044020e+00 1.216780664633461684e-01
4.600000000000000000e+01 6.300000000000000000e+01 2.349886624095127274e+00 1.275088886786183429e-01
4.800000000000000000e+01 6.400000000000000000e+01 2.748845604658617159e+00 1.342184747518113952e-01
4.600000000000000000e+01 7.000000000000000000e+01 2.728912129712278922e+00 1.582167903820470289e-01
4.600000000000000000e+01 7.300000000000000000e+01 2.722625062901377735e+00 1.632875698160015654e-01
4.700000000000000000e+01 7.400000000000000000e+01 2.877096571275143511e+00 1.794940649605472061e-01
4.500000000000000000e+01 7.300000000000000000e+01 2.822301482609107293e+00 1.995976996239805512e-01
4.400000000000000000e+01 7.200000000000000000e+01 2.989410247582497515e+00 2.191949421860340252e-01
4.400000000000000000e+01 7.400000000000000000e+01 3.136375623341135288e+00 2.450045115287774466e-01
4.300000000000000000e+01 7.200000000000000000e+01 2.437411225230235789e+00 2.112837464188917769e-01
3.800000000000000000e+01 6.600000000000000000e+01 1.622588818545548595e+00 1.531864819790366428e-01
3.700000000000000000e+01 6.300000000000000000e+01 1.103501543524862738e+00 1.170640007066413024e-01
3.600000000000000000e+01 6.100000000000000000e+01 9.929718230999103890e-01 9.438008114714802055e-02
4.200000000000000000e+01 6.800000000000000000e+01 8.834764610561401943e-01 9.256473070828223626e-02
4.200000000000000000e+01 7.000000000000000000e+01 1.058240555138802552e+00 9.050372851162155619e-02
5.000000000000000000e+01 7.400000000000000000e+01 1.261059695374239675e+00 7.173759234071842850e-02
5.000000000000000000e+01 7.400000000000000000e+01 1.252151943474178797e+00 7.279978665175773633e-02
5.100000000000000000e+01 7.600000000000000000e+01 1.230060390762144351e+00 8.639818100454664529e-02
5.100000000000000000e+01 7.600000000000000000e+01 1.480533479525189877e+00 8.840253929535533961e-02
5.300000000000000000e+01 8.000000000000000000e+01 1.766970155913329066e+00 1.050543992616751743e-01
5.200000000000000000e+01 8.300000000000000000e+01 1.873052072155106718e+00 1.244606818991193659e-01
5.600000000000000000e+01 8.400000000000000000e+01 2.212391673572211559e+00 1.469533991984149079e-01
5.600000000000000000e+01 8.500000000000000000e+01 2.589250723151999445e+00 1.625854801302707986e-01
5.600000000000000000e+01 8.500000000000000000e+01 2.765038991216108855e+00 1.910927414666606650e-01
5.200000000000000000e+01 8.300000000000000000e+01 2.327222969881117542e+00 2.029423755332045998e-01
5.300000000000000000e+01 8.100000000000000000e+01 2.704769267802391131e+00 2.012890759206815983e-01
5.900000000000000000e+01 9.100000000000000000e+01 2.163639683080864184e+00 2.047153302837800837e-01
5.900000000000000000e+01 8.900000000000000000e+01 2.286460644612045900e+00 1.994943792596180210e-01
6.100000000000000000e+01 9.500000000000000000e+01 2.446938638214523287e+00 1.957982228395850899e-01
6.500000000000000000e+01 1.050000000000000000e+02 2.600907606156315222e+00 2.141874789390556533e-01
6.600000000000000000e+01 1.160000000000000000e+02 2.509857259936473017e+00 2.512911768631694853e-01
6.700000000000000000e+01 1.130000000000000000e+02 2.697140276076612775e+00 2.147120732293998635e-01
6.500000000000000000e+01 1.150000000000000000e+02 2.423380958208080305e+00 2.148808293131204417e-01
6.400000000000000000e+01 1.230000000000000000e+02 2.318759579085205136e+00 2.064766651257418095e-01
6.300000000000000000e+01 1.200000000000000000e+02 2.213826751779985003e+00 1.963798034340396015e-01
6.100000000000000000e+01 1.170000000000000000e+02 2.154179523328376256e+00 1.914401172777717708e-01
6.200000000000000000e+01 1.150000000000000000e+02 2.314681343123439206e+00 1.946548051207318275e-01
7.200000000000000000e+01 1.260000000000000000e+02 2.743020241916411806e+00 2.130792829512944131e-01
7.200000000000000000e+01 1.280000000000000000e+02 3.219834956098192702e+00 2.131686247323187067e-01
7.100000000000000000e+01 1.280000000000000000e+02 3.313055747576169718e+00 2.065839988925405601e-01
7.200000000000000000e+01 1.280000000000000000e+02 3.344714582872973629e+00 2.199171221560379530e-01
7.200000000000000000e+01 1.250000000000000000e+02 3.664348286918762021e+00 2.213661846338336459e-01
7.100000000000000000e+01 1.250000000000000000e+02 3.704329337271139444e+00 2.595606405457978050e-01
6.700000000000000000e+01 1.230000000000000000e+02 3.402050647392813154e+00 2.477489793519866978e-01
6.600000000000000000e+01 1.190000000000000000e+02 3.685284855837103191e+00 2.307628688168524844e-01
6.500000000000000000e+01 1.150000000000000000e+02 3.102797763271353038e+00 2.128224665472555899e-01
6.300000000000000000e+01 1.110000000000000000e+02 3.105055223500273076e+00 1.991870953632885466e-01
5.900000000000000000e+01 1.110000000000000000e+02 2.545031246873452613e+00 2.238500935104949519e-01
5.700000000000000000e+01 1.100000000000000000e+02 2.491114049542525244e+00 2.470630910878502950e-01
5.800000000000000000e+01 1.070000000000000000e+02 2.946759316805480644e+00 2.284729664611276911e-01
5.700000000000000000e+01 1.050000000000000000e+02 3.217612806830367767e+00 2.322005710610563212e-01
6.800000000000000000e+01 1.160000000000000000e+02 3.068650250785813327e+00 2.621895210194420400e-01
6.800000000000000000e+01 1.140000000000000000e+02 3.363047904773156738e+00 2.822797297417605766e-01
6.700000000000000000e+01 1.130000000000000000e+02 3.668705819352051645e+00 3.200250856254422960e-01
6.800000000000000000e+01 1.120000000000000000e+02 4.269021379263347349e+00 3.599618311025256090e-01
6.700000000000000000e+01 1.130000000000000000e+02 4.660824719638463343e+00 4.114928433303322031e-01
6.200000000000000000e+01 1.070000000000000000e+02 4.235079017611668384e+00 4.074957109667147193e-01
6.100000000000000000e+01 1.030000000000000000e+02 4.373318714777311378e+00 4.169822230936842122e-01
5.700000000000000000e+01 9.700000000000000000e+01 4.010195814992238539e+00 4.198501783906938289e-01
5.200000000000000000e+01 8.900000000000000000e+01 3.406323109463291310e+00 3.963019198877170135e-01
4.900000000000000000e+01 8.300000000000000000e+01 2.667585232802775153e+00 3.723013928306299070e-01
4.700000000000000000e+01 7.600000000000000000e+01 2.380298219902538204e+00 3.455696563093313411e-01
5.000000000000000000e+01 7.000000000000000000e+01 2.545817551087490749e+00 3.100311086740074051e-01
5.100000000000000000e+01 6.900000000000000000e+01 2.512002773442522319e+00 2.619842420576359854e-01
5.300000000000000000e+01 6.800000000000000000e+01 2.712043095911143009e+00 2.365594056039340143e-01
5.500000000000000000e+01 7.100000000000000000e+01 3.144358603198258439e+00 2.297369930066464616e-01
5.400000000000000000e+01 6.900000000000000000e+01 3.395351086456658951e+00 2.375752887637860300e-01
4.900000000000000000e+01 6.500000000000000000e+01 2.573223063123165844e+00 2.056550041988624566e-01
4.800000000000000000e+01 6.300000000000000000e+01 2.211045647880117926e+00 1.713631587515207222e-01
4.900000000000000000e+01 6.000000000000000000e+01 2.075988661170200977e+00 1.383774738511077407e-01
4.600000000000000000e+01 6.000000000000000000e+01 1.690464209919420036e+00 1.227198314254199507e-01
4.700000000000000000e+01 6.400000000000000000e+01 1.751248696666089399e+00 1.114432500854278668e-01
4.700000000000000000e+01 6.300000000000000000e+01 1.825464920218741627e+00 1.122976413635602688e-01
4.700000000000000000e+01 6.100000000000000000e+01 2.153699733236801972e+00 9.471605094051753493e-02
4.900000000000000000e+01 6.100000000000000000e+01 2.259154991941288770e+00 1.009348801355527125e-01
4.700000000000000000e+01 6.000000000000000000e+01 2.207982850436529088e+00 1.047619039556778042e-01
4.600000000000000000e+01 6.200000000000000000e+01 2.105733801147481543e+00 1.232710819413251335e-01
4.900000000000000000e+01 6.700000000000000000e+01 2.475503956548480655e+00 1.309775817277965548e-01
5.000000000000000000e+01 6.600000000000000000e+01 2.881772943081196470e+00 1.414110530714272895e-01
5.700000000000000000e+01 7.200000000000000000e+01 3.324628753026511063e+00 1.448742654262624441e-01
5.900000000000000000e+01 8.200000000000000000e+01 3.560952251218810982e+00 1.698435183669143311e-01
4.900000000000000000e+01 7.800000000000000000e+01 1.875130317761380061e+00 1.543528543028213906e-01
4.700000000000000000e+01 7.600000000000000000e+01 1.686256953687325755e+00 1.195852053316028701e-01
4.500000000000000000e+01 7.700000000000000000e+01 1.199086312726513892e+00 1.261049676991250201e-01
4.600000000000000000e+01 7.900000000000000000e+01 1.440102103384004462e+00 1.160431450761394839e-01
5.100000000000000000e+01 7.900000000000000000e+01 1.716853214860881494e+00 1.079118411372210068e-01
5.300000000000000000e+01 8.100000000000000000e+01 1.768703386308902337e+00 1.169375962356829779e-01
5.400000000000000000e+01 7.900000000000000000e+01 2.097978512638093651e+00 1.135187132342699162e-01
5.600000000000000000e+01 8.000000000000000000e+01 2.227639238954715939e+00 1.342716829721340155e-01
5.600000000000000000e+01 8.200000000000000000e+01 2.613293838618132803e+00 1.584427224586618110e-01
6.300000000000000000e+01 9.400000000000000000e+01 2.606074826002613420e+00 1.869260209574866993e-01
6.200000000000000000e+01 9.400000000000000000e+01 2.807933483691230414e+00 2.071832444467071599e-01
6.100000000000000000e+01 9.400000000000000000e+01 2.807766039614575160e+00 2.287272213590313408e-01
5.900000000000000000e+01 9.200000000000000000e+01 2.320521619556432658e+00 2.358072880822405515e-01
5.700000000000000000e+01 8.700000000000000000e+01 2.257678837675262340e+00 2.160959967459260556e-01
5.700000000000000000e+01 8.100000000000000000e+01 2.358451613843437045e+00 1.843398093770916568e-01
5.700000000000000000e+01 8.400000000000000000e+01 2.495744905970376681e+00 1.741860153538400124e-01
5.500000000000000000e+01 8.300000000000000000e+01 2.342902568089686444e+00 1.936808592012848884e-01
5.400000000000000000e+01 8.100000000000000000e+01 2.274082172935221635e+00 1.898140017157385895e-01
5.200000000000000000e+01 7.800000000000000000e+01 2.223314188512055090e+00 1.857383623397652894e-01
5.500000000000000000e+01 7.800000000000000000e+01 2.365019440677654128e+00 1.828240793329904690e-01
5.200000000000000000e+01 7.500000000000000000e+01 2.049196576751115106e+00 1.811124715956650977e-01
5.500000000000000000e+01 7.200000000000000000e+01 2.429701958891449909e+00 1.722556479261064533e-01
5.500000000000000000e+01 7.600000000000000000e+01 2.616873977697803166e+00 1.886918288741378791e-01
5.400000000000000000e+01 7.600000000000000000e+01 2.851038321903522910e+00 1.951857148887390092e-01
5.300000000000000000e+01 7.500000000000000000e+01 3.087936555191345356e+00 2.152071645632267494e-01
5.200000000000000000e+01 7.400000000000000000e+01 3.327693021224457315e+00 2.416701188945213907e-01
5.300000000000000000e+01 6.900000000000000000e+01 3.637289552365679857e+00 2.283868575995560424e-01
5.000000000000000000e+01 6.900000000000000000e+01 3.447148587329462277e+00 2.669004220663101501e-01
4.700000000000000000e+01 6.600000000000000000e+01 3.085418832593852301e+00 2.551434685476663411e-01
4.500000000000000000e+01 6.200000000000000000e+01 2.656298329543406833e+00 2.150941791616503007e-01
4.400000000000000000e+01 5.800000000000000000e+01 2.592801487241078728e+00 2.004545673584515186e-01
4.500000000000000000e+01 5.600000000000000000e+01 3.028749013620219532e+00 1.796703489752734251e-01
4.500000000000000000e+01 5.600000000000000000e+01 2.986373131414991722e+00 1.872240127091686357e-01
4.400000000000000000e+01 5.600000000000000000e+01 3.245286248640178783e+00 1.778156603774334044e-01
4.100000000000000000e+01 5.400000000000000000e+01 3.086173890005808218e+00 1.690734317887722382e-01
3.900000000000000000e+01 5.000000000000000000e+01 3.089638325194366875e+00 1.503748123695726746e-01
3.900000000000000000e+01 4.900000000000000000e+01 3.297388433255519224e+00 1.478633539067736868e-01
4.300000000000000000e+01 5.800000000000000000e+01 3.013037022766130946e+00 1.628547370377233794e-01
4.300000000000000000e+01 5.700000000000000000e+01 2.905377511670279578e+00 1.794320514035205871e-01
3.800000000000000000e+01 6.000000000000000000e+01 1.737742003901648458e+00 1.565715310947922156e-01
4.000000000000000000e+01 5.800000000000000000e+01 1.761254707913792350e+00 1.199075949962856297e-01
3.800000000000000000e+01 5.600000000000000000e+01 1.545029080865054638e+00 1.119960079288828403e-01
3.500000000000000000e+01 5.500000000000000000e+01 1.068158803453869377e+00 1.167569955403322118e-01
3.700000000000000000e+01 5.400000000000000000e+01 1.265374572982228996e+00 1.060697560098081138e-01
3.700000000000000000e+01 5.300000000000000000e+01 1.485576103599141273e+00 1.081361493130705981e-01
3.500000000000000000e+01 5.100000000000000000e+01 1.272954905234764178e+00 1.053949923898682139e-01
3.900000000000000000e+01 5.300000000000000000e+01 1.496292063547592921e+00 9.914880812534188070e-02
4.200000000000000000e+01 5.500000000000000000e+01 1.743135105631529180e+00 9.177685348110121988e-02
4.600000000000000000e+01 6.100000000000000000e+01 2.013705169717750820e+00 9.205117947272578593e-02
4.300000000000000000e+01 6.000000000000000000e+01 1.611269700685501016e+00 9.751718962083569253e-02
4.400000000000000000e+01 6.000000000000000000e+01 1.621554400060020606e+00 1.022728394211991632e-01
4.200000000000000000e+01 6.200000000000000000e+01 1.176740145809674010e+00 1.199036863731301750e-01
4.200000000000000000e+01 6.200000000000000000e+01 1.168124383155285662e+00 1.034195873466375176e-01
4.300000000000000000e+01 6.200000000000000000e+01 1.118843243627368089e+00 9.871027569957696590e-02
4.400000000000000000e+01 6.100000000000000000e+01 1.336664532057115551e+00 8.994588527080626950e-02
4.600000000000000000e+01 6.100000000000000000e+01 1.584438285358626741e+00 9.021645142105533255e-02
5.100000000000000000e+01 6.700000000000000000e+01 1.647431136285603781e+00 1.069121695440700681e-01
5.200000000000000000e+01 7.000000000000000000e+01 1.697794512744582152e+00 1.261750827645988782e-01
5.500000000000000000e+01 7.100000000000000000e+01 1.782703290005587471e+00 1.379309352481012385e-01
5.400000000000000000e+01 6.900000000000000000e+01 1.879957047121995739e+00 1.393406226403677839e-01
5.400000000000000000e+01 6.800000000000000000e+01 1.969177478299532158e+00 1.515251167447964065e-01
5.400000000000000000e+01 6.600000000000000000e+01 2.096006105452596469e+00 1.533542908935850713e-01
5.500000000000000000e+01 6.700000000000000000e+01 2.194729539968049536e+00 1.590346733982998528e-01
5.500000000000000000e+01 6.600000000000000000e+01 2.332668735573138363e+00 1.621014343012795178e-01
5.500000000000000000e+01 6.700000000000000000e+01 2.465982429417877153e+00 1.779941657110959696e-01
5.500000000000000000e+01 6.600000000000000000e+01 2.878535565102472216e+00 1.943933221115256571e-01
5.900000000000000000e+01 7.000000000000000000e+01 3.114811490603654587e+00 2.134510799721345276e-01
5.900000000000000000e+01 6.900000000000000000e+01 2.933325793387937086e+00 1.844871670565286503e-01
5.900000000000000000e+01 7.000000000000000000e+01 2.677955274891618220e+00 1.790886660041177691e-01
5.800000000000000000e+01 6.500000000000000000e+01 2.370872565742135230e+00 1.529233483238863489e-01
5.500000000000000000e+01 6.300000000000000000e+01 1.796801961463898145e+00 1.438402002568006099e-01
5.600000000000000000e+01 6.300000000000000000e+01 2.130651510135411097e+00 1.242083910532821855e-01
5.500000000000000000e+01 6.200000000000000000e+01 2.244568853899536087e+00 1.299032570926547669e-01
5.700000000000000000e+01 6.600000000000000000e+01 2.424622320441797374e+00 1.369284144232118805e-01
5.700000000000000000e+01 6.700000000000000000e+01 2.603639381632288252e+00 1.608425023724998904e-01
6.000000000000000000e+01 6.800000000000000000e+01 3.044478143845544604e+00 1.745703080546506247e-01
5.900000000000000000e+01 6.900000000000000000e+01 3.095471726964280190e+00 1.832552371220620424e-01
5.800000000000000000e+01 7.000000000000000000e+01 3.145602718667087405e+00 1.689775609128881528e-01
6.200000000000000000e+01 7.300000000000000000e+01 3.150749279647118595e+00 1.315733636706319376e-01
6.200000000000000000e+01 7.900000000000000000e+01 3.109865711787849651e+00 1.303717467938188268e-01
7.300000000000000000e+01 9.200000000000000000e+01 2.831964330486478332e+00 1.430124756106100625e-01
7.100000000000000000e+01 9.100000000000000000e+01 2.834947149182306614e+00 1.515757596583854061e-01
7.700000000000000000e+01 9.600000000000000000e+01 2.991133790847396945e+00 1.446447964173887824e-01
7.600000000000000000e+01 9.500000000000000000e+01 3.256350530071010052e+00 1.329773718927570181e-01
7.400000000000000000e+01 9.400000000000000000e+01 3.281017228132465213e+00 1.438812043002516972e-01
7.200000000000000000e+01 9.400000000000000000e+01 3.086785814204214162e+00 1.685346960151901941e-01
7.000000000000000000e+01 8.900000000000000000e+01 3.128583223174852268e+00 1.409839265776236805e-01
6.700000000000000000e+01 8.600000000000000000e+01 2.904833978099151448e+00 1.286192352637839931e-01
6.800000000000000000e+01 8.200000000000000000e+01 2.872668664960204232e+00 1.040124357157475032e-01
6.600000000000000000e+01 8.200000000000000000e+01 2.793269279029825913e+00 1.090499908613983132e-01
6.400000000000000000e+01 8.200000000000000000e+01 2.691038413248568073e+00 1.289847800162185476e-01
6.200000000000000000e+01 8.200000000000000000e+01 2.634873391451726832e+00 1.521769194186992913e-01
6.000000000000000000e+01 8.400000000000000000e+01 2.603407560228931050e+00 1.687091617474530680e-01
6.100000000000000000e+01 8.500000000000000000e+01 2.815498434890047807e+00 1.757754927577468984e-01
6.300000000000000000e+01 8.500000000000000000e+01 3.077678213849930788e+00 1.822200180817948323e-01
6.300000000000000000e+01 8.500000000000000000e+01 3.323640723988932066e+00 2.140567194218939429e-01
6.000000000000000000e+01 8.500000000000000000e+01 3.209895207851908960e+00 2.160416072985356095e-01
5.700000000000000000e+01 8.400000000000000000e+01 2.820595324296891970e+00 2.200593133904422405e-01
5.500000000000000000e+01 8.500000000000000000e+01 2.874690679097971824e+00 1.989086774916443146e-01
5.400000000000000000e+01 8.200000000000000000e+01 3.157150696577842197e+00 1.917065198525605974e-01
5.300000000000000000e+01 8.100000000000000000e+01 3.192262179780864795e+00 2.117179628355546905e-01
5.400000000000000000e+01 8.200000000000000000e+01 3.243583629009529901e+00 2.264085227523379151e-01
5.300000000000000000e+01 8.100000000000000000e+01 3.528363315279706480e+00 2.537854557287778645e-01
5.200000000000000000e+01 7.700000000000000000e+01 3.918647235722163558e+00 2.520746845815817760e-01
5.000000000000000000e+01 7.700000000000000000e+01 4.106471374924773876e+00 2.833814869862951169e-01
5.500000000000000000e+01 8.300000000000000000e+01 4.329357911336330744e+00 3.057880405428998749e-01
5.500000000000000000e+01 8.200000000000000000e+01 4.469923946659779546e+00 3.359537607550867055e-01
5.700000000000000000e+01 8.000000000000000000e+01 5.135579419069155271e+00 3.337572987673390612e-01
5.500000000000000000e+01 7.700000000000000000e+01 4.951335729845047773e+00 3.181011813193633797e-01
5.200000000000000000e+01 7.500000000000000000e+01 4.405609961928305118e+00 3.135642216062606846e-01
4.500000000000000000e+01 6.300000000000000000e+01 3.407993233664196264e+00 2.251130666965045213e-01
4.300000000000000000e+01 5.900000000000000000e+01 2.882509086292152745e+00 1.807687490487034088e-01
4.500000000000000000e+01 6.400000000000000000e+01 1.809721747770625333e+00 1.359297691400063735e-01
4.300000000000000000e+01 6.200000000000000000e+01 1.294102501547093276e+00 1.049264893545070881e-01
4.200000000000000000e+01 6.200000000000000000e+01 1.230817134346697372e+00 7.808621270027367445e-02
4.300000000000000000e+01 6.200000000000000000e+01 1.426599105311446181e+00 5.527872678688085240e-02
4.900000000000000000e+01 6.600000000000000000e+01 1.340284313445342379e+00 6.588403355953541263e-02
5.000000000000000000e+01 6.700000000000000000e+01 1.296774032493474671e+00 7.816473632342052502e-02
4.800000000000000000e+01 6.700000000000000000e+01 1.081499569925902238e+00 9.245353607844590538e-02
4.900000000000000000e+01 6.800000000000000000e+01 1.040784376358135921e+00 1.091246121713150413e-01
4.900000000000000000e+01 6.900000000000000000e+01 1.242344937532843696e+00 1.164195968229788103e-01
5.100000000000000000e+01 7.100000000000000000e+01 1.471627528385659023e+00 1.370347101187181504e-01
5.100000000000000000e+01 7.000000000000000000e+01 1.729460216549352669e+00 1.397763052008672569e-01
5.000000000000000000e+01 6.800000000000000000e+01 1.800672601895699554e+00 1.412716575623738646e-01
5.100000000000000000e+01 6.900000000000000000e+01 1.642712565183577444e+00 1.431471429566107956e-01
5.000000000000000000e+01 6.900000000000000000e+01 1.712629070895447470e+00 1.419308388178024405e-01
4.900000000000000000e+01 6.700000000000000000e+01 1.751744991403520579e+00 1.454904153133845801e-01
4.800000000000000000e+01 6.800000000000000000e+01 1.569300767555483977e+00 1.601580590674870630e-01
4.800000000000000000e+01 6.400000000000000000e+01 1.884859085180719873e+00 1.420580373005825847e-01
4.800000000000000000e+01 6.400000000000000000e+01 2.245025920748071613e+00 1.407597317934215497e-01
4.700000000000000000e+01 6.600000000000000000e+01 2.434786390206202800e+00 1.515735777671408102e-01
4.500000000000000000e+01 6.600000000000000000e+01 2.433052152865236462e+00 1.516919853975380039e-01
4.500000000000000000e+01 6.900000000000000000e+01 2.630004868834083798e+00 1.663685504816167227e-01
5.600000000000000000e+01 7.700000000000000000e+01 3.095182331742891257e+00 1.818531568855767944e-01
5.600000000000000000e+01 7.600000000000000000e+01 3.607618073741175824e+00 2.026996290461267336e-01
5.300000000000000000e+01 7.200000000000000000e+01 3.300261857777431196e+00 1.950936583915456324e-01
5.600000000000000000e+01 8.800000000000000000e+01 2.883790525439801744e+00 2.168716735699839360e-01
5.500000000000000000e+01 8.400000000000000000e+01 3.116851692255437900e+00 2.043691589350839499e-01
5.700000000000000000e+01 9.000000000000000000e+01 2.915404039889914589e+00 2.126658641068548961e-01
5.600000000000000000e+01 8.700000000000000000e+01 3.143742137892396205e+00 1.992123966028845894e-01
5.700000000000000000e+01 8.700000000000000000e+01 3.389298774375452794e+00 2.046797698848618341e-01
5.500000000000000000e+01 8.600000000000000000e+01 3.453934662512543330e+00 2.228971985559253521e-01
5.100000000000000000e+01 8.200000000000000000e+01 2.790113778828068547e+00 1.949912375859625124e-01
5.000000000000000000e+01 8.000000000000000000e+01 2.740027046203757255e+00 1.648812436172106544e-01
5.100000000000000000e+01 8.000000000000000000e+01 2.867779858746573485e+00 1.420966689111616832e-01
5.500000000000000000e+01 8.200000000000000000e+01 2.978221531778453723e+00 1.297941466009560896e-01
5.600000000000000000e+01 8.100000000000000000e+01 2.636735488632213187e+00 9.795710452097711185e-02
5.400000000000000000e+01 8.300000000000000000e+01 2.055814718885357273e+00 9.954832764210075347e-02
5.200000000000000000e+01 8.300000000000000000e+01 1.798747193946143463e+00 1.053119294051320376e-01
5.000000000000000000e+01 8.200000000000000000e+01 1.567038362975970545e+00 1.136786585071469097e-01
5.000000000000000000e+01 8.300000000000000000e+01 1.535194984704776333e+00 1.235631042755965525e-01
5.100000000000000000e+01 8.600000000000000000e+01 1.316020457670717958e+00 1.351928531440389214e-01
5.100000000000000000e+01 8.400000000000000000e+01 1.562322958478838286e+00 1.331108804461431094e-01
5.000000000000000000e+01 8.600000000000000000e+01 1.582112741589634108e+00 1.570398626064724301e-01
4.800000000000000000e+01 8.500000000000000000e+01 1.445558454284783023e+00 1.603838850864213739e-01
4.900000000000000000e+01 8.600000000000000000e+01 1.500778360286247004e+00 1.663348320665143931e-01
5.100000000000000000e+01 8.800000000000000000e+01 1.817767192251423802e+00 1.821336829856512740e-01
5.000000000000000000e+01 8.700000000000000000e+01 1.965172079624898371e+00 2.004634681170758548e-01
5.200000000000000000e+01 9.000000000000000000e+01 2.357561272093994020e+00 2.237699529458958836e-01
5.200000000000000000e+01 8.800000000000000000e+01 2.800938241738286205e+00 2.382712553788258747e-01
5.500000000000000000e+01 8.900000000000000000e+01 3.296619155275136048e+00 2.569611162729833476e-01
5.600000000000000000e+01 8.800000000000000000e+01 3.842862093996300299e+00 2.783242831098772796e-01
5.600000000000000000e+01 8.400000000000000000e+01 4.437760597525785222e+00 2.799273086508499153e-01
4.900000000000000000e+01 8.100000000000000000e+01 3.342793297939470332e+00 2.799852739566859872e-01
4.800000000000000000e+01 7.700000000000000000e+01 3.346262334032234165e+00 2.783369824074550802e-01
5.100000000000000000e+01 8.400000000000000000e+01 3.323975020190037988e+00 3.110232992488596859e-01
5.000000000000000000e+01 7.600000000000000000e+01 2.928793221082208742e+00 2.514725493759537578e-01
4.900000000000000000e+01 7.000000000000000000e+01 3.131817253902837273e+00 2.142264747640746647e-01
4.600000000000000000e+01 6.700000000000000000e+01 2.630822071230365378e+00 1.835256363346176589e-01
4.700000000000000000e+01 6.400000000000000000e+01 2.793494910823425492e+00 1.584452905397995826e-01
4.600000000000000000e+01 6.300000000000000000e+01 2.685959743228699015e+00 1.492355786676093643e-01
4.600000000000000000e+01 6.200000000000000000e+01 2.806119654244866535e+00 1.629615145488654548e-01
4.700000000000000000e+01 7.100000000000000000e+01 2.699355614596034680e+00 1.808284702452195580e-01
4.500000000000000000e+01 7.200000000000000000e+01 2.600495859542325761e+00 2.008789107567026944e-01
4.700000000000000000e+01 6.900000000000000000e+01 2.770506449744769562e+00 1.872227315255287627e-01
4.700000000000000000e+01 6.500000000000000000e+01 2.944900653640137644e+00 1.503310635838559783e-01
4.700000000000000000e+01 6.100000000000000000e+01 2.643674267716744630e+00 1.181410041692317475e-01
4.500000000000000000e+01 5.900000000000000000e+01 1.993733672840508397e+00 1.158610915415973358e-01
4.400000000000000000e+01 6.100000000000000000e+01 1.735548944622059109e+00 1.134375359370196762e-01
4.300000000000000000e+01 6.100000000000000000e+01 1.459088402699457498e+00 1.330578464327143995e-01
4.800000000000000000e+01 6.200000000000000000e+01 1.711497479770085262e+00 1.294779822919802648e-01
4.600000000000000000e+01 5.900000000000000000e+01 1.535110916258145775e+00 1.201056057368831420e-01
4.600000000000000000e+01 6.100000000000000000e+01 1.560534538279336969e+00 1.270396955204724787e-01
4.500000000000000000e+01 6.000000000000000000e+01 1.571929007812312706e+00 1.382945809891013289e-01
4.800000000000000000e+01 5.900000000000000000e+01 1.855504470397407735e+00 1.354350010906587298e-01
4.800000000000000000e+01 5.600000000000000000e+01 2.171957463614198502e+00 1.236281062981430812e-01
4.700000000000000000e+01 5.600000000000000000e+01 2.066413605089156391e+00 1.224167420635515757e-01
4.800000000000000000e+01 6.000000000000000000e+01 1.906909186139449153e+00 1.437138272497568703e-01
5.000000000000000000e+01 5.800000000000000000e+01 2.022693902459818727e+00 1.332053041739751642e-01
5.400000000000000000e+01 6.000000000000000000e+01 2.130957839805875498e+00 1.402522438280649208e-01
5.900000000000000000e+01 6.000000000000000000e+01 2.276894171704546110e+00 1.294523528046085947e-01
5.900000000000000000e+01 6.000000000000000000e+01 2.414935851911420794e+00 1.255720533968281982e-01
5.900000000000000000e+01 6.100000000000000000e+01 2.568383332158605814e+00 1.337561905616098390e-01
5.900000000000000000e+01 6.200000000000000000e+01 2.693636203452015376e+00 1.466705348501107231e-01
6.100000000000000000e+01 6.600000000000000000e+01 2.879585533514251061e+00 1.721319012056209685e-01
5.800000000000000000e+01 6.300000000000000000e+01 2.646516303177370411e+00 1.592149783223715809e-01
5.500000000000000000e+01 6.100000000000000000e+01 2.383681055664488735e+00 1.498864555351795136e-01
5.500000000000000000e+01 6.600000000000000000e+01 2.263909518540497157e+00 1.617752856870538769e-01
5.400000000000000000e+01 6.300000000000000000e+01 2.355109630607103544e+00 1.541526233869466855e-01
6.000000000000000000e+01 6.500000000000000000e+01 2.509148121997251568e+00 1.540440317773959233e-01
5.900000000000000000e+01 6.500000000000000000e+01 2.462718165180352692e+00 1.662550136828434277e-01
5.800000000000000000e+01 6.400000000000000000e+01 2.606342831052282261e+00 1.819435344524526210e-01
5.600000000000000000e+01 6.000000000000000000e+01 2.379045001772922774e+00 1.560511194713994909e-01
5.500000000000000000e+01 5.600000000000000000e+01 2.514548398673663865e+00 1.350235723708871072e-01
5.300000000000000000e+01 5.500000000000000000e+01 2.496390038464173955e+00 1.297844021258271752e-01
5.100000000000000000e+01 5.300000000000000000e+01 2.452466511637621860e+00 1.251335452085292899e-01
4.900000000000000000e+01 5.100000000000000000e+01 2.427870944925045293e+00 1.182361989182024176e-01
4.900000000000000000e+01 5.400000000000000000e+01 2.378936836666721177e+00 1.227037164683309478e-01
5.100000000000000000e+01 5.300000000000000000e+01 2.784848286979725973e+00 9.838286274713094193e-02
5.000000000000000000e+01 5.200000000000000000e+01 2.973079269856065743e+00 1.035533836951688935e-01
4.500000000000000000e+01 5.600000000000000000e+01 2.316284077490157411e+00 1.218804753805012714e-01
4.400000000000000000e+01 5.800000000000000000e+01 2.222479796370401051e+00 1.308857749837301632e-01
4.400000000000000000e+01 5.700000000000000000e+01 2.414778918463864610e+00 1.289056027047036090e-01
4.500000000000000000e+01 5.500000000000000000e+01 2.849000212816713340e+00 1.231004793697512284e-01
4.500000000000000000e+01 5.400000000000000000e+01 2.896307539906124884e+00 1.306673855575442023e-01
4.500000000000000000e+01 5.400000000000000000e+01 3.377864157913191612e+00 1.413146553636598635e-01
4.300000000000000000e+01 5.900000000000000000e+01 3.424088746960990637e+00 1.658789828455960180e-01
4.000000000000000000e+01 5.900000000000000000e+01 3.293769135192739395e+00 1.713482562906381845e-01
3.800000000000000000e+01 5.700000000000000000e+01 3.350321337108093989e+00 1.740365441460159091e-01
4.100000000000000000e+01 6.000000000000000000e+01 2.940732152907273189e+00 1.788524681192285859e-01
4.000000000000000000e+01 5.800000000000000000e+01 2.471449619538313769e+00 1.595387098832334039e-01
4.800000000000000000e+01 6.400000000000000000e+01 2.331627211720283199e+00 1.480675969507992684e-01
4.800000000000000000e+01 6.100000000000000000e+01 2.411677201026522166e+00 1.344371496897731333e-01
4.900000000000000000e+01 6.700000000000000000e+01 2.473664430566519634e+00 1.245271033573028402e-01
4.700000000000000000e+01 7.000000000000000000e+01 2.081998449262564943e+00 1.249218478062331661e-01
4.600000000000000000e+01 7.200000000000000000e+01 1.864435547791376102e+00 1.340791574540903530e-01
4.500000000000000000e+01 7.100000000000000000e+01 1.886328896667977650e+00 1.443756609930135493e-01
4.500000000000000000e+01 6.800000000000000000e+01 2.169330337659432839e+00 1.104561043071144444e-01
4.500000000000000000e+01 6.500000000000000000e+01 2.472792543130851506e+00 9.105327614256938928e-02
4.300000000000000000e+01 6.900000000000000000e+01 1.666591299150403493e+00 8.614929121647832422e-02
4.100000000000000000e+01 6.700000000000000000e+01 1.373707190454414473e+00 7.866013432231071245e-02
4.000000000000000000e+01 7.200000000000000000e+01 1.316875365689645250e+00 7.919386217808314921e-02
3.900000000000000000e+01 7.100000000000000000e+01 1.237022979219646102e+00 8.312800055579443181e-02
3.800000000000000000e+01 7.100000000000000000e+01 1.158431627417320087e+00 9.833482016226488542e-02
3.700000000000000000e+01 7.100000000000000000e+01 1.105161282700076519e+00 1.160295379987745096e-01
3.700000000000000000e+01 7.000000000000000000e+01 1.319019009402252918e+00 1.244659547945486666e-01
3.700000000000000000e+01 7.000000000000000000e+01 1.562948984434173294e+00 1.464024011757313892e-01
3.600000000000000000e+01 7.000000000000000000e+01 1.622152283606854928e+00 1.508172304169578537e-01
3.500000000000000000e+01 6.900000000000000000e+01 1.454288624409026509e+00 1.542472688620775967e-01
3.400000000000000000e+01 6.800000000000000000e+01 1.495331020086535956e+00 1.668980573952429380e-01
3.400000000000000000e+01 6.500000000000000000e+01 1.792812799400192558e+00 1.605303356199932474e-01
3.500000000000000000e+01 6.100000000000000000e+01 2.132380849271326539e+00 1.392102462521035422e-01
3.400000000000000000e+01 5.900000000000000000e+01 2.276053445555913601e+00 1.394388048377503408e-01
3.300000000000000000e+01 5.800000000000000000e+01 2.464265335526918399e+00 1.504423126336229544e-01
3.300000000000000000e+01 6.000000000000000000e+01 2.413669971527652169e+00 1.773225559522706440e-01
3.500000000000000000e+01 6.200000000000000000e+01 2.601930317916242075e+00 2.083907120378885869e-01
3.600000000000000000e+01 5.900000000000000000e+01 3.049069857629934877e+00 2.109711562046119315e-01
3.600000000000000000e+01 5.600000000000000000e+01 3.535172205067691031e+00 2.122478298833659072e-01
3.600000000000000000e+01 5.500000000000000000e+01 4.055900917213138612e+00 2.344364242626127415e-01
3.600000000000000000e+01 5.300000000000000000e+01 3.955242581403830560e+00 2.284431368377814464e-01
3.600000000000000000e+01 6.000000000000000000e+01 3.765432207192811909e+00 2.339221824874939126e-01
3.000000000000000000e+01 6.000000000000000000e+01 2.634666570610277425e+00 2.168550125872767687e-01
2.600000000000000000e+01 6.400000000000000000e+01 1.727138917570094856e+00 2.285283617389453070e-01
2.900000000000000000e+01 6.800000000000000000e+01 9.143798647070384700e-01 2.133366350097401776e-01
2.800000000000000000e+01 6.500000000000000000e+01 8.273268256534968002e-01 1.706545551055448362e-01
3.300000000000000000e+01 6.700000000000000000e+01 7.276649258724474656e-01 1.319001853008212599e-01
3.300000000000000000e+01 7.200000000000000000e+01 5.469943106313240877e-01 1.278931754848146862e-01
3.800000000000000000e+01 7.100000000000000000e+01 6.373958865257537409e-01 1.203785945229305793e-01
4.100000000000000000e+01 7.000000000000000000e+01 7.368252356145479354e-01 1.243606519116057518e-01
4.000000000000000000e+01 6.700000000000000000e+01 6.285128001308696311e-01 9.939264538703364293e-02
3.900000000000000000e+01 7.000000000000000000e+01 4.859785682996280998e-01 9.186883505689619200e-02
3.800000000000000000e+01 6.700000000000000000e+01 3.108677082570732719e-01 7.555398957269014726e-02
3.800000000000000000e+01 6.500000000000000000e+01 3.892764131185857401e-01 6.025801904221594896e-02
3.900000000000000000e+01 6.600000000000000000e+01 4.845003380248383840e-01 5.698386776010171823e-02
3.900000000000000000e+01 6.600000000000000000e+01 5.987414617291335617e-01 5.140760022306781196e-02
4.000000000000000000e+01 6.800000000000000000e+01 7.351096181092289239e-01 6.116803324384261636e-02
4.000000000000000000e+01 6.800000000000000000e+01 8.960898545935928050e-01 7.251620467487654431e-02
4.000000000000000000e+01 6.800000000000000000e+01 1.084763123063013479e+00 7.533382016545783766e-02
4.500000000000000000e+01 7.400000000000000000e+01 1.088382814906572404e+00 7.749915857702409372e-02
5.100000000000000000e+01 7.700000000000000000e+01 1.320572161556241797e+00 8.016585068838660844e-02
5.200000000000000000e+01 7.700000000000000000e+01 1.588658029480497280e+00 9.549564337590298047e-02
5.100000000000000000e+01 7.700000000000000000e+01 1.679111169845344476e+00 1.135140769423177848e-01
5.300000000000000000e+01 8.400000000000000000e+01 2.006641754557602741e+00 1.349714529453983902e-01
5.300000000000000000e+01 8.500000000000000000e+01 2.378096731998395441e+00 1.597466711982102605e-01
5.300000000000000000e+01 8.600000000000000000e+01 2.578763176199211138e+00 1.781287504716056735e-01
5.100000000000000000e+01 8.400000000000000000e+01 2.564621639479605530e+00 1.889388057964165035e-01
5.000000000000000000e+01 8.300000000000000000e+01 2.770385343791827548e+00 2.087400277413407612e-01
4.900000000000000000e+01 8.300000000000000000e+01 2.979564885543180441e+00 2.456695347768625970e-01
5.000000000000000000e+01 8.500000000000000000e+01 3.214766196216036320e+00 2.883659011952766082e-01
4.800000000000000000e+01 8.400000000000000000e+01 3.301619621198470966e+00 3.268027976426983727e-01
5.000000000000000000e+01 8.400000000000000000e+01 3.605559420211233768e+00 3.064262664596609231e-01
5.600000000000000000e+01 8.900000000000000000e+01 3.667971713784971222e+00 3.003815577067917575e-01
5.500000000000000000e+01 8.500000000000000000e+01 3.678285074132350729e+00 2.956623695771699034e-01
5.300000000000000000e+01 7.900000000000000000e+01 3.528911514245502978e+00 2.510536388137300512e-01
5.900000000000000000e+01 8.200000000000000000e+01 3.540075331465953212e+00 2.278845826545284614e-01
5.400000000000000000e+01 8.400000000000000000e+01 2.882959653139060219e+00 2.025632231889285262e-01
5.100000000000000000e+01 7.800000000000000000e+01 2.530650303156277925e+00 1.661191095572690790e-01
5.100000000000000000e+01 7.800000000000000000e+01 1.878726551955685942e+00 1.451288921685639222e-01
4.800000000000000000e+01 7.700000000000000000e+01 1.468907073232932126e+00 1.396243415475942884e-01
4.700000000000000000e+01 7.800000000000000000e+01 1.215129510491426812e+00 1.451806113374996265e-01
4.700000000000000000e+01 7.800000000000000000e+01 1.447703232590497491e+00 1.187887878774966377e-01
4.700000000000000000e+01 7.800000000000000000e+01 1.429743301223819207e+00 1.274569023347463526e-01
5.100000000000000000e+01 8.200000000000000000e+01 1.708351830412865091e+00 1.359592621540993418e-01
5.100000000000000000e+01 8.100000000000000000e+01 2.021986500554778132e+00 1.332565763661833214e-01
5.100000000000000000e+01 8.000000000000000000e+01 2.371786939729231936e+00 1.340796267421563159e-01
5.000000000000000000e+01 8.000000000000000000e+01 2.496214673562044517e+00 1.472161534225471247e-01
5.000000000000000000e+01 8.400000000000000000e+01 2.656685787187422321e+00 1.730467456098158663e-01
5.200000000000000000e+01 8.400000000000000000e+01 3.069598420464042743e+00 1.887996657885356866e-01
5.100000000000000000e+01 8.300000000000000000e+01 2.649281903789766801e+00 1.877407303784430770e-01
4.800000000000000000e+01 7.700000000000000000e+01 2.367246723018640253e+00 1.516178329357506238e-01
4.500000000000000000e+01 7.700000000000000000e+01 1.768313340481397988e+00 1.639541554953347635e-01
4.500000000000000000e+01 7.600000000000000000e+01 2.072775683479663122e+00 1.624783906284215651e-01
4.400000000000000000e+01 7.500000000000000000e+01 1.698728721553021126e+00 1.592565762306045740e-01
4.300000000000000000e+01 7.400000000000000000e+01 1.712189981874685962e+00 1.628479449471838814e-01
4.300000000000000000e+01 7.300000000000000000e+01 2.052657443034714646e+00 1.549212245340951255e-01
4.200000000000000000e+01 7.300000000000000000e+01 2.199680391029480209e+00 1.666339767506979930e-01
4.200000000000000000e+01 7.300000000000000000e+01 2.610508720678492711e+00 1.824327026677211860e-01
4.500000000000000000e+01 8.100000000000000000e+01 3.068690400224354242e+00 2.150722561586889958e-01
4.400000000000000000e+01 8.200000000000000000e+01 3.354753617985505976e+00 2.419498946434490427e-01
4.400000000000000000e+01 8.300000000000000000e+01 3.639090523724425541e+00 2.832562192238602949e-01
4.200000000000000000e+01 7.900000000000000000e+01 3.745657117459252117e+00 2.851486886122929221e-01
3.900000000000000000e+01 7.200000000000000000e+01 3.386743731845172967e+00 2.451540517318882284e-01
3.600000000000000000e+01 6.800000000000000000e+01 3.141712491130772111e+00 2.372358619871147711e-01
3.600000000000000000e+01 6.400000000000000000e+01 3.358669162529926311e+00 2.224032703986504877e-01
3.200000000000000000e+01 6.400000000000000000e+01 1.949542187926605497e+00 2.383678711211639489e-01
3.100000000000000000e+01 5.800000000000000000e+01 1.688538966319992118e+00 1.989863073296821439e-01
3.300000000000000000e+01 5.600000000000000000e+01 1.689300632963656623e+00 1.897484042891534051e-01
3.100000000000000000e+01 5.200000000000000000e+01 1.517539773072201115e+00 1.700704602040395697e-01
3.000000000000000000e+01 4.900000000000000000e+01 1.517629701739420467e+00 1.574470382828899451e-01
3.000000000000000000e+01 4.800000000000000000e+01 1.494895727296037702e+00 1.550815139512295437e-01
3.100000000000000000e+01 4.800000000000000000e+01 1.493783599851943089e+00 1.441360832053100449e-01
3.100000000000000000e+01 4.500000000000000000e+01 1.730266270445849575e+00 1.316941450260201707e-01
2.800000000000000000e+01 4.200000000000000000e+01 1.336021242923864261e+00 1.188876405513590584e-01
2.600000000000000000e+01 4.300000000000000000e+01 1.044178558116668265e+00 1.269323354730473308e-01
2.900000000000000000e+01 4.700000000000000000e+01 1.228439172071007723e+00 1.224557711241596042e-01
2.900000000000000000e+01 4.600000000000000000e+01 1.431314007397581634e+00 1.166904549097115690e-01
3.000000000000000000e+01 4.400000000000000000e+01 1.653079948299849056e+00 1.015496732817701420e-01
2.800000000000000000e+01 4.300000000000000000e+01 1.436426293302772939e+00 1.068237601035304241e-01
2.500000000000000000e+01 4.200000000000000000e+01 9.755772087950369542e-01 1.111201533760754062e-01
2.600000000000000000e+01 4.500000000000000000e+01 1.138531435374401601e+00 1.042649099673221974e-01
2.400000000000000000e+01 4.700000000000000000e+01 8.407265853914417386e-01 1.222336273924852085e-01
2.400000000000000000e+01 4.500000000000000000e+01 9.957372539250938237e-01 1.164653831677830431e-01
2.500000000000000000e+01 4.400000000000000000e+01 9.540281588289453163e-01 1.118773101852373747e-01
2.500000000000000000e+01 4.300000000000000000e+01 8.883094041294343768e-01 1.203786302578111339e-01
2.800000000000000000e+01 4.100000000000000000e+01 1.061945998814496805e+00 1.161939738656973253e-01
3.000000000000000000e+01 4.100000000000000000e+01 1.258497612828370471e+00 1.236172730974103851e-01
3.100000000000000000e+01 4.000000000000000000e+01 1.478615637630587232e+00 1.319677487165527574e-01
