0.000000000000000000e+00 0.000000000000000000e+00 0.000000000000000000e+00 0.000000000000000000e+00
0.000000000000000000e+00 0.000000000000000000e+00 0.000000000000000000e+00 0.000000000000000000e+00
1.300000000000000000e+01 8.000000000000000000e+00 2.836979953280396784e-03 3.957278098682833443e-04
1.300000000000000000e+01 8.000000000000000000e+00 3.803825864451230044e-03 4.813322247906782645e-04
1.700000000000000000e+01 1.500000000000000000e+01 5.967681268787525944e-03 9.314658127810911559e-04
4.100000000000000000e+01 1.000000000000000000e+02 1.322338683532954182e-02 5.336929790035489091e-03
4.700000000000000000e+01 1.560000000000000000e+02 1.900395674000801213e-02 9.260071997887231107e-03
4.700000000000000000e+01 1.680000000000000000e+02 2.540106377659048786e-02 1.185150615450841424e-02
5.100000000000000000e+01 1.990000000000000000e+02 3.477271395110827223e-02 1.593573085495056038e-02
5.600000000000000000e+01 2.810000000000000000e+02 4.742450461913480519e-02 2.341438308488347220e-02
5.600000000000000000e+01 2.820000000000000000e+02 6.307850574534361321e-02 2.848571421303071685e-02
5.700000000000000000e+01 3.130000000000000000e+02 8.393102474981761763e-02 3.610886909736941291e-02
6.000000000000000000e+01 3.280000000000000000e+02 1.117625688686412627e-01 4.454757808899569710e-02
6.200000000000000000e+01 3.420000000000000000e+02 1.479761653497020102e-01 5.470162268349341994e-02
6.500000000000000000e+01 3.510000000000000000e+02 1.953790457514417711e-01 6.671905107626799336e-02
6.500000000000000000e+01 3.590000000000000000e+02 2.561859742375818816e-01 8.116654386931416998e-02
6.900000000000000000e+01 5.240000000000000000e+02 3.354216698181506362e-01 1.063390965086967455e-01
6.900000000000000000e+01 5.240000000000000000e+02 4.360627513391849286e-01 1.285663701540503134e-01
6.900000000000000000e+01 6.230000000000000000e+02 5.640394540412198010e-01 1.601817752117023486e-01
6.900000000000000000e+01 6.340000000000000000e+02 7.255059319232387560e-01 1.938521632117139737e-01
7.100000000000000000e+01 6.520000000000000000e+02 9.279150951287991056e-01 2.345670292255279121e-01
7.100000000000000000e+01 6.600000000000000000e+02 1.178339555632861524e+00 2.828074997357777898e-01
7.300000000000000000e+01 7.420000000000000000e+02 1.485959915320280711e+00 3.440909364035640294e-01
7.300000000000000000e+01 7.870000000000000000e+02 1.858811409281206473e+00 4.154006108767459571e-01
7.500000000000000000e+01 8.020000000000000000e+02 2.306388162752033733e+00 4.987971078873764119e-01
7.500000000000000000e+01 8.190000000000000000e+02 2.836184139806513738e+00 5.978902078411013621e-01
7.500000000000000000e+01 8.260000000000000000e+02 3.455688910495792410e+00 7.147259627136934856e-01
7.500000000000000000e+01 8.280000000000000000e+02 4.170421397679677789e+00 8.524225933746074624e-01
7.700000000000000000e+01 8.610000000000000000e+02 4.984135181392247205e+00 1.016043963062988276e+00
8.600000000000000000e+01 8.930000000000000000e+02 5.898719899313459969e+00 1.208062243275315861e+00
8.700000000000000000e+01 9.080000000000000000e+02 6.909142871416569243e+00 1.431879640201884740e+00
8.700000000000000000e+01 9.090000000000000000e+02 8.011158681219395561e+00 1.692095361396260156e+00
8.700000000000000000e+01 9.220000000000000000e+02 7.896086589514619725e+00 1.942619113797176222e+00
8.700000000000000000e+01 9.240000000000000000e+02 8.303448884441554156e+00 2.260436306945666107e+00
8.600000000000000000e+01 9.490000000000000000e+02 8.683868546323580517e+00 2.596655502070371657e+00
8.400000000000000000e+01 1.076000000000000000e+03 6.426263240258562881e+00 2.582159291146744362e+00
7.700000000000000000e+01 1.068000000000000000e+03 5.282964490779687772e+00 2.438270676065671161e+00
7.100000000000000000e+01 1.049000000000000000e+03 4.452107802946285275e+00 2.475884704744751197e+00
6.600000000000000000e+01 1.029000000000000000e+03 3.760809262298983935e+00 2.512909482271576955e+00
6.200000000000000000e+01 9.870000000000000000e+02 2.992968283975405264e+00 2.296048980013640328e+00
6.400000000000000000e+01 1.006000000000000000e+03 3.143357968355948273e+00 2.289853322580632788e+00
6.000000000000000000e+01 9.900000000000000000e+02 2.478693015849454895e+00 2.336356714824130876e+00
6.000000000000000000e+01 9.770000000000000000e+02 2.319254915732754885e+00 2.438472329881783640e+00
5.900000000000000000e+01 9.760000000000000000e+02 2.449209917734790576e+00 2.601818132067713840e+00
5.600000000000000000e+01 9.740000000000000000e+02 1.868315623631388034e+00 2.876979249101728087e+00
5.500000000000000000e+01 9.740000000000000000e+02 1.640773336698039042e+00 3.224742386307885678e+00
5.600000000000000000e+01 9.070000000000000000e+02 1.273961499529511654e+00 2.803646535044451937e+00
5.900000000000000000e+01 9.070000000000000000e+02 1.287226563714330307e+00 2.722028599203158095e+00
6.400000000000000000e+01 8.820000000000000000e+02 1.556739233096162467e+00 2.329371771232194632e+00
6.700000000000000000e+01 8.690000000000000000e+02 1.869008647850975979e+00 2.172109944963885209e+00
6.700000000000000000e+01 8.550000000000000000e+02 2.010918596501448441e+00 2.128996137833820246e+00
6.900000000000000000e+01 8.930000000000000000e+02 2.159290594875517222e+00 2.226208801110787228e+00
6.900000000000000000e+01 8.590000000000000000e+02 2.145078091903463324e+00 2.015454108431998126e+00
6.900000000000000000e+01 8.150000000000000000e+02 2.577705603060725270e+00 1.773139989457325205e+00
7.300000000000000000e+01 9.420000000000000000e+02 2.855290540684336076e+00 1.670399908669032651e+00
7.400000000000000000e+01 9.410000000000000000e+02 3.389960750032627868e+00 1.627032774170629637e+00
7.400000000000000000e+01 9.400000000000000000e+02 3.988547375452362598e+00 1.688043485486041106e+00
7.300000000000000000e+01 9.460000000000000000e+02 4.367955426933511909e+00 1.861418587082062537e+00
7.300000000000000000e+01 9.410000000000000000e+02 4.854705318254890045e+00 1.932656970196295454e+00
7.100000000000000000e+01 9.680000000000000000e+02 4.728113284783046488e+00 1.951529616969835512e+00
6.800000000000000000e+01 9.520000000000000000e+02 4.717374273819594066e+00 2.030711307357492057e+00
