0.000000000000000000e+00 0.000000000000000000e+00 0.000000000000000000e+00 0.000000000000000000e+00
1.000000000000000000e+00 0.000000000000000000e+00 2.182292271754151852e-04 0.000000000000000000e+00
1.000000000000000000e+00 2.000000000000000000e+00 2.926019895731714793e-04 9.893195246707083609e-05
3.000000000000000000e+00 6.000000000000000000e+00 8.283634051266660844e-04 3.181969611318112112e-04
3.000000000000000000e+00 7.000000000000000000e+00 1.109471473363794454e-03 4.364330834154603171e-04
3.000000000000000000e+00 8.000000000000000000e+00 1.484157118789831108e-03 5.800235222788278650e-04
1.100000000000000000e+01 2.200000000000000000e+01 3.728419809196810430e-03 1.397360989172008461e-03
1.200000000000000000e+01 2.200000000000000000e+01 5.203167163435580035e-03 1.698394631399972226e-03
1.200000000000000000e+01 2.300000000000000000e+01 6.947698089613193149e-03 2.112713031928775600e-03
1.400000000000000000e+01 2.500000000000000000e+01 9.698193780766717689e-03 2.664198250197803014e-03
1.400000000000000000e+01 2.800000000000000000e+01 1.290826701461784097e-02 3.381622316601166651e-03
1.400000000000000000e+01 2.900000000000000000e+01 1.714458477555082933e-02 4.151203104691928748e-03
1.800000000000000000e+01 3.800000000000000000e+01 2.358943720962225488e-02 5.477082857507498473e-03
2.900000000000000000e+01 5.600000000000000000e+01 3.358829227923400274e-02 7.526654696538285193e-03
2.900000000000000000e+01 5.700000000000000000e+01 4.432882112486634385e-02 9.166820039625728916e-03
3.100000000000000000e+01 6.000000000000000000e+01 5.875443204330722119e-02 1.124375655781485739e-02
3.100000000000000000e+01 6.100000000000000000e+01 7.703426892315515251e-02 1.364761720734546969e-02
3.100000000000000000e+01 6.300000000000000000e+01 1.006043085709679569e-01 1.658876870325080161e-02
3.400000000000000000e+01 6.400000000000000000e+01 1.314688057265348542e-01 2.007285740856610753e-02
3.400000000000000000e+01 6.500000000000000000e+01 1.701581365224824616e-01 2.425127394155759258e-02
4.000000000000000000e+01 6.900000000000000000e+01 2.203942283786894940e-01 2.940209838050690527e-02
4.000000000000000000e+01 6.900000000000000000e+01 2.822374118330047699e-01 3.536241636045617948e-02
4.000000000000000000e+01 6.900000000000000000e+01 3.592415071826561279e-01 4.246974803828780509e-02
4.400000000000000000e+01 8.200000000000000000e+01 4.551592674820478246e-01 5.156920160575258205e-02
4.500000000000000000e+01 8.300000000000000000e+01 5.719048827764352527e-01 6.179539500332140167e-02
4.600000000000000000e+01 9.000000000000000000e+01 7.133570433067155658e-01 7.420520439067930518e-02
4.600000000000000000e+01 9.100000000000000000e+01 8.828193877734192840e-01 8.857877754236338774e-02
4.700000000000000000e+01 9.300000000000000000e+01 1.084202295458485343e+00 1.055614811514764134e-01
5.300000000000000000e+01 1.070000000000000000e+02 1.321881255229098162e+00 1.261030444670162010e-01
5.300000000000000000e+01 1.090000000000000000e+02 1.597046003262060365e+00 1.495866359636807974e-01
5.600000000000000000e+01 1.090000000000000000e+02 1.914195602102781057e+00 1.768941121492446367e-01
5.500000000000000000e+01 1.090000000000000000e+02 2.057651116813174141e+00 2.086432499885260972e-01
5.500000000000000000e+01 1.080000000000000000e+02 2.441345602204605836e+00 2.349167776913648475e-01
5.300000000000000000e+01 1.060000000000000000e+02 2.438029368011998432e+00 2.531814147326901798e-01
5.500000000000000000e+01 1.080000000000000000e+02 2.872103887802725630e+00 2.728622063709083001e-01
5.900000000000000000e+01 1.110000000000000000e+02 3.354737865280284836e+00 2.954009240323455798e-01
5.700000000000000000e+01 1.090000000000000000e+02 3.016986495700868520e+00 2.583243003518871928e-01
5.500000000000000000e+01 1.100000000000000000e+02 2.786421284519700503e+00 2.664697944432101728e-01
5.400000000000000000e+01 1.070000000000000000e+02 2.991344175322692145e+00 2.737125075786377981e-01
5.200000000000000000e+01 1.050000000000000000e+02 3.003081824454222115e+00 2.939811491100570162e-01
5.200000000000000000e+01 1.030000000000000000e+02 3.493737289708198190e+00 3.031037472313704018e-01
5.100000000000000000e+01 1.020000000000000000e+02 3.766103238662052100e+00 3.419866148371447645e-01
4.700000000000000000e+01 9.900000000000000000e+01 3.450867936143908299e+00 3.531027721958153731e-01
4.500000000000000000e+01 8.800000000000000000e+01 2.868014207590150022e+00 2.660759855377178296e-01
4.400000000000000000e+01 8.000000000000000000e+01 2.814984190928345065e+00 2.112241453032092375e-01
4.400000000000000000e+01 8.100000000000000000e+01 2.229831557173682199e+00 2.067566852950403211e-01
4.500000000000000000e+01 8.100000000000000000e+01 2.352833410214010268e+00 1.981675259312750681e-01
5.100000000000000000e+01 8.400000000000000000e+01 2.425353865952582844e+00 2.080204922019236735e-01
5.100000000000000000e+01 8.200000000000000000e+01 2.598551726647343685e+00 2.007307808311517838e-01
5.300000000000000000e+01 8.900000000000000000e+01 2.762309994430038884e+00 2.201771992792274923e-01
4.900000000000000000e+01 8.700000000000000000e+01 2.263929012276333363e+00 2.371698086081778789e-01
5.100000000000000000e+01 9.000000000000000000e+01 2.622047068841133921e+00 2.399198187308013985e-01
5.100000000000000000e+01 9.100000000000000000e+01 2.489371114384748118e+00 2.808780524778032306e-01
4.900000000000000000e+01 8.500000000000000000e+01 2.366819500590696901e+00 2.542606169422080842e-01
4.900000000000000000e+01 8.400000000000000000e+01 2.492674322834722123e+00 2.379393015705477121e-01
5.600000000000000000e+01 9.700000000000000000e+01 2.150402074711886602e+00 2.330411248734068630e-01
5.700000000000000000e+01 9.400000000000000000e+01 2.487927415339335369e+00 2.212523279740735149e-01
5.500000000000000000e+01 9.300000000000000000e+01 2.334156191136618208e+00 2.441238249416126660e-01
5.700000000000000000e+01 8.600000000000000000e+01 2.254439010856755132e+00 1.722680217967040572e-01
5.600000000000000000e+01 8.000000000000000000e+01 2.352830373334706682e+00 1.283424472706602149e-01
5.200000000000000000e+01 7.900000000000000000e+01 1.739957937842782076e+00 1.367206497020339029e-01
5.200000000000000000e+01 7.700000000000000000e+01 2.024439290756609111e+00 1.307126456509464796e-01
5.600000000000000000e+01 7.700000000000000000e+01 2.036597405869718269e+00 1.537682095336208032e-01
5.600000000000000000e+01 8.500000000000000000e+01 2.080497921523312588e+00 1.807601310376167891e-01
5.600000000000000000e+01 8.700000000000000000e+01 1.986362468877506338e+00 2.010464915616104187e-01
5.400000000000000000e+01 8.300000000000000000e+01 1.882866426490598544e+00 1.893904430358425983e-01
5.100000000000000000e+01 7.900000000000000000e+01 1.532765174178336576e+00 1.739964778833335279e-01
5.300000000000000000e+01 7.700000000000000000e+01 1.568056129830987633e+00 1.442382498718689510e-01
5.700000000000000000e+01 7.600000000000000000e+01 1.886419904015581350e+00 1.272782944469519895e-01
5.700000000000000000e+01 7.500000000000000000e+01 2.250570610408362260e+00 1.201858511570418203e-01
5.700000000000000000e+01 7.500000000000000000e+01 2.380736810090941624e+00 1.420971455999131827e-01
6.200000000000000000e+01 8.100000000000000000e+01 2.824224307186130378e+00 1.558373200826661253e-01
6.300000000000000000e+01 8.200000000000000000e+01 3.318955618066767865e+00 1.732547712873055146e-01
6.300000000000000000e+01 8.100000000000000000e+01 3.648352333611337706e+00 1.829258680693607586e-01
6.100000000000000000e+01 8.100000000000000000e+01 3.766302339998099935e+00 2.151160418685439391e-01
6.200000000000000000e+01 8.100000000000000000e+01 3.866774709536697774e+00 2.208746244254456148e-01
5.900000000000000000e+01 8.100000000000000000e+01 3.774471857122818186e+00 2.362825235716437544e-01
5.500000000000000000e+01 7.800000000000000000e+01 3.421056397591097920e+00 2.328726285243000182e-01
5.100000000000000000e+01 7.800000000000000000e+01 2.955668439169732320e+00 2.602457325988258852e-01
4.900000000000000000e+01 7.200000000000000000e+01 2.944731226083206366e+00 2.336821151620729342e-01
5.500000000000000000e+01 7.700000000000000000e+01 3.128606758619925099e+00 2.369399219296120240e-01
5.700000000000000000e+01 7.700000000000000000e+01 3.398316030940013110e+00 2.133381847846002322e-01
5.300000000000000000e+01 7.600000000000000000e+01 2.946249328280423185e+00 2.371737574710093555e-01
5.400000000000000000e+01 7.500000000000000000e+01 3.097667322588438577e+00 2.521212948626510575e-01
5.700000000000000000e+01 8.900000000000000000e+01 3.353994350420636650e+00 2.572872996650774069e-01
6.700000000000000000e+01 9.600000000000000000e+01 3.192790124160952647e+00 1.668674217083684075e-01
6.500000000000000000e+01 8.900000000000000000e+01 3.169518823048453005e+00 1.096040825490161852e-01
6.200000000000000000e+01 9.800000000000000000e+01 2.568410424315345164e+00 1.289833145266083558e-01
6.500000000000000000e+01 1.050000000000000000e+02 2.243453703557251711e+00 1.145741452079899469e-01
6.400000000000000000e+01 1.030000000000000000e+02 2.364382287870586019e+00 1.044647360373209266e-01
6.300000000000000000e+01 1.110000000000000000e+02 2.434432043118085698e+00 1.236746943207604199e-01
6.400000000000000000e+01 1.190000000000000000e+02 2.541974368521488614e+00 1.459689954598293038e-01
6.300000000000000000e+01 1.260000000000000000e+02 2.297865950980315652e+00 1.716973817200205532e-01
6.100000000000000000e+01 1.220000000000000000e+02 2.218603590663878578e+00 1.589852492161739905e-01
5.800000000000000000e+01 1.230000000000000000e+02 1.893235767609723563e+00 1.622299539692100834e-01
5.900000000000000000e+01 1.220000000000000000e+02 2.235119657438963792e+00 1.521456850105963599e-01
6.100000000000000000e+01 1.250000000000000000e+02 2.616417526357199375e+00 1.630697268476453687e-01
5.900000000000000000e+01 1.230000000000000000e+02 2.603103841171934274e+00 1.652537757680781205e-01
5.700000000000000000e+01 1.220000000000000000e+02 2.585015415840509867e+00 1.597993733223755375e-01
5.600000000000000000e+01 1.230000000000000000e+02 2.496124390873105892e+00 1.779376841796921627e-01
5.400000000000000000e+01 1.230000000000000000e+02 2.427142701654701806e+00 2.094376179805479965e-01
5.200000000000000000e+01 1.200000000000000000e+02 2.402575296937770055e+00 1.881849353528236291e-01
5.200000000000000000e+01 1.160000000000000000e+02 2.574728020700540743e+00 1.765658652659886085e-01
5.700000000000000000e+01 1.190000000000000000e+02 2.535954815146833852e+00 1.950936773889589138e-01
5.600000000000000000e+01 1.250000000000000000e+02 2.699254226417460600e+00 2.188799553209179183e-01
5.300000000000000000e+01 1.280000000000000000e+02 2.245609581614895767e+00 2.586412883660332285e-01
5.500000000000000000e+01 1.270000000000000000e+02 2.695478522360952756e+00 2.701015485323676191e-01
5.800000000000000000e+01 1.250000000000000000e+02 3.205078040446829313e+00 2.939137455145934830e-01
6.300000000000000000e+01 1.300000000000000000e+02 3.775040750338666484e+00 3.325407389216287202e-01
6.600000000000000000e+01 1.320000000000000000e+02 4.403378425158945397e+00 3.789892548561658581e-01
6.300000000000000000e+01 1.300000000000000000e+02 4.219144381124007914e+00 4.026199752522126030e-01
6.200000000000000000e+01 1.300000000000000000e+02 3.952526351693808948e+00 4.266008363161560291e-01
6.500000000000000000e+01 1.300000000000000000e+02 4.555802117559609954e+00 4.473149527939623837e-01
6.600000000000000000e+01 1.350000000000000000e+02 4.700947782239374817e+00 5.091134388995415261e-01
6.400000000000000000e+01 1.280000000000000000e+02 4.621686013887440936e+00 4.972283077295729381e-01
6.200000000000000000e+01 1.240000000000000000e+02 3.856754383831529243e+00 4.046999358174620531e-01
6.000000000000000000e+01 1.250000000000000000e+02 3.134879120893399485e+00 3.952501523301690245e-01
5.800000000000000000e+01 1.220000000000000000e+02 3.021158562964234129e+00 3.480795588412776143e-01
5.500000000000000000e+01 1.150000000000000000e+02 2.692335518077239698e+00 2.842249296906227962e-01
5.100000000000000000e+01 1.150000000000000000e+02 1.993112623638875203e+00 2.934466650531835641e-01
4.800000000000000000e+01 1.110000000000000000e+02 1.427920206968864347e+00 2.995753488080581950e-01
4.700000000000000000e+01 1.060000000000000000e+02 1.238566133556406879e+00 2.586667901320430785e-01
4.900000000000000000e+01 1.090000000000000000e+02 1.251142489684026859e+00 2.033523631188605407e-01
5.200000000000000000e+01 1.060000000000000000e+02 1.490042396689370996e+00 1.833439976622380230e-01
5.200000000000000000e+01 1.040000000000000000e+02 1.762822148300707159e+00 1.636806803801552912e-01
5.700000000000000000e+01 1.180000000000000000e+02 1.857181326458298809e+00 1.625566850108116912e-01
5.800000000000000000e+01 1.200000000000000000e+02 1.665304689131459348e+00 1.580651660037224737e-01
5.800000000000000000e+01 1.190000000000000000e+02 1.755397330050055826e+00 1.720183965040923413e-01
5.900000000000000000e+01 1.220000000000000000e+02 2.109599329940034185e+00 1.780707022321846855e-01
5.800000000000000000e+01 1.210000000000000000e+02 2.296442563739664600e+00 1.831425557474595234e-01
6.000000000000000000e+01 1.270000000000000000e+02 2.730058227759083689e+00 2.020811119080657414e-01
6.100000000000000000e+01 1.260000000000000000e+02 3.216483782971919503e+00 2.134034405492108155e-01
6.100000000000000000e+01 1.250000000000000000e+02 3.755949979223297319e+00 2.389131984684328969e-01
6.600000000000000000e+01 1.310000000000000000e+02 3.893049468483408937e+00 2.390257970978879876e-01
6.300000000000000000e+01 1.340000000000000000e+02 3.773579312566692767e+00 2.390676269327995651e-01
6.200000000000000000e+01 1.380000000000000000e+02 3.614863149187732994e+00 2.585564977790786312e-01
6.000000000000000000e+01 1.370000000000000000e+02 3.677023894873705068e+00 2.670927049393839736e-01
5.700000000000000000e+01 1.360000000000000000e+02 3.568074240242583350e+00 2.976512486713020489e-01
5.600000000000000000e+01 1.320000000000000000e+02 3.652752427259134294e+00 2.910935395913895607e-01
5.500000000000000000e+01 1.380000000000000000e+02 3.038692232730563436e+00 3.155049865430371581e-01
5.800000000000000000e+01 1.370000000000000000e+02 3.286841273625055404e+00 3.195609198658451167e-01
5.500000000000000000e+01 1.340000000000000000e+02 3.049064071511982110e+00 3.396604766084468374e-01
5.200000000000000000e+01 1.340000000000000000e+02 2.541937111200424759e+00 3.751020954264670526e-01
5.200000000000000000e+01 1.310000000000000000e+02 2.482093380156253470e+00 3.684114101102506922e-01
5.300000000000000000e+01 1.280000000000000000e+02 2.869217365695504895e+00 3.660060204359226188e-01
5.000000000000000000e+01 1.220000000000000000e+02 2.379552329834833113e+00 3.470433195860404552e-01
5.000000000000000000e+01 1.240000000000000000e+02 1.793505879335233866e+00 3.379259028963573219e-01
5.500000000000000000e+01 1.250000000000000000e+02 1.830237841219032546e+00 3.115282964789014009e-01
5.400000000000000000e+01 1.220000000000000000e+02 1.905576466799929314e+00 3.013955933910680285e-01
5.500000000000000000e+01 1.200000000000000000e+02 2.261631895290991956e+00 2.981602531834386949e-01
5.600000000000000000e+01 1.260000000000000000e+02 2.659547641195868284e+00 3.193227540447584056e-01
5.700000000000000000e+01 1.280000000000000000e+02 2.882341363599960182e+00 3.452429770393340980e-01
5.900000000000000000e+01 1.280000000000000000e+02 2.906974543789237142e+00 3.353265129004252554e-01
5.800000000000000000e+01 1.230000000000000000e+02 3.142470045940439327e+00 3.310801284326717608e-01
5.700000000000000000e+01 1.200000000000000000e+02 3.371004199073117213e+00 3.484050559332587671e-01
5.200000000000000000e+01 1.120000000000000000e+02 2.657606345053133534e+00 3.222633897722692597e-01
5.100000000000000000e+01 1.120000000000000000e+02 1.914019841968069180e+00 3.006591009218190780e-01
5.300000000000000000e+01 1.100000000000000000e+02 2.029926044232270854e+00 2.831063468791461535e-01
5.100000000000000000e+01 1.060000000000000000e+02 1.898551692124653467e+00 2.779095844479557154e-01
5.100000000000000000e+01 1.100000000000000000e+02 2.239179566081564321e+00 2.828096436393151558e-01
5.000000000000000000e+01 1.070000000000000000e+02 2.401590268297556285e+00 2.688887998419539627e-01
5.600000000000000000e+01 1.040000000000000000e+02 2.799009529944821217e+00 2.638990147051359925e-01
5.600000000000000000e+01 1.040000000000000000e+02 2.973452857217215417e+00 2.947791457257027403e-01
5.000000000000000000e+01 1.070000000000000000e+02 2.124551740857604010e+00 2.969864982045307134e-01
5.100000000000000000e+01 1.030000000000000000e+02 1.960920306966424498e+00 2.785579835230191370e-01
5.100000000000000000e+01 9.500000000000000000e+01 2.315623530746142134e+00 2.307605672860236767e-01
5.500000000000000000e+01 9.800000000000000000e+01 2.473638407067176637e+00 2.175908118629857890e-01
5.500000000000000000e+01 9.600000000000000000e+01 2.628877717577154716e+00 2.244441761960316584e-01
5.500000000000000000e+01 9.500000000000000000e+01 2.849287599539000126e+00 2.446330489796096908e-01
5.400000000000000000e+01 8.900000000000000000e+01 3.089590065146683884e+00 2.155338388027769891e-01
5.000000000000000000e+01 8.600000000000000000e+01 2.653423054057868935e+00 2.161405776719032001e-01
5.000000000000000000e+01 8.800000000000000000e+01 2.580809737801649462e+00 2.276289393420088680e-01
4.900000000000000000e+01 8.900000000000000000e+01 2.743202029134966580e+00 2.405522191162730583e-01
5.500000000000000000e+01 9.300000000000000000e+01 2.969552397356079343e+00 2.436545211564941082e-01
5.500000000000000000e+01 9.800000000000000000e+01 2.950377877728921128e+00 2.631314173972981174e-01
6.400000000000000000e+01 1.130000000000000000e+02 2.926523617996284798e+00 2.963689472796502966e-01
6.200000000000000000e+01 1.140000000000000000e+02 2.720728555221695988e+00 2.986399579591160203e-01
6.400000000000000000e+01 1.060000000000000000e+02 2.700659078285629011e+00 2.454506660576498689e-01
6.200000000000000000e+01 1.060000000000000000e+02 2.363325180755317501e+00 2.501834824932061552e-01
6.300000000000000000e+01 1.020000000000000000e+02 2.472167754572415443e+00 2.410714301879768595e-01
6.200000000000000000e+01 1.080000000000000000e+02 2.354863291549824211e+00 2.258075524360027841e-01
6.200000000000000000e+01 1.030000000000000000e+02 2.511987553047067223e+00 2.001887019823770375e-01
6.200000000000000000e+01 1.010000000000000000e+02 1.965982440057334912e+00 1.870421209265304141e-01
6.200000000000000000e+01 9.900000000000000000e+01 2.300976513338791385e+00 1.650066572622551075e-01
6.700000000000000000e+01 1.060000000000000000e+02 2.391403057375544705e+00 1.802054656451663184e-01
6.900000000000000000e+01 1.070000000000000000e+02 2.781327874303495040e+00 1.956149259129399409e-01
6.500000000000000000e+01 1.060000000000000000e+02 2.255560877128123920e+00 2.082693335244686916e-01
6.300000000000000000e+01 1.040000000000000000e+02 2.203262397547094853e+00 1.970446292318451254e-01
6.400000000000000000e+01 1.030000000000000000e+02 2.581815755007924817e+00 1.928726674223381621e-01
6.400000000000000000e+01 1.000000000000000000e+02 2.720055325477044317e+00 1.841653952820264117e-01
6.400000000000000000e+01 9.800000000000000000e+01 2.881287737513568814e+00 1.934610964924383669e-01
6.300000000000000000e+01 9.700000000000000000e+01 2.916359914598910308e+00 1.904625530721395787e-01
6.800000000000000000e+01 9.900000000000000000e+01 2.910887181687348502e+00 1.974012073499386566e-01
7.000000000000000000e+01 1.000000000000000000e+02 2.887560090171403360e+00 2.004210144868779353e-01
6.800000000000000000e+01 9.900000000000000000e+01 2.871617940853397943e+00 2.006721220222582869e-01
6.900000000000000000e+01 1.010000000000000000e+02 3.127198082775163535e+00 2.099485059112914664e-01
6.800000000000000000e+01 9.600000000000000000e+01 3.222021895342648712e+00 1.888301780342877545e-01
6.800000000000000000e+01 9.800000000000000000e+01 3.480965765586352401e+00 1.866304066430095610e-01
6.500000000000000000e+01 9.900000000000000000e+01 3.320728926668545800e+00 2.205786734233211310e-01
6.800000000000000000e+01 1.050000000000000000e+02 3.612203504581806612e+00 2.602291516027414042e-01
6.700000000000000000e+01 1.060000000000000000e+02 3.942449060631765700e+00 3.058297686552358674e-01
6.500000000000000000e+01 1.050000000000000000e+02 4.160371150264161599e+00 3.477675133997109591e-01
6.500000000000000000e+01 1.040000000000000000e+02 4.825108103497094625e+00 3.717095921949326032e-01
6.300000000000000000e+01 1.030000000000000000e+02 4.459481329688064655e+00 3.866215855906036114e-01
6.300000000000000000e+01 9.700000000000000000e+01 4.899229920258959758e+00 3.579948466201700041e-01
5.500000000000000000e+01 8.700000000000000000e+01 3.798290489415832027e+00 3.048720899030050169e-01
5.300000000000000000e+01 8.400000000000000000e+01 3.600786136826410022e+00 2.471603645659123105e-01
5.100000000000000000e+01 8.000000000000000000e+01 3.072874008760689613e+00 2.393915725230580938e-01
5.100000000000000000e+01 8.500000000000000000e+01 2.823736770127212026e+00 2.348729889153347850e-01
5.200000000000000000e+01 8.800000000000000000e+01 2.786808870966127394e+00 2.438172820366130977e-01
5.300000000000000000e+01 8.100000000000000000e+01 3.222739023844494621e+00 1.867689809776765797e-01
5.600000000000000000e+01 9.100000000000000000e+01 2.938205337353452240e+00 1.946945802667881809e-01
5.500000000000000000e+01 9.100000000000000000e+01 2.669267538645220483e+00 2.030529362738592580e-01
5.600000000000000000e+01 8.800000000000000000e+01 2.850135109263538524e+00 1.983919869237330547e-01
5.700000000000000000e+01 8.600000000000000000e+01 2.852197265409831761e+00 1.490712891671326090e-01
5.300000000000000000e+01 8.700000000000000000e+01 2.324025236559294605e+00 1.506459581236234690e-01
5.500000000000000000e+01 9.000000000000000000e+01 2.440076669457756253e+00 1.404102596871338593e-01
5.800000000000000000e+01 9.300000000000000000e+01 2.550412597211958232e+00 1.408223721858373467e-01
6.100000000000000000e+01 1.010000000000000000e+02 2.439716640726529384e+00 1.555195841591030248e-01
6.600000000000000000e+01 1.020000000000000000e+02 2.627946861826362390e+00 1.688477131185695534e-01
6.800000000000000000e+01 1.070000000000000000e+02 2.830046608387395413e+00 1.845397021224229883e-01
6.800000000000000000e+01 1.060000000000000000e+02 3.261190036433559758e+00 1.919777555336215080e-01
6.400000000000000000e+01 1.040000000000000000e+02 2.835159832952547809e+00 1.934272390319706492e-01
6.200000000000000000e+01 1.080000000000000000e+02 2.329257595187884888e+00 1.919426112155022401e-01
5.900000000000000000e+01 1.080000000000000000e+02 1.914958670338376079e+00 2.022633406838914294e-01
6.000000000000000000e+01 1.120000000000000000e+02 2.012044774771183597e+00 1.863417621583300654e-01
6.100000000000000000e+01 1.120000000000000000e+02 1.815674420369414177e+00 2.064346575204587253e-01
6.800000000000000000e+01 1.160000000000000000e+02 1.679354515065701658e+00 2.051665055626485379e-01
6.900000000000000000e+01 1.140000000000000000e+02 1.992537665579581008e+00 2.019508489157684217e-01
6.700000000000000000e+01 1.100000000000000000e+02 1.913444681175489936e+00 1.914236301570698129e-01
6.800000000000000000e+01 1.120000000000000000e+02 1.790202784199894870e+00 1.986660934689439828e-01
7.500000000000000000e+01 1.230000000000000000e+02 2.149793906011452371e+00 2.063535189156673610e-01
7.600000000000000000e+01 1.230000000000000000e+02 2.559726359415247288e+00 2.164425739436017515e-01
7.500000000000000000e+01 1.210000000000000000e+02 2.806578410214041863e+00 2.215668104795773807e-01
7.500000000000000000e+01 1.230000000000000000e+02 2.848440171552004241e+00 2.487572291463308605e-01
7.600000000000000000e+01 1.300000000000000000e+02 3.098738478628081605e+00 2.805006535406009416e-01
7.600000000000000000e+01 1.290000000000000000e+02 3.648080022078846962e+00 2.836369961158486941e-01
7.600000000000000000e+01 1.320000000000000000e+02 3.802520795165788670e+00 3.205771650931065198e-01
7.400000000000000000e+01 1.290000000000000000e+02 3.973062286398427734e+00 3.191567863262529947e-01
7.200000000000000000e+01 1.240000000000000000e+02 4.159673648617463471e+00 3.016599363783694643e-01
7.300000000000000000e+01 1.230000000000000000e+02 4.579044258939602763e+00 3.027844002532292800e-01
7.100000000000000000e+01 1.160000000000000000e+02 4.557321282230232029e+00 2.669402495877399861e-01
6.700000000000000000e+01 1.150000000000000000e+02 4.026403050463561506e+00 2.782667010142366171e-01
6.400000000000000000e+01 1.130000000000000000e+02 3.898235449186721713e+00 2.999310905232931979e-01
6.200000000000000000e+01 1.090000000000000000e+02 4.044159187001652001e+00 3.034891643985402343e-01
6.300000000000000000e+01 1.070000000000000000e+02 4.202161344032290913e+00 3.159118579436357988e-01
6.100000000000000000e+01 1.030000000000000000e+02 4.348372162697827115e+00 3.132838060179555795e-01
5.700000000000000000e+01 1.000000000000000000e+02 4.113796202407108638e+00 3.169301770640722826e-01
5.700000000000000000e+01 9.200000000000000000e+01 4.275582271102332577e+00 2.650987382038565432e-01
5.200000000000000000e+01 9.000000000000000000e+01 3.702696026088656112e+00 2.631796955583752262e-01
5.400000000000000000e+01 9.000000000000000000e+01 3.568835449153817230e+00 2.330484047269723302e-01
5.100000000000000000e+01 8.800000000000000000e+01 3.327259021885257351e+00 2.491182901390072424e-01
4.900000000000000000e+01 8.700000000000000000e+01 3.286731127908153915e+00 2.797151271815264684e-01
4.800000000000000000e+01 8.300000000000000000e+01 3.513374480952792478e+00 2.728483667453349693e-01
4.800000000000000000e+01 8.200000000000000000e+01 3.831350222324752863e+00 2.782682294366851106e-01
5.100000000000000000e+01 8.000000000000000000e+01 3.716549375312709902e+00 2.796884913926155902e-01
4.900000000000000000e+01 7.600000000000000000e+01 3.836339936612763957e+00 2.742452055804515676e-01
4.700000000000000000e+01 7.300000000000000000e+01 3.058598283482467206e+00 2.588874487076703312e-01
4.600000000000000000e+01 7.400000000000000000e+01 2.568374817278386679e+00 2.743968006161842110e-01
5.000000000000000000e+01 7.500000000000000000e+01 2.953359184236783008e+00 2.765428175442568581e-01
5.000000000000000000e+01 7.300000000000000000e+01 3.147714002014045054e+00 2.716881803003896034e-01
4.500000000000000000e+01 7.000000000000000000e+01 1.693963358680115050e+00 2.639728114018938809e-01
4.300000000000000000e+01 6.400000000000000000e+01 1.496182169888490510e+00 2.341849350374704541e-01
4.500000000000000000e+01 6.300000000000000000e+01 1.471124297111876977e+00 2.305884235657780779e-01
4.500000000000000000e+01 6.200000000000000000e+01 1.490413729971676871e+00 2.154117582986169177e-01
4.400000000000000000e+01 5.700000000000000000e+01 1.509655581497437282e+00 1.782117405779423680e-01
4.300000000000000000e+01 5.300000000000000000e+01 1.506920192009180148e+00 1.566889696824197986e-01
4.900000000000000000e+01 6.300000000000000000e+01 1.463112432581406885e+00 1.255483643000415706e-01
4.900000000000000000e+01 6.300000000000000000e+01 1.465571969917708328e+00 1.080199935694690500e-01
5.400000000000000000e+01 7.000000000000000000e+01 1.712297752665575601e+00 9.869910137511833659e-02
5.200000000000000000e+01 6.900000000000000000e+01 1.485997658229329499e+00 9.461660186126691352e-02
5.400000000000000000e+01 7.000000000000000000e+01 1.290037027109542489e+00 9.707538448768951445e-02
5.600000000000000000e+01 6.900000000000000000e+01 1.537088160905786483e+00 7.900805117561977842e-02
5.600000000000000000e+01 6.800000000000000000e+01 1.817555413720597146e+00 7.923733676046369745e-02
5.500000000000000000e+01 6.900000000000000000e+01 1.872404282501259898e+00 9.362404525235029640e-02
5.900000000000000000e+01 7.700000000000000000e+01 1.771993831900085858e+00 1.106720028845464276e-01
6.100000000000000000e+01 7.900000000000000000e+01 1.861269573563965718e+00 1.196632325878388969e-01
6.300000000000000000e+01 8.300000000000000000e+01 2.209672669635034836e+00 1.268127960644857000e-01
6.400000000000000000e+01 9.100000000000000000e+01 2.385443788445415603e+00 1.371437364406097870e-01
6.700000000000000000e+01 9.000000000000000000e+01 2.801927000988857941e+00 1.382121328879640787e-01
6.400000000000000000e+01 8.900000000000000000e+01 2.352680528970235052e+00 1.305877741399135983e-01
6.500000000000000000e+01 8.900000000000000000e+01 2.774668945713820722e+00 1.153378711056818606e-01
6.300000000000000000e+01 9.000000000000000000e+01 2.722395345168822978e+00 1.359608414897961470e-01
6.400000000000000000e+01 9.400000000000000000e+01 3.198867444372316626e+00 1.442630884155257642e-01
6.700000000000000000e+01 9.400000000000000000e+01 3.725677007179465150e+00 1.472008975212907300e-01
6.300000000000000000e+01 9.400000000000000000e+01 3.433026512889185256e+00 1.611976970633915707e-01
6.200000000000000000e+01 9.400000000000000000e+01 3.704865713254149373e+00 1.654580975778271457e-01
5.900000000000000000e+01 9.300000000000000000e+01 3.567067172121900498e+00 1.841311673599746734e-01
5.700000000000000000e+01 9.200000000000000000e+01 3.386894428577744254e+00 1.936949307000884191e-01
5.500000000000000000e+01 8.800000000000000000e+01 3.185329141754537297e+00 1.837436827633064373e-01
5.400000000000000000e+01 9.200000000000000000e+01 2.702388038506869261e+00 2.056804984508174006e-01
5.300000000000000000e+01 8.900000000000000000e+01 2.722141295223691859e+00 2.011460708401356934e-01
5.700000000000000000e+01 9.400000000000000000e+01 2.657516870090411487e+00 2.366419868712966723e-01
6.300000000000000000e+01 9.700000000000000000e+01 2.903608951826618600e+00 2.408287442529445654e-01
6.200000000000000000e+01 9.400000000000000000e+01 3.152983867327902701e+00 2.454852842444791017e-01
6.100000000000000000e+01 9.700000000000000000e+01 3.167636747744280612e+00 2.878806631060621402e-01
6.100000000000000000e+01 9.600000000000000000e+01 3.686869131403725852e+00 3.225347667650877437e-01
5.500000000000000000e+01 9.000000000000000000e+01 2.951256776398051951e+00 3.096249981669055851e-01
5.300000000000000000e+01 8.400000000000000000e+01 2.971943156443730416e+00 2.896757903559548653e-01
5.400000000000000000e+01 8.000000000000000000e+01 3.013959910606518910e+00 2.313678389624944653e-01
5.900000000000000000e+01 7.800000000000000000e+01 3.248253583405140255e+00 2.058152004516300704e-01
5.700000000000000000e+01 7.500000000000000000e+01 3.043304328659407698e+00 1.984188891915530939e-01
5.400000000000000000e+01 7.300000000000000000e+01 2.765841030644076604e+00 2.098703009300775801e-01
5.600000000000000000e+01 7.200000000000000000e+01 3.198945551460799841e+00 2.156110810580340043e-01
5.900000000000000000e+01 7.400000000000000000e+01 3.384943084472956443e+00 2.420221319371079483e-01
5.500000000000000000e+01 7.400000000000000000e+01 2.714862432678649018e+00 2.511937755016731000e-01
5.300000000000000000e+01 7.000000000000000000e+01 2.421442136958819713e+00 2.475241320148248991e-01
5.200000000000000000e+01 6.400000000000000000e+01 2.570606505289690702e+00 2.167642337901246052e-01
5.100000000000000000e+01 5.900000000000000000e+01 2.466976128576642502e+00 1.720712294994339031e-01
4.800000000000000000e+01 5.700000000000000000e+01 1.850147636647332172e+00 1.765350735084352529e-01
4.900000000000000000e+01 5.600000000000000000e+01 1.917125507955836250e+00 1.551644840369972578e-01
5.300000000000000000e+01 6.000000000000000000e+01 1.736676730624962195e+00 1.570144713689619886e-01
5.300000000000000000e+01 5.800000000000000000e+01 2.048481732643710806e+00 1.426403782568602674e-01
5.600000000000000000e+01 5.800000000000000000e+01 2.117347694566947602e+00 1.353411268407621881e-01
6.300000000000000000e+01 6.600000000000000000e+01 2.273293088223511393e+00 1.098606957567272030e-01
6.500000000000000000e+01 7.200000000000000000e+01 2.426930993604638598e+00 1.050399073760432678e-01
6.500000000000000000e+01 7.300000000000000000e+01 2.558419926020405910e+00 1.132069026546486806e-01
6.400000000000000000e+01 7.400000000000000000e+01 2.713535398011107436e+00 1.331307379546851077e-01
6.400000000000000000e+01 7.200000000000000000e+01 3.175994347987581179e+00 1.317111463937822025e-01
6.400000000000000000e+01 7.600000000000000000e+01 3.444499571768673718e+00 1.546841765028812987e-01
6.300000000000000000e+01 7.300000000000000000e+01 3.517474050607451108e+00 1.493828268922738345e-01
6.100000000000000000e+01 7.200000000000000000e+01 3.587569076443617000e+00 1.625176974986018430e-01
6.100000000000000000e+01 6.900000000000000000e+01 3.675897626690760589e+00 1.338386439539509531e-01
5.800000000000000000e+01 6.800000000000000000e+01 2.802062957493737905e+00 1.130034223142042660e-01
5.500000000000000000e+01 7.100000000000000000e+01 2.460526065678038776e+00 1.084643055795029426e-01
5.700000000000000000e+01 7.400000000000000000e+01 2.571278098145192370e+00 9.269849566251121831e-02
5.500000000000000000e+01 7.500000000000000000e+01 2.461268069470612385e+00 1.093042305216356813e-01
5.900000000000000000e+01 8.900000000000000000e+01 2.569108887030742139e+00 1.291782849843873260e-01
5.900000000000000000e+01 8.900000000000000000e+01 3.002809046857677355e+00 1.357277603280523104e-01
5.800000000000000000e+01 8.600000000000000000e+01 3.263470641012823137e+00 1.277188898349349566e-01
5.800000000000000000e+01 8.500000000000000000e+01 2.873080552807802945e+00 1.170184642017031013e-01
5.400000000000000000e+01 8.500000000000000000e+01 2.369504844588817161e+00 1.377986000514048182e-01
5.300000000000000000e+01 8.400000000000000000e+01 2.517164994025361757e+00 1.460651287736625392e-01
5.600000000000000000e+01 9.300000000000000000e+01 2.951189924875540882e+00 1.459197036609721776e-01
5.700000000000000000e+01 9.600000000000000000e+01 2.759678537832283229e+00 1.510875069144355376e-01
5.600000000000000000e+01 9.400000000000000000e+01 2.721051035037473476e+00 1.569542066527126190e-01
5.600000000000000000e+01 9.500000000000000000e+01 2.731146197027832567e+00 1.711289626031319844e-01
5.700000000000000000e+01 9.800000000000000000e+01 2.918463088665021132e+00 2.016327303840960150e-01
5.700000000000000000e+01 1.000000000000000000e+02 3.415165807276315135e+00 2.106549433576626051e-01
6.000000000000000000e+01 1.080000000000000000e+02 3.503214753331299391e+00 2.477696794536888569e-01
6.000000000000000000e+01 1.100000000000000000e+02 3.829220856584357513e+00 2.659591561991365705e-01
6.100000000000000000e+01 1.090000000000000000e+02 3.740200672731608389e+00 2.555058596692563744e-01
6.500000000000000000e+01 1.140000000000000000e+02 3.771930206799359198e+00 2.749266551759989574e-01
6.100000000000000000e+01 1.130000000000000000e+02 3.336393131696241632e+00 2.999549476988973562e-01
5.600000000000000000e+01 1.060000000000000000e+02 2.693870296680052956e+00 2.584354394012196576e-01
5.400000000000000000e+01 9.800000000000000000e+01 2.382096861744793959e+00 1.966271631245277429e-01
5.200000000000000000e+01 9.800000000000000000e+01 1.990051123508545849e+00 1.782499222371393688e-01
5.200000000000000000e+01 1.010000000000000000e+02 1.758734873765886553e+00 1.813506140742959516e-01
5.200000000000000000e+01 1.000000000000000000e+02 1.758544489775982544e+00 1.989767492499429635e-01
5.600000000000000000e+01 1.000000000000000000e+02 1.861946265459895500e+00 1.944804794131207437e-01
5.700000000000000000e+01 9.900000000000000000e+01 2.197375007898986432e+00 2.005923165296697452e-01
5.800000000000000000e+01 1.050000000000000000e+02 2.571783268965693203e+00 2.222822128641054051e-01
5.600000000000000000e+01 1.040000000000000000e+02 2.507163562412175306e+00 2.504512066666326198e-01
5.600000000000000000e+01 1.040000000000000000e+02 2.244029007197560599e+00 2.828900289763432996e-01
5.600000000000000000e+01 9.900000000000000000e+01 2.627298213913733083e+00 2.730651389631433279e-01
5.600000000000000000e+01 9.400000000000000000e+01 2.790644247460404070e+00 2.544404478986140861e-01
5.400000000000000000e+01 9.200000000000000000e+01 2.756708799502376461e+00 2.709305714348671512e-01
5.200000000000000000e+01 8.500000000000000000e+01 2.765622798164868890e+00 2.130578638939090441e-01
5.100000000000000000e+01 8.100000000000000000e+01 2.685031509848079256e+00 2.010968289381133978e-01
5.000000000000000000e+01 8.000000000000000000e+01 2.865768461551719604e+00 2.081130028326000914e-01
5.000000000000000000e+01 8.500000000000000000e+01 2.615005466558241842e+00 2.200319145109384811e-01
5.200000000000000000e+01 9.000000000000000000e+01 2.822054645480772006e+00 2.402138670321170011e-01
5.200000000000000000e+01 9.100000000000000000e+01 3.030815772309372047e+00 2.813700781739988388e-01
5.200000000000000000e+01 8.500000000000000000e+01 3.308382132310216051e+00 2.497596356539296125e-01
5.200000000000000000e+01 8.100000000000000000e+01 3.153137050445723677e+00 2.347186440870820678e-01
5.100000000000000000e+01 7.900000000000000000e+01 3.169275933516138455e+00 2.365064500587641116e-01
5.200000000000000000e+01 7.600000000000000000e+01 3.661834905866231171e+00 2.259220979016135500e-01
4.900000000000000000e+01 7.400000000000000000e+01 3.455402557391423990e+00 2.433879173090485459e-01
4.700000000000000000e+01 7.200000000000000000e+01 3.417616121684130981e+00 2.632359905406629896e-01
4.300000000000000000e+01 6.900000000000000000e+01 2.766222147807990694e+00 2.631385113171142986e-01
4.400000000000000000e+01 6.200000000000000000e+01 3.189953874040644344e+00 2.225026626180422740e-01
4.200000000000000000e+01 6.000000000000000000e+01 2.951145143712810004e+00 2.102181043908506741e-01
3.700000000000000000e+01 5.500000000000000000e+01 2.219938649687377641e+00 1.852517558021326560e-01
4.300000000000000000e+01 5.500000000000000000e+01 2.059296274355653988e+00 1.632937378584767008e-01
4.300000000000000000e+01 5.600000000000000000e+01 2.121352632426579898e+00 1.610134739088818212e-01
4.500000000000000000e+01 5.300000000000000000e+01 2.451551851642966628e+00 1.495961464526773532e-01
5.100000000000000000e+01 5.100000000000000000e+01 2.506756910468641575e+00 1.434022997682496137e-01
4.800000000000000000e+01 4.900000000000000000e+01 2.153203835503348706e+00 1.465267809775945285e-01
4.900000000000000000e+01 5.400000000000000000e+01 2.237921871994115630e+00 1.453424891865819635e-01
5.000000000000000000e+01 5.700000000000000000e+01 1.458775986437035987e+00 1.558615191440416159e-01
5.100000000000000000e+01 5.300000000000000000e+01 1.699349178277600014e+00 1.310469316392597339e-01
4.900000000000000000e+01 5.100000000000000000e+01 1.247500379618978750e+00 1.214936611169592090e-01
5.100000000000000000e+01 4.900000000000000000e+01 1.473353290818922634e+00 1.018589720979931890e-01
5.000000000000000000e+01 4.800000000000000000e+01 1.509619162072308507e+00 9.504132595686642926e-02
4.900000000000000000e+01 4.700000000000000000e+01 1.529994192479784854e+00 9.579865377992292930e-02
4.900000000000000000e+01 5.100000000000000000e+01 1.319382696634959107e+00 1.128951297765815043e-01
4.900000000000000000e+01 5.000000000000000000e+01 1.574001447405055876e+00 1.203470207100573314e-01
5.000000000000000000e+01 4.900000000000000000e+01 1.861663048198090475e+00 1.305170268506453679e-01
5.000000000000000000e+01 4.800000000000000000e+01 2.182928427917301573e+00 1.405519251531341385e-01
5.100000000000000000e+01 5.000000000000000000e+01 2.299672472152079372e+00 1.641664975560463424e-01
4.900000000000000000e+01 4.600000000000000000e+01 2.234014618834246235e+00 1.474143122678656659e-01
4.800000000000000000e+01 4.000000000000000000e+01 2.353704914620494026e+00 1.051904612190739940e-01
4.600000000000000000e+01 3.700000000000000000e+01 2.248109323866440246e+00 8.606431845534695535e-02
4.600000000000000000e+01 3.600000000000000000e+01 2.397665530307265147e+00 7.088413646102610655e-02
4.500000000000000000e+01 3.400000000000000000e+01 2.281626127748292099e+00 6.067396026468673681e-02
4.700000000000000000e+01 4.100000000000000000e+01 2.142134550728659992e+00 6.148393445753382036e-02
4.700000000000000000e+01 4.300000000000000000e+01 2.264092172036349382e+00 6.229398573848621279e-02
4.800000000000000000e+01 4.600000000000000000e+01 2.411493865501144640e+00 7.385967538224894047e-02
5.700000000000000000e+01 5.400000000000000000e+01 2.587700052434987796e+00 8.757147464869073639e-02
6.000000000000000000e+01 6.400000000000000000e+01 2.835634680880949166e+00 1.035872255638941863e-01
6.200000000000000000e+01 6.700000000000000000e+01 3.327738623873327750e+00 1.097378762751955172e-01
6.400000000000000000e+01 6.900000000000000000e+01 3.629044720917058431e+00 1.184147806741333159e-01
6.400000000000000000e+01 7.400000000000000000e+01 3.953398010620113645e+00 1.389817791571653083e-01
6.000000000000000000e+01 7.100000000000000000e+01 3.668806123269297892e+00 1.275010173132087032e-01
5.900000000000000000e+01 6.800000000000000000e+01 3.722114313798159824e+00 1.159847919286302320e-01
5.500000000000000000e+01 6.900000000000000000e+01 3.263849608882035902e+00 1.357677832907471516e-01
5.300000000000000000e+01 6.900000000000000000e+01 2.620131170252813391e+00 1.426431882468059964e-01
5.400000000000000000e+01 7.300000000000000000e+01 2.760342565969101436e+00 1.387263252705253913e-01
5.100000000000000000e+01 7.200000000000000000e+01 2.447357931327713843e+00 1.304218455100519258e-01
5.000000000000000000e+01 7.300000000000000000e+01 1.637142464267981268e+00 1.175671872635837278e-01
4.900000000000000000e+01 7.200000000000000000e+01 1.411792869003354101e+00 1.112625523207021461e-01
5.000000000000000000e+01 7.400000000000000000e+01 1.645188765743990755e+00 9.002946784733589780e-02
