0.000000000000000000e+00 0.000000000000000000e+00 0.000000000000000000e+00 0.000000000000000000e+00
3.000000000000000000e+00 3.000000000000000000e+00 6.546876815262455285e-04 1.483979287006062541e-04
3.000000000000000000e+00 3.000000000000000000e+00 8.778059687195144921e-04 1.804995842965043085e-04
4.000000000000000000e+00 4.000000000000000000e+00 1.393944079502922300e-03 2.689174684134140411e-04
8.000000000000000000e+00 7.000000000000000000e+00 2.738321380927186653e-03 4.752479993593705242e-04
1.300000000000000000e+01 9.000000000000000000e+00 4.754500696660077762e-03 6.764953936525856196e-04
2.100000000000000000e+01 9.000000000000000000e+00 8.102884072665733975e-03 8.218796832272801675e-04
2.100000000000000000e+01 1.300000000000000000e+01 1.082804062016793495e-02 1.195830008042271866e-03
2.100000000000000000e+01 1.300000000000000000e+01 1.444728041095365463e-02 1.451722348408224705e-03
2.100000000000000000e+01 1.300000000000000000e+01 1.924201339307369737e-02 1.761286584395581334e-03
2.400000000000000000e+01 1.800000000000000000e+01 2.623071175148380604e-02 2.382747948659731229e-03
2.400000000000000000e+01 1.900000000000000000e+01 3.479425250220469223e-02 2.937403419070360767e-03
2.400000000000000000e+01 1.900000000000000000e+01 4.603424571254589870e-02 3.557709774479783735e-03
2.500000000000000000e+01 2.000000000000000000e+01 6.094514826253659423e-02 4.354878917447448268e-03
2.600000000000000000e+01 2.000000000000000000e+01 8.035513847887276739e-02 5.265670416736800523e-03
2.600000000000000000e+01 2.000000000000000000e+01 1.052744911329851069e-01 6.360651033256436819e-03
2.600000000000000000e+01 2.000000000000000000e+01 1.373512781695303553e-01 7.675044674938577907e-03
2.700000000000000000e+01 2.100000000000000000e+01 1.785943940493740223e-01 9.299641550210381580e-03
2.700000000000000000e+01 2.100000000000000000e+01 2.307646136527576886e-01 1.119449654866391634e-02
2.900000000000000000e+01 2.300000000000000000e+01 2.969361959606497958e-01 1.355576339359174272e-02
2.900000000000000000e+01 2.300000000000000000e+01 3.792021703017769974e-01 1.627248857587394043e-02
2.900000000000000000e+01 2.300000000000000000e+01 4.810260961352264553e-01 1.950223465941003029e-02
3.500000000000000000e+01 2.600000000000000000e+01 6.071002541792011042e-01 2.348078781160577860e-02
3.600000000000000000e+01 2.600000000000000000e+01 7.589902977508902193e-01 2.804297758091481990e-02
3.600000000000000000e+01 2.700000000000000000e+01 9.408536721373207401e-01 3.347399357237964418e-02
3.600000000000000000e+01 2.700000000000000000e+01 1.156211521518314855e+00 3.981343409298714053e-02
3.600000000000000000e+01 2.700000000000000000e+01 1.408015253438619219e+00 4.724483590122429549e-02
3.700000000000000000e+01 3.000000000000000000e+01 1.698796253703844572e+00 5.607451697697636572e-02
3.700000000000000000e+01 3.000000000000000000e+01 2.029644461999906557e+00 6.621066537757601400e-02
4.000000000000000000e+01 3.400000000000000000e+01 2.401785785595624390e+00 7.816158506990333876e-02
4.000000000000000000e+01 3.400000000000000000e+01 2.813367290205063043e+00 9.177636595653584917e-02
3.800000000000000000e+01 3.400000000000000000e+01 2.828954388804783893e+00 9.698326847750599056e-02
3.700000000000000000e+01 3.300000000000000000e+01 3.029392832800239521e+00 1.012603112095730729e-01
3.700000000000000000e+01 3.200000000000000000e+01 3.478191137653859233e+00 9.389594443896359666e-02
3.300000000000000000e+01 3.600000000000000000e+01 3.064128948833518162e+00 1.098683596672144214e-01
3.500000000000000000e+01 3.900000000000000000e+01 2.585080848470048487e+00 1.055766763619954141e-01
3.100000000000000000e+01 3.700000000000000000e+01 1.818415759689768540e+00 9.686090142519658552e-02
3.500000000000000000e+01 4.500000000000000000e+01 1.586828024172995732e+00 7.642907681999364100e-02
3.300000000000000000e+01 4.400000000000000000e+01 1.260168436000267178e+00 7.710165000640706312e-02
3.200000000000000000e+01 5.200000000000000000e+01 1.168658724365880586e+00 9.027535029089166219e-02
3.100000000000000000e+01 5.100000000000000000e+01 1.140022570132275259e+00 5.778247073561488395e-02
3.000000000000000000e+01 4.900000000000000000e+01 1.085593384557530072e+00 4.495910919226246694e-02
2.900000000000000000e+01 4.900000000000000000e+01 1.006292558933377324e+00 5.278787149106741600e-02
3.100000000000000000e+01 4.700000000000000000e+01 1.187464441746715949e+00 3.553961533208633422e-02
3.500000000000000000e+01 5.100000000000000000e+01 1.151563343194532241e+00 4.240309510810978677e-02
3.600000000000000000e+01 5.600000000000000000e+01 1.115106113953902467e+00 5.049647377119387964e-02
3.900000000000000000e+01 5.700000000000000000e+01 1.318698461812093825e+00 5.975712225493556157e-02
4.600000000000000000e+01 6.100000000000000000e+01 1.329634837916744639e+00 7.068364099163094993e-02
4.700000000000000000e+01 6.800000000000000000e+01 1.557246024891203895e+00 7.148532459270473538e-02
4.600000000000000000e+01 7.000000000000000000e+01 1.590658809696657627e+00 7.389133303597912594e-02
4.700000000000000000e+01 7.400000000000000000e+01 1.602469323746917640e+00 8.731831964826147763e-02
4.700000000000000000e+01 7.900000000000000000e+01 1.853518548850413783e+00 8.915835100462482510e-02
4.400000000000000000e+01 8.300000000000000000e+01 1.259510116184718864e+00 9.479610977220925827e-02
4.300000000000000000e+01 8.300000000000000000e+01 1.249674399154026005e+00 8.761312928982213644e-02
4.400000000000000000e+01 8.200000000000000000e+01 1.197244681608339745e+00 9.316002712008272790e-02
4.600000000000000000e+01 8.800000000000000000e+01 1.127414668402007658e+00 1.105628196331114033e-01
4.600000000000000000e+01 8.900000000000000000e+01 1.347223244187572888e+00 1.306017081249105372e-01
4.700000000000000000e+01 8.700000000000000000e+01 1.598067576485187713e+00 1.328187877083356894e-01
4.700000000000000000e+01 8.900000000000000000e+01 1.642339937668370053e+00 1.566109216231095225e-01
4.600000000000000000e+01 8.900000000000000000e+01 1.720905110316579778e+00 1.493698824580235174e-01
4.700000000000000000e+01 9.000000000000000000e+01 1.791220763294569585e+00 1.639663826502411603e-01
4.700000000000000000e+01 8.800000000000000000e+01 2.115718578222674839e+00 1.686292433792748457e-01
4.600000000000000000e+01 8.800000000000000000e+01 2.196064184849895629e+00 1.985912118101884616e-01
4.800000000000000000e+01 8.700000000000000000e+01 2.578561694356054534e+00 2.227075440283873831e-01
5.000000000000000000e+01 8.600000000000000000e+01 3.002006528071545333e+00 2.400038463501729114e-01
4.700000000000000000e+01 8.400000000000000000e+01 2.598267039432389680e+00 2.476883889548615603e-01
4.600000000000000000e+01 8.400000000000000000e+01 2.796353968051627170e+00 2.515090566369652114e-01
4.500000000000000000e+01 8.100000000000000000e+01 2.751232857325608627e+00 2.065812268343750202e-01
4.200000000000000000e+01 7.900000000000000000e+01 2.419186390718706114e+00 2.175869963128840290e-01
4.200000000000000000e+01 7.400000000000000000e+01 2.302115181256622289e+00 1.985113546946460639e-01
4.200000000000000000e+01 6.900000000000000000e+01 2.706349926049120391e+00 1.713536500858434397e-01
4.100000000000000000e+01 6.800000000000000000e+01 2.849375916855368285e+00 1.874071785870105311e-01
4.100000000000000000e+01 7.100000000000000000e+01 3.317119154685109983e+00 2.042979714643123890e-01
4.100000000000000000e+01 7.100000000000000000e+01 3.607185286974331273e+00 2.238023285136703511e-01
3.900000000000000000e+01 7.800000000000000000e+01 3.237301262363764032e+00 2.520159541631190603e-01
3.800000000000000000e+01 7.400000000000000000e+01 3.482311130766147400e+00 2.372303061146115166e-01
3.500000000000000000e+01 7.300000000000000000e+01 3.231679953376167980e+00 2.546686002055038034e-01
3.000000000000000000e+01 6.900000000000000000e+01 2.483104400269921186e+00 2.516280163651800628e-01
2.800000000000000000e+01 6.400000000000000000e+01 2.340373367881358746e+00 2.128204182466167937e-01
2.600000000000000000e+01 6.100000000000000000e+01 2.107729385972106240e+00 2.030328308009139715e-01
2.300000000000000000e+01 5.800000000000000000e+01 1.634813153275038511e+00 2.034765535013064175e-01
2.500000000000000000e+01 5.600000000000000000e+01 1.574678136196482336e+00 1.811540468539873661e-01
2.500000000000000000e+01 5.000000000000000000e+01 1.817795877819695649e+00 1.369941243453791091e-01
2.300000000000000000e+01 4.800000000000000000e+01 1.558658372006902493e+00 1.371647124557544839e-01
2.200000000000000000e+01 4.600000000000000000e+01 1.580733844029346802e+00 1.318762618449111912e-01
2.300000000000000000e+01 4.300000000000000000e+01 1.599790644245457916e+00 9.596739707968934829e-02
2.100000000000000000e+01 4.200000000000000000e+01 1.330331114785127999e+00 1.002243988239152755e-01
2.100000000000000000e+01 4.200000000000000000e+01 1.273531840835324669e+00 1.051480881981508297e-01
2.100000000000000000e+01 4.100000000000000000e+01 1.256535357925275820e+00 9.656675168504609552e-02
2.000000000000000000e+01 3.900000000000000000e+01 1.189342872736485646e+00 9.202512440286494955e-02
2.000000000000000000e+01 3.700000000000000000e+01 1.161034306378027514e+00 8.338900853595210272e-02
2.100000000000000000e+01 3.900000000000000000e+01 1.342946004379595770e+00 7.215055968605954551e-02
2.000000000000000000e+01 3.900000000000000000e+01 1.277875431649189153e+00 8.515374970357833528e-02
1.900000000000000000e+01 3.900000000000000000e+01 1.249063639351224886e+00 1.002239942545697371e-01
1.700000000000000000e+01 4.100000000000000000e+01 9.714480106916962843e-01 1.177179884806364152e-01
2.000000000000000000e+01 4.100000000000000000e+01 1.118065065008986503e+00 1.152539336174315948e-01
2.000000000000000000e+01 4.000000000000000000e+01 1.014405504391332036e+00 1.138930775515623051e-01
1.900000000000000000e+01 4.000000000000000000e+01 8.997668208531163225e-01 1.018096421674259816e-01
1.900000000000000000e+01 3.900000000000000000e+01 1.035738312313727816e+00 9.326600225473798134e-02
1.700000000000000000e+01 4.000000000000000000e+01 7.043384490568110889e-01 1.094578482804465097e-01
1.700000000000000000e+01 3.900000000000000000e+01 8.179966145890676943e-01 1.122315206784015307e-01
1.700000000000000000e+01 3.900000000000000000e+01 6.816133524283138900e-01 1.313112666771467096e-01
1.700000000000000000e+01 3.700000000000000000e+01 7.960721783795945417e-01 1.321279187399114208e-01
1.700000000000000000e+01 3.500000000000000000e+01 9.224712492252253870e-01 1.312126955478943591e-01
1.800000000000000000e+01 3.100000000000000000e+01 8.444017833693402419e-01 9.667452462540712665e-02
1.800000000000000000e+01 3.200000000000000000e+01 4.725696313535394100e-01 9.004607963939700865e-02
2.000000000000000000e+01 3.000000000000000000e+01 5.702603748125455452e-01 7.700312519129108579e-02
2.100000000000000000e+01 3.000000000000000000e+01 6.817620388591815184e-01 7.397914620260866159e-02
2.600000000000000000e+01 3.200000000000000000e+01 8.086610112232373027e-01 6.217905317980534224e-02
2.600000000000000000e+01 3.200000000000000000e+01 9.496034152176698884e-01 6.073918090450158846e-02
2.600000000000000000e+01 3.200000000000000000e+01 1.105474703325147967e+00 5.909422181759324544e-02
2.600000000000000000e+01 3.200000000000000000e+01 1.059350866732911900e+00 4.835465057779105014e-02
2.500000000000000000e+01 3.200000000000000000e+01 9.828289926012252486e-01 4.485377649372096487e-02
2.500000000000000000e+01 3.400000000000000000e+01 8.764267142506944053e-01 5.305389674459631832e-02
2.600000000000000000e+01 3.400000000000000000e+01 1.024143011416243532e+00 6.247321054645414706e-02
2.600000000000000000e+01 3.400000000000000000e+01 7.529657444720729842e-01 7.335933232903910084e-02
2.800000000000000000e+01 3.900000000000000000e+01 8.858626944769231182e-01 7.410869301868840131e-02
2.900000000000000000e+01 3.900000000000000000e+01 8.167257066150106493e-01 7.299343477260387958e-02
2.800000000000000000e+01 4.100000000000000000e+01 7.400203134433104291e-01 7.366019830729790552e-02
2.800000000000000000e+01 4.000000000000000000e+01 8.733807757747978906e-01 7.432393204207675408e-02
2.700000000000000000e+01 4.200000000000000000e+01 8.057319931063812168e-01 8.730530418971241269e-02
2.600000000000000000e+01 4.000000000000000000e+01 7.323008796717785929e-01 8.113234001572683374e-02
2.800000000000000000e+01 4.200000000000000000e+01 8.712420107135397940e-01 8.300799864471264389e-02
2.900000000000000000e+01 4.100000000000000000e+01 1.028409973365758123e+00 8.325484622490503250e-02
2.900000000000000000e+01 4.100000000000000000e+01 1.204837344258608223e+00 8.697778150481171033e-02
2.800000000000000000e+01 4.200000000000000000e+01 1.184725868192097797e+00 7.920721396684086979e-02
2.700000000000000000e+01 4.000000000000000000e+01 1.141359621333862817e+00 7.007712115564510014e-02
2.800000000000000000e+01 3.800000000000000000e+01 1.076708367829776414e+00 6.113940931277994650e-02
2.800000000000000000e+01 3.800000000000000000e+01 1.014403509681674143e+00 6.138550745732357372e-02
2.900000000000000000e+01 3.800000000000000000e+01 1.217796129912638747e+00 5.836597308285678548e-02
3.300000000000000000e+01 4.000000000000000000e+01 1.449340289861503539e+00 5.693092237631057484e-02
3.200000000000000000e+01 4.000000000000000000e+01 1.491283674521671543e+00 6.737571257458763174e-02
3.200000000000000000e+01 4.100000000000000000e+01 1.755821067828167825e+00 7.958118200066095771e-02
3.300000000000000000e+01 4.100000000000000000e+01 2.048017103153952689e+00 9.368582598347281742e-02
3.300000000000000000e+01 4.100000000000000000e+01 2.149720242586157681e+00 9.952477157538326680e-02
3.200000000000000000e+01 4.100000000000000000e+01 2.231469042449317985e+00 9.578946187776558874e-02
3.000000000000000000e+01 4.300000000000000000e+01 1.858071389119662298e+00 1.124568553851545277e-01
2.900000000000000000e+01 4.200000000000000000e+01 1.918008145098909933e+00 1.176765398975462562e-01
2.600000000000000000e+01 3.900000000000000000e+01 1.497790202955068262e+00 1.060320603608532752e-01
2.600000000000000000e+01 3.800000000000000000e+01 1.486828352993172064e+00 9.811484915982617017e-02
2.600000000000000000e+01 3.800000000000000000e+01 1.450685759561646471e+00 1.029239630301216485e-01
2.400000000000000000e+01 3.700000000000000000e+01 1.172864859726880926e+00 1.099873834138002937e-01
2.400000000000000000e+01 3.600000000000000000e+01 1.370325487438377232e+00 1.042368951088969292e-01
2.600000000000000000e+01 3.600000000000000000e+01 1.586949095286756650e+00 9.766287893630690164e-02
2.500000000000000000e+01 3.500000000000000000e+01 1.604317703740568479e+00 1.022802873604863327e-01
2.300000000000000000e+01 3.500000000000000000e+01 1.355100462718511034e+00 1.196447557527644395e-01
2.200000000000000000e+01 3.600000000000000000e+01 8.838357553833057212e-01 1.186497070522046227e-01
2.000000000000000000e+01 3.500000000000000000e+01 6.013349724124893436e-01 1.140107396553343561e-01
2.100000000000000000e+01 3.200000000000000000e+01 7.255535293586634626e-01 9.620177963686669942e-02
2.100000000000000000e+01 3.400000000000000000e+01 8.677211605510248837e-01 8.437226810497240603e-02
2.100000000000000000e+01 3.200000000000000000e+01 1.028839656535338598e+00 7.418791008328150249e-02
2.200000000000000000e+01 3.300000000000000000e+01 1.209636993035456021e+00 7.483709921677576815e-02
2.100000000000000000e+01 3.100000000000000000e+01 1.192904956669369465e+00 6.655975648972986547e-02
1.900000000000000000e+01 3.200000000000000000e+01 9.338929644443255684e-01 7.800916620001219215e-02
1.900000000000000000e+01 3.100000000000000000e+01 1.105613007192437713e+00 7.725409347393774606e-02
1.900000000000000000e+01 3.000000000000000000e+01 1.296145059866824711e+00 6.771387315704657794e-02
1.900000000000000000e+01 2.900000000000000000e+01 1.504812290246859918e+00 6.714092452957828860e-02
1.800000000000000000e+01 2.800000000000000000e+01 1.513501074808740521e+00 6.471873283764222051e-02
1.700000000000000000e+01 2.700000000000000000e+01 1.493021848366859361e+00 6.534366112492663581e-02
1.800000000000000000e+01 3.200000000000000000e+01 1.248004838319142884e+00 7.677224232829668593e-02
1.600000000000000000e+01 3.400000000000000000e+01 7.763979868673102080e-01 7.771020771180194020e-02
1.700000000000000000e+01 3.400000000000000000e+01 9.007940742759300567e-01 6.661238409396713633e-02
1.700000000000000000e+01 3.300000000000000000e+01 7.754913249984431989e-01 6.739759666507461056e-02
1.700000000000000000e+01 3.200000000000000000e+01 9.012805193008081028e-01 6.295372485113077954e-02
1.800000000000000000e+01 3.600000000000000000e+01 8.000624214958680369e-01 6.352434423240568839e-02
1.700000000000000000e+01 3.600000000000000000e+01 6.880294125053364462e-01 6.396831807196583231e-02
1.700000000000000000e+01 3.500000000000000000e+01 8.048773512367720651e-01 5.236949788521363947e-02
1.600000000000000000e+01 3.500000000000000000e+01 6.942733243790045750e-01 6.157600534166648987e-02
1.800000000000000000e+01 3.400000000000000000e+01 8.128623136120904924e-01 5.836307303350903725e-02
2.300000000000000000e+01 3.700000000000000000e+01 9.438103115969828094e-01 5.832702730120598728e-02
2.300000000000000000e+01 3.800000000000000000e+01 8.460958075254144672e-01 5.823004010126695690e-02
2.300000000000000000e+01 4.000000000000000000e+01 7.369538926046425020e-01 6.866516457163443499e-02
2.500000000000000000e+01 4.000000000000000000e+01 8.556548003958683868e-01 7.017935153888350819e-02
2.300000000000000000e+01 4.000000000000000000e+01 5.503846147957874857e-01 8.237907947479122805e-02
2.400000000000000000e+01 3.900000000000000000e+01 6.445454592522054105e-01 8.433354910388771164e-02
2.600000000000000000e+01 3.900000000000000000e+01 7.489118903766638358e-01 8.486273151369205792e-02
2.500000000000000000e+01 3.700000000000000000e+01 6.461536286361752035e-01 7.831686792300911193e-02
2.600000000000000000e+01 3.600000000000000000e+01 7.487118517008379825e-01 6.918067698374756602e-02
2.600000000000000000e+01 3.800000000000000000e+01 6.009859985199789145e-01 8.130692901809005724e-02
2.900000000000000000e+01 3.800000000000000000e+01 4.663601321493940910e-01 7.426693990411366297e-02
3.000000000000000000e+01 3.700000000000000000e+01 5.621518460639668424e-01 7.493338857270939735e-02
3.000000000000000000e+01 3.600000000000000000e+01 6.732365283919582444e-01 6.352288090185011227e-02
2.900000000000000000e+01 3.700000000000000000e+01 5.620519484339646654e-01 7.484879952062532815e-02
3.000000000000000000e+01 3.900000000000000000e+01 6.868490586192472769e-01 7.421098338017691198e-02
3.100000000000000000e+01 3.900000000000000000e+01 8.322436888903961272e-01 7.530219795054574061e-02
3.100000000000000000e+01 3.800000000000000000e+01 9.995996489988481226e-01 7.820526742805768150e-02
3.100000000000000000e+01 3.900000000000000000e+01 1.190421899425270436e+00 9.216564456570706942e-02
3.600000000000000000e+01 4.300000000000000000e+01 1.406883967578558936e+00 1.084448307196089201e-01
3.600000000000000000e+01 4.300000000000000000e+01 1.647977341105362870e+00 1.269864878250917539e-01
3.500000000000000000e+01 4.100000000000000000e+01 1.481321153697283233e+00 1.272240900099090299e-01
3.500000000000000000e+01 4.000000000000000000e+01 1.730082963946835362e+00 1.032676984294077366e-01
3.300000000000000000e+01 3.800000000000000000e+01 1.504868793044894293e+00 9.957688363257077846e-02
3.200000000000000000e+01 3.700000000000000000e+01 1.524393349016853083e+00 1.003916599709218788e-01
3.200000000000000000e+01 3.600000000000000000e+01 1.789368006486706131e+00 1.014004383713907609e-01
3.300000000000000000e+01 3.400000000000000000e+01 1.605401824814153944e+00 9.741771315613473314e-02
3.500000000000000000e+01 3.200000000000000000e+01 1.645357524327636822e+00 9.109768047284827475e-02
3.600000000000000000e+01 3.200000000000000000e+01 1.931102268087911300e+00 8.205979506001935542e-02
3.700000000000000000e+01 3.500000000000000000e+01 2.245520583131247250e+00 8.030933807658471868e-02
3.600000000000000000e+01 3.600000000000000000e+01 2.370370504780356491e+00 9.407430939063182729e-02
3.500000000000000000e+01 3.500000000000000000e+01 2.043056830102878418e+00 8.884484386870135364e-02
3.400000000000000000e+01 3.400000000000000000e+01 1.867825862718332175e+00 8.109196309908518752e-02
3.300000000000000000e+01 3.100000000000000000e+01 1.910814617106193047e+00 5.976875491748308983e-02
3.100000000000000000e+01 3.600000000000000000e+01 1.454959790986125823e+00 7.032467974252717968e-02
3.200000000000000000e+01 3.400000000000000000e+01 1.695561051939805219e+00 5.437082335147042089e-02
3.200000000000000000e+01 3.400000000000000000e+01 1.697804652131960079e+00 6.411026054607286973e-02
3.200000000000000000e+01 3.400000000000000000e+01 1.722899356390016123e+00 6.493511300715969214e-02
3.100000000000000000e+01 3.400000000000000000e+01 1.747750665603793552e+00 7.636574010394785172e-02
3.100000000000000000e+01 3.600000000000000000e+01 1.533301657863875400e+00 8.964409516580641724e-02
3.100000000000000000e+01 3.700000000000000000e+01 1.557139137149317065e+00 9.281697815674840035e-02
3.300000000000000000e+01 4.400000000000000000e+01 1.146527017696826523e+00 9.671833378222911837e-02
3.200000000000000000e+01 4.400000000000000000e+01 1.122641410910437232e+00 8.702101354002070299e-02
3.200000000000000000e+01 4.300000000000000000e+01 1.314115081343498970e+00 7.743030278179408032e-02
3.300000000000000000e+01 4.300000000000000000e+01 1.244225304958012979e+00 9.071626368168225762e-02
3.600000000000000000e+01 4.200000000000000000e+01 1.458291636050904172e+00 7.297413524143109287e-02
3.700000000000000000e+01 4.500000000000000000e+01 1.238789757993187912e+00 8.562235040290316901e-02
4.000000000000000000e+01 4.600000000000000000e+01 1.453889123742729828e+00 8.625279443300529203e-02
4.000000000000000000e+01 4.500000000000000000e+01 1.691627669619978569e+00 8.690333865525785850e-02
3.800000000000000000e+01 4.200000000000000000e+01 1.518647888012698344e+00 6.843106555445815919e-02
3.600000000000000000e+01 4.100000000000000000e+01 1.279478828224608122e+00 6.812269957245416230e-02
3.500000000000000000e+01 4.000000000000000000e+01 1.280908657823605967e+00 6.605195685162232322e-02
3.400000000000000000e+01 3.900000000000000000e+01 1.218281087817268071e+00 6.714043469509349549e-02
3.500000000000000000e+01 3.800000000000000000e+01 1.442760990749928585e+00 6.685046098211187837e-02
3.500000000000000000e+01 3.800000000000000000e+01 1.693034559911355208e+00 6.491072424859238577e-02
3.600000000000000000e+01 3.900000000000000000e+01 1.969524313343222977e+00 7.672363921061507719e-02
3.500000000000000000e+01 4.200000000000000000e+01 1.837829294425296967e+00 9.053530733676280751e-02
3.300000000000000000e+01 4.200000000000000000e+01 1.664183453926078249e+00 1.063632582112120362e-01
3.200000000000000000e+01 4.100000000000000000e+01 1.471242109129351272e+00 1.140892726701191878e-01
3.200000000000000000e+01 3.900000000000000000e+01 1.454286956317583313e+00 1.019580330385115863e-01
3.200000000000000000e+01 3.800000000000000000e+01 1.464386172560997679e+00 1.054908260480516280e-01
3.100000000000000000e+01 3.600000000000000000e+01 1.502470655521799703e+00 9.911302998515655882e-02
3.100000000000000000e+01 3.600000000000000000e+01 1.764255927216350273e+00 9.192353191000039725e-02
3.000000000000000000e+01 3.600000000000000000e+01 1.794431057081433911e+00 1.079882629376270886e-01
2.800000000000000000e+01 3.400000000000000000e+01 1.616200173057291245e+00 1.054835904109002048e-01
3.000000000000000000e+01 3.200000000000000000e+01 1.903623704098718505e+00 9.936628730480505378e-02
2.900000000000000000e+01 3.100000000000000000e+01 2.004964554780771735e+00 1.026874608358027408e-01
2.800000000000000000e+01 3.000000000000000000e+01 2.070068584995507166e+00 1.099387952288041481e-01
2.800000000000000000e+01 3.000000000000000000e+01 2.165127406008119149e+00 1.287272280827894411e-01
2.600000000000000000e+01 3.000000000000000000e+01 2.071309828503510975e+00 1.502282911113464459e-01
2.500000000000000000e+01 2.800000000000000000e+01 2.175882026910864298e+00 1.521341407715758043e-01
2.200000000000000000e+01 2.300000000000000000e+01 1.847735928465924271e+00 1.207001637675023942e-01
2.500000000000000000e+01 2.600000000000000000e+01 1.885963611381374028e+00 9.184424735434783271e-02
2.400000000000000000e+01 2.400000000000000000e+01 1.897776454454106032e+00 8.231863611105230683e-02
2.400000000000000000e+01 2.300000000000000000e+01 1.948982831003922334e+00 7.977101965849150988e-02
2.200000000000000000e+01 2.200000000000000000e+01 1.775219692328033450e+00 6.637126035859486350e-02
2.100000000000000000e+01 2.300000000000000000e+01 1.308000168818086006e+00 5.474645954926480457e-02
1.900000000000000000e+01 2.300000000000000000e+01 7.847692840010423998e-01 4.121176133685506421e-02
1.700000000000000000e+01 2.300000000000000000e+01 3.997333171546983421e-01 4.805068938287864605e-02
1.700000000000000000e+01 2.300000000000000000e+01 4.821152027583275324e-01 4.012047456435019477e-02
1.800000000000000000e+01 2.200000000000000000e+01 5.764782421175029814e-01 3.107448528446025288e-02
1.800000000000000000e+01 2.400000000000000000e+01 6.828824422522482562e-01 3.673726432584759755e-02
2.200000000000000000e+01 2.500000000000000000e+01 8.025758829085327672e-01 4.324584004673200088e-02
2.300000000000000000e+01 2.600000000000000000e+01 7.175658575408419004e-01 5.074970950655496166e-02
2.500000000000000000e+01 2.700000000000000000e+01 8.396723409654707204e-01 4.891423207670528295e-02
2.500000000000000000e+01 2.600000000000000000e+01 9.737435088391657168e-01 4.664216235525805998e-02
2.300000000000000000e+01 2.600000000000000000e+01 6.637116316339378708e-01 4.400861529025369007e-02
2.400000000000000000e+01 2.500000000000000000e+01 7.777287898428646429e-01 3.928506459323376221e-02
2.400000000000000000e+01 2.400000000000000000e+01 9.040864223815245904e-01 3.208969562215247678e-02
2.600000000000000000e+01 2.600000000000000000e+01 8.046448774875967214e-01 2.740082310286840253e-02
2.600000000000000000e+01 2.600000000000000000e+01 6.960540379998803040e-01 3.239598380308568448e-02
2.600000000000000000e+01 2.700000000000000000e+01 5.795081289210305409e-01 3.825878136747698499e-02
3.400000000000000000e+01 3.300000000000000000e+01 6.969753613129615610e-01 3.485950396923574029e-02
3.400000000000000000e+01 3.200000000000000000e+01 8.298719629216643190e-01 2.908447617440571009e-02
3.400000000000000000e+01 3.500000000000000000e+01 9.805458396822579470e-01 3.480288982905790224e-02
3.500000000000000000e+01 3.600000000000000000e+01 9.333628042095517552e-01 4.143152288810283274e-02
3.700000000000000000e+01 3.900000000000000000e+01 8.613425943334896973e-01 4.929979653135819345e-02
3.800000000000000000e+01 3.900000000000000000e+01 1.026614656201669806e+00 5.834674790359852675e-02
3.700000000000000000e+01 4.000000000000000000e+01 9.964009179116078974e-01 6.892346221511756743e-02
3.700000000000000000e+01 4.100000000000000000e+01 1.183324561245815199e+00 8.118594797459946499e-02
4.000000000000000000e+01 4.200000000000000000e+01 1.394209210889189920e+00 9.534535617817288533e-02
4.100000000000000000e+01 4.300000000000000000e+01 1.628874844120360210e+00 1.116257881150237580e-01
4.100000000000000000e+01 3.700000000000000000e+01 1.887934225590017334e+00 6.721730157409096240e-02
4.100000000000000000e+01 3.800000000000000000e+01 1.693701264841281695e+00 6.693863400646231365e-02
4.000000000000000000e+01 3.900000000000000000e+01 1.480474247307248303e+00 7.871706317062819591e-02
4.100000000000000000e+01 3.900000000000000000e+01 1.445258139755027704e+00 9.224085535300924343e-02
4.100000000000000000e+01 3.800000000000000000e+01 1.482870716872551453e+00 8.522891416928464470e-02
4.100000000000000000e+01 3.700000000000000000e+01 1.505501500522152813e+00 7.709968035569229883e-02
4.400000000000000000e+01 3.500000000000000000e+01 1.776433443852199145e+00 6.432931724597081014e-02
4.400000000000000000e+01 3.600000000000000000e+01 1.817649371355785526e+00 7.574681149560044680e-02
4.400000000000000000e+01 3.500000000000000000e+01 2.131175021205413689e+00 7.680594236352153437e-02
4.300000000000000000e+01 3.400000000000000000e+01 2.239155867053523430e+00 7.965924281442697541e-02
4.100000000000000000e+01 3.300000000000000000e+01 2.164296169841212425e+00 8.136529077103948904e-02
3.800000000000000000e+01 3.300000000000000000e+01 1.817355758838480106e+00 9.545424847728048445e-02
3.800000000000000000e+01 3.000000000000000000e+01 1.894621138116316050e+00 7.681787657734970298e-02
4.000000000000000000e+01 3.000000000000000000e+01 1.985516751888630749e+00 7.647442552006609995e-02
3.900000000000000000e+01 3.000000000000000000e+01 2.067532299613180413e+00 9.003092826913478008e-02
4.000000000000000000e+01 3.000000000000000000e+01 2.425444961710544689e+00 9.365307037324691053e-02
4.300000000000000000e+01 3.700000000000000000e+01 2.580470320030483045e+00 1.102437230074774788e-01
4.400000000000000000e+01 3.500000000000000000e+01 2.769774427861776189e+00 1.079773318765282764e-01
4.300000000000000000e+01 3.400000000000000000e+01 2.946727288125143840e+00 1.141599890980841553e-01
4.200000000000000000e+01 3.300000000000000000e+01 3.109804540309138332e+00 1.227614822115488807e-01
3.800000000000000000e+01 3.300000000000000000e+01 2.411746861926884922e+00 1.011476524609987021e-01
4.000000000000000000e+01 3.600000000000000000e+01 2.258297671770317816e+00 9.388158466477765363e-02
4.000000000000000000e+01 3.500000000000000000e+01 2.063987580298138447e+00 8.837700410184141930e-02
3.900000000000000000e+01 3.400000000000000000e+01 2.156954884041461629e+00 7.496851395696858822e-02
3.500000000000000000e+01 3.400000000000000000e+01 1.492870531884423535e+00 7.697141122614188646e-02
3.300000000000000000e+01 3.400000000000000000e+01 1.287354064978937451e+00 7.579616242745138011e-02
3.300000000000000000e+01 3.200000000000000000e+01 1.519124716714521872e+00 6.385244179435643763e-02
3.400000000000000000e+01 3.500000000000000000e+01 1.776863221365100554e+00 5.881952882067391364e-02
3.200000000000000000e+01 3.400000000000000000e+01 1.625962560487789199e+00 5.665882604512204046e-02
3.100000000000000000e+01 3.300000000000000000e+01 1.672139126726032821e+00 5.415822437443623683e-02
3.000000000000000000e+01 3.300000000000000000e+01 1.675658152394784439e+00 6.335533622527855790e-02
3.200000000000000000e+01 3.100000000000000000e+01 1.726153075022056393e+00 4.955213078298255358e-02
3.300000000000000000e+01 3.200000000000000000e+01 1.994556103128011237e+00 3.560963074579496374e-02
3.100000000000000000e+01 3.400000000000000000e+01 1.807419388043781217e+00 4.214694099331901811e-02
3.100000000000000000e+01 3.300000000000000000e+01 1.815938245218125635e+00 3.914867372205196872e-02
3.000000000000000000e+01 3.300000000000000000e+01 1.825335776531256560e+00 3.580549017421238989e-02
2.700000000000000000e+01 3.400000000000000000e+01 1.402274156575678665e+00 4.255181645706175575e-02
3.100000000000000000e+01 3.700000000000000000e+01 1.371641017129717532e+00 4.009791057487786109e-02
3.300000000000000000e+01 4.200000000000000000e+01 1.343958882187108461e+00 4.796327748307782635e-02
3.400000000000000000e+01 4.600000000000000000e+01 1.320483861893058330e+00 5.715219858423866567e-02
3.500000000000000000e+01 4.600000000000000000e+01 1.563456722539654509e+00 6.770999651378427353e-02
3.500000000000000000e+01 5.100000000000000000e+01 1.833565630842550309e+00 8.026252611620313115e-02
3.400000000000000000e+01 5.500000000000000000e+01 1.913356816373225300e+00 9.480169961606565998e-02
3.300000000000000000e+01 5.400000000000000000e+01 1.996194041004746511e+00 1.009341486922427783e-01
3.400000000000000000e+01 5.600000000000000000e+01 2.058529615911308230e+00 1.186149787823823631e-01
3.400000000000000000e+01 5.700000000000000000e+01 2.098449933694016334e+00 1.284581748028081338e-01
3.100000000000000000e+01 5.400000000000000000e+01 1.725000962286453943e+00 1.185845776133089280e-01
3.100000000000000000e+01 5.200000000000000000e+01 1.521009096118861592e+00 1.143839784898978140e-01
3.000000000000000000e+01 5.200000000000000000e+01 1.484756475712336155e+00 1.198775489936509120e-01
3.000000000000000000e+01 5.100000000000000000e+01 1.705256100964143151e+00 1.241983058709368176e-01
2.900000000000000000e+01 4.900000000000000000e+01 1.659634835081658322e+00 1.240071172136664596e-01
2.600000000000000000e+01 4.800000000000000000e+01 1.002317246292688591e+00 1.220584847726423894e-01
2.400000000000000000e+01 4.600000000000000000e+01 7.062811848278425231e-01 1.058087603473081978e-01
2.400000000000000000e+01 4.300000000000000000e+01 8.395485135043581071e-01 8.525660848884987486e-02
2.700000000000000000e+01 4.300000000000000000e+01 9.926516573191240811e-01 7.371660979610208941e-02
2.600000000000000000e+01 4.300000000000000000e+01 8.830955913176266048e-01 8.684319673655545302e-02
2.700000000000000000e+01 4.200000000000000000e+01 1.058102901026821252e+00 8.995306389804341718e-02
2.600000000000000000e+01 4.200000000000000000e+01 1.040340923890962888e+00 8.480293342247656463e-02
2.800000000000000000e+01 4.100000000000000000e+01 1.243087767598309856e+00 8.774464162767549313e-02
2.800000000000000000e+01 4.100000000000000000e+01 1.471803581450264797e+00 8.956174731151463064e-02
3.000000000000000000e+01 4.500000000000000000e+01 1.727674720298122857e+00 1.058725328302543012e-01
2.800000000000000000e+01 4.500000000000000000e+01 1.575856794087691970e+00 1.245815267760774919e-01
2.800000000000000000e+01 4.400000000000000000e+01 1.600088491759219966e+00 1.252196876875419917e-01
2.800000000000000000e+01 4.200000000000000000e+01 1.866251904326724498e+00 1.242956550949769201e-01
2.600000000000000000e+01 4.300000000000000000e+01 1.678086748835847297e+00 1.458718724226704400e-01
2.600000000000000000e+01 4.200000000000000000e+01 1.946726028505857187e+00 1.567646679441250523e-01
2.800000000000000000e+01 4.100000000000000000e+01 2.236883934505366600e+00 1.710052655861513116e-01
2.900000000000000000e+01 3.700000000000000000e+01 2.545892138773500957e+00 1.452306830420432848e-01
2.500000000000000000e+01 3.800000000000000000e+01 1.719582515427008129e+00 1.484166284029579119e-01
2.200000000000000000e+01 3.500000000000000000e+01 1.252505120521152815e+00 1.379552636361916218e-01
2.300000000000000000e+01 3.600000000000000000e+01 6.672650212568527195e-01 1.482986091960265540e-01
2.300000000000000000e+01 3.200000000000000000e+01 7.912478173757783173e-01 1.212101092687253023e-01
2.400000000000000000e+01 3.000000000000000000e+01 9.302815686713752363e-01 9.173391358246929528e-02
2.500000000000000000e+01 2.800000000000000000e+01 1.084419997995977658e+00 8.054151406240697697e-02
2.400000000000000000e+01 2.700000000000000000e+01 1.036508855732105827e+00 6.725981682414228224e-02
2.300000000000000000e+01 2.600000000000000000e+01 9.589258684426386070e-01 5.198268327836923913e-02
2.500000000000000000e+01 2.400000000000000000e+01 1.113938223571899755e+00 3.480076754447117282e-02
2.300000000000000000e+01 2.500000000000000000e+01 8.057435244807114039e-01 4.113283430634033511e-02
2.500000000000000000e+01 2.700000000000000000e+01 7.089903870161036181e-01 4.853140859186441669e-02
2.500000000000000000e+01 2.700000000000000000e+01 8.455935617561853856e-01 4.496138962495433572e-02
2.500000000000000000e+01 2.700000000000000000e+01 9.996972556183846281e-01 5.295478469758191364e-02
2.500000000000000000e+01 2.600000000000000000e+01 1.171652269601123120e+00 5.169501471467488618e-02
2.500000000000000000e+01 2.800000000000000000e+01 1.122444156615218791e+00 6.085133191781290363e-02
2.700000000000000000e+01 3.200000000000000000e+01 1.308445097824942893e+00 5.947742240817337905e-02
2.500000000000000000e+01 3.100000000000000000e+01 1.078027262443838064e+00 5.927336931339342169e-02
2.500000000000000000e+01 3.200000000000000000e+01 1.015364399500660486e+00 6.957391892006373202e-02
2.600000000000000000e+01 3.100000000000000000e+01 1.187448095328916375e+00 6.752688885962759846e-02
2.600000000000000000e+01 3.200000000000000000e+01 1.138305069631179167e+00 6.866995304552719892e-02
2.500000000000000000e+01 3.300000000000000000e+01 1.107368806920447479e+00 6.835858959386444111e-02
2.400000000000000000e+01 3.300000000000000000e+01 1.050412640222747607e+00 7.997605285802621145e-02
3.200000000000000000e+01 3.100000000000000000e+01 1.014558641418984219e+00 6.024500937219717106e-02
3.700000000000000000e+01 4.000000000000000000e+01 9.536875633630056415e-01 5.890586097669180815e-02
3.800000000000000000e+01 4.700000000000000000e+01 9.128706513305088199e-01 5.555173421635124786e-02
3.900000000000000000e+01 4.600000000000000000e+01 1.087832758840924674e+00 5.319085541066741196e-02
4.000000000000000000e+01 4.500000000000000000e+01 1.284571369640336025e+00 5.213404674752006307e-02
4.100000000000000000e+01 4.600000000000000000e+01 1.503287085636931808e+00 6.151828072321157553e-02
4.100000000000000000e+01 4.900000000000000000e+01 1.526822502589254116e+00 7.248472161007304959e-02
3.900000000000000000e+01 4.900000000000000000e+01 1.309803075436750674e+00 8.499268022954430124e-02
3.900000000000000000e+01 4.900000000000000000e+01 1.308540392312105949e+00 7.688191957949243316e-02
3.900000000000000000e+01 5.000000000000000000e+01 1.522519680960009225e+00 7.802238882586808033e-02
3.700000000000000000e+01 4.900000000000000000e+01 1.323286806894500955e+00 6.704472955640104759e-02
3.500000000000000000e+01 4.900000000000000000e+01 1.055481954851771542e+00 7.879492754053157855e-02
3.800000000000000000e+01 4.900000000000000000e+01 1.243817244117321641e+00 6.811280111986765806e-02
3.600000000000000000e+01 5.300000000000000000e+01 9.981080478612266438e-01 8.038473363536305372e-02
3.600000000000000000e+01 5.200000000000000000e+01 1.188068418255951331e+00 8.055408376790125502e-02
3.600000000000000000e+01 5.100000000000000000e+01 1.403656512570451653e+00 8.267039846287263516e-02
3.800000000000000000e+01 5.200000000000000000e+01 1.430182002686229525e+00 8.532430933400030060e-02
3.700000000000000000e+01 5.200000000000000000e+01 1.440470762702785956e+00 1.004995928862170013e-01
3.600000000000000000e+01 5.100000000000000000e+01 1.481627885626119134e+00 9.552349271311894041e-02
3.500000000000000000e+01 5.100000000000000000e+01 1.271951523422965469e+00 1.124203929094892279e-01
3.600000000000000000e+01 5.400000000000000000e+01 1.531638944678291869e+00 1.183018229963712920e-01
3.700000000000000000e+01 5.400000000000000000e+01 1.829050051600653815e+00 1.250750597046127177e-01
3.600000000000000000e+01 5.400000000000000000e+01 1.948677700033700333e+00 1.363481579950264200e-01
3.500000000000000000e+01 5.300000000000000000e+01 2.086214169135027774e+00 1.267847451501484535e-01
3.500000000000000000e+01 5.100000000000000000e+01 2.458782491071083598e+00 1.245989804591142447e-01
3.400000000000000000e+01 5.100000000000000000e+01 2.609716883408521593e+00 1.358924978199226585e-01
3.300000000000000000e+01 5.200000000000000000e+01 2.821535304136524314e+00 1.436708921975842213e-01
3.200000000000000000e+01 5.400000000000000000e+01 2.785786881215120747e+00 1.685927197066801053e-01
3.200000000000000000e+01 5.300000000000000000e+01 3.216738926416711664e+00 1.745745993468780788e-01
3.200000000000000000e+01 5.200000000000000000e+01 3.676643070327910934e+00 1.899821995160521637e-01
2.900000000000000000e+01 5.000000000000000000e+01 3.293128466444723124e+00 1.970415998698863691e-01
2.500000000000000000e+01 4.600000000000000000e+01 2.338772881943701698e+00 1.767544084926730152e-01
2.100000000000000000e+01 4.000000000000000000e+01 1.677329595722746092e+00 1.391716651637540103e-01
1.800000000000000000e+01 3.900000000000000000e+01 1.136216549280331778e+00 1.237833678370298812e-01
1.800000000000000000e+01 3.900000000000000000e+01 1.043124845468808459e+00 1.143255234151335370e-01
1.600000000000000000e+01 3.800000000000000000e+01 7.468114497381173056e-01 1.151020806202349284e-01
1.800000000000000000e+01 3.900000000000000000e+01 6.596743391505436316e-01 1.057465173967810784e-01
1.800000000000000000e+01 3.700000000000000000e+01 7.806699587896248627e-01 9.745467021706503974e-02
2.000000000000000000e+01 3.700000000000000000e+01 9.161901432572701065e-01 8.960544979815356081e-02
1.900000000000000000e+01 3.800000000000000000e+01 8.261406191701339274e-01 9.441760279353555996e-02
2.200000000000000000e+01 4.100000000000000000e+01 9.676360121448486229e-01 8.617880204118852361e-02
2.200000000000000000e+01 4.000000000000000000e+01 1.122246997027444237e+00 8.696960752955393281e-02
2.000000000000000000e+01 3.900000000000000000e+01 8.558495649330480903e-01 9.126636825240155848e-02
2.000000000000000000e+01 3.800000000000000000e+01 9.907917941223769454e-01 7.364692857707776097e-02
2.000000000000000000e+01 3.800000000000000000e+01 8.759227650954025668e-01 7.426821424790921999e-02
2.500000000000000000e+01 4.300000000000000000e+01 1.012526090196751660e+00 7.350141648385452586e-02
2.400000000000000000e+01 4.200000000000000000e+01 7.254054038129145177e-01 7.578545484652400577e-02
2.600000000000000000e+01 4.200000000000000000e+01 8.381374255832587661e-01 7.688166888798037002e-02
2.500000000000000000e+01 4.200000000000000000e+01 6.993333146552306312e-01 9.021875331962576905e-02
2.500000000000000000e+01 4.200000000000000000e+01 8.106254223939138859e-01 9.351955584955901069e-02
2.400000000000000000e+01 4.000000000000000000e+01 6.938370301575312871e-01 8.831727716630004277e-02
2.300000000000000000e+01 4.000000000000000000e+01 5.666418375237787242e-01 8.073503082011268539e-02
2.300000000000000000e+01 3.800000000000000000e+01 6.694038498483865229e-01 7.011219535634730105e-02
2.200000000000000000e+01 3.700000000000000000e+01 5.249370919707343486e-01 7.179213600238118498e-02
2.500000000000000000e+01 3.700000000000000000e+01 6.362665434248219176e-01 7.219493791323172704e-02
2.700000000000000000e+01 3.800000000000000000e+01 7.648139444828329081e-01 7.434142730381405884e-02
2.700000000000000000e+01 3.800000000000000000e+01 9.115940609578292442e-01 7.676996752475125085e-02
2.900000000000000000e+01 3.700000000000000000e+01 1.078461795868543849e+00 6.748327184861965811e-02
2.900000000000000000e+01 3.600000000000000000e+01 1.265585335216586671e+00 5.684622717376953266e-02
2.800000000000000000e+01 4.000000000000000000e+01 1.212581953832704729e+00 6.744665449861159123e-02
2.800000000000000000e+01 4.000000000000000000e+01 1.204335123875051927e+00 7.958971358130390028e-02
2.700000000000000000e+01 4.200000000000000000e+01 9.795158545420574736e-01 9.376189784116430170e-02
3.000000000000000000e+01 4.400000000000000000e+01 1.167542024043818127e+00 9.809859187924076240e-02
3.000000000000000000e+01 4.400000000000000000e+01 1.378738696633992955e+00 1.046235548620213784e-01
3.000000000000000000e+01 4.200000000000000000e+01 1.613960400362483671e+00 9.997741021498320058e-02
3.000000000000000000e+01 4.100000000000000000e+01 1.873143620447260016e+00 1.051196129571336513e-01
2.900000000000000000e+01 4.100000000000000000e+01 1.677649805717563725e+00 1.022229967615371632e-01
2.900000000000000000e+01 4.100000000000000000e+01 1.699976271721752807e+00 1.076865998351840409e-01
2.700000000000000000e+01 4.200000000000000000e+01 1.483314475223089346e+00 1.155803803300025218e-01
2.600000000000000000e+01 4.200000000000000000e+01 1.483595268275470946e+00 1.244968648697638708e-01
2.500000000000000000e+01 3.800000000000000000e+01 1.505664455462091711e+00 9.968262078849982055e-02
2.600000000000000000e+01 3.700000000000000000e+01 1.504558815543700634e+00 9.046341652482510487e-02
2.600000000000000000e+01 3.600000000000000000e+01 1.740455961714455491e+00 9.191849556661106646e-02
2.800000000000000000e+01 3.800000000000000000e+01 1.713524662245879737e+00 9.710262198924465848e-02
3.000000000000000000e+01 3.700000000000000000e+01 1.967028843430961960e+00 9.077978752144241770e-02
2.700000000000000000e+01 3.500000000000000000e+01 1.348151933867248742e+00 8.492831623597962842e-02
2.500000000000000000e+01 3.300000000000000000e+01 1.090659518198437317e+00 7.488469338031901457e-02
2.500000000000000000e+01 3.000000000000000000e+01 1.261495373380657758e+00 4.928799195083746060e-02
2.300000000000000000e+01 3.000000000000000000e+01 9.270829336491653860e-01 5.819605150489619294e-02
2.200000000000000000e+01 3.100000000000000000e+01 8.278560696028066657e-01 6.858202462806146926e-02
2.300000000000000000e+01 3.000000000000000000e+01 9.873654383147747460e-01 6.846260790907331140e-02
2.300000000000000000e+01 3.000000000000000000e+01 1.166347397957524734e+00 7.002448695687409075e-02
2.500000000000000000e+01 3.100000000000000000e+01 1.365384643017820254e+00 7.032092812385853930e-02
2.700000000000000000e+01 3.200000000000000000e+01 1.583756931820110569e+00 8.277943634603199263e-02
2.500000000000000000e+01 3.200000000000000000e+01 1.386302368011313346e+00 9.710260550374588684e-02
2.400000000000000000e+01 3.200000000000000000e+01 1.378513504834250503e+00 9.107337383645883189e-02
2.600000000000000000e+01 3.200000000000000000e+01 1.321060952937998856e+00 9.453531188181571454e-02
2.400000000000000000e+01 3.200000000000000000e+01 1.040335849160323400e+00 1.000630123742576455e-01
2.600000000000000000e+01 3.200000000000000000e+01 1.210290263154810475e+00 9.251295284981314593e-02
2.700000000000000000e+01 3.100000000000000000e+01 1.135093812720338713e+00 8.707449408629044929e-02
2.700000000000000000e+01 3.000000000000000000e+01 1.098519151580648723e+00 8.953876769117906365e-02
2.700000000000000000e+01 3.000000000000000000e+01 1.055959417310127213e+00 9.057160365526063794e-02
2.600000000000000000e+01 2.700000000000000000e+01 1.007159910591562069e+00 7.242301515847719695e-02
2.800000000000000000e+01 3.200000000000000000e+01 9.307655430411196917e-01 6.048819531226760221e-02
2.800000000000000000e+01 3.300000000000000000e+01 8.266997780705795940e-01 7.082756601752951409e-02
3.100000000000000000e+01 3.400000000000000000e+01 9.805447968640808032e-01 6.694118321576830732e-02
3.200000000000000000e+01 3.200000000000000000e+01 1.152895252322277742e+00 5.727470810882576840e-02
3.000000000000000000e+01 3.200000000000000000e+01 8.879125589305197908e-01 6.707195151331143967e-02
3.100000000000000000e+01 3.300000000000000000e+01 1.054125735193331082e+00 5.587110814717732854e-02
3.300000000000000000e+01 3.500000000000000000e+01 1.240226205529482817e+00 5.344808321266041745e-02
3.500000000000000000e+01 3.500000000000000000e+01 1.446135890646167876e+00 5.058288300426715123e-02
3.400000000000000000e+01 3.400000000000000000e+01 1.454276981810819436e+00 4.885097695403620849e-02
3.800000000000000000e+01 3.500000000000000000e+01 1.438031099007371916e+00 5.740400072708169710e-02
3.900000000000000000e+01 3.400000000000000000e+01 1.657413212017252890e+00 3.580645956461992602e-02
3.900000000000000000e+01 3.600000000000000000e+01 1.201134622763723847e+00 4.243003475409668629e-02
3.800000000000000000e+01 3.700000000000000000e+01 8.926033426482022914e-01 5.009356937000286614e-02
3.800000000000000000e+01 3.600000000000000000e+01 1.062074688016840351e+00 4.510052345085800024e-02
3.900000000000000000e+01 3.900000000000000000e+01 9.941172082185086856e-01 5.352765182074444017e-02
3.900000000000000000e+01 3.900000000000000000e+01 1.190660775263407745e+00 6.319948676202440108e-02
3.900000000000000000e+01 3.800000000000000000e+01 1.414213708011949677e+00 6.392278512671867308e-02
4.100000000000000000e+01 3.900000000000000000e+01 1.449612810015170838e+00 7.536559241287979494e-02
4.100000000000000000e+01 3.800000000000000000e+01 1.708216839297778344e+00 7.805555808380085225e-02
4.100000000000000000e+01 3.600000000000000000e+01 1.996550911484606283e+00 7.067373827913527029e-02
3.900000000000000000e+01 3.500000000000000000e+01 1.858754011812394413e+00 7.269421683503805853e-02
3.900000000000000000e+01 3.500000000000000000e+01 1.901839097861314887e+00 8.557658770600569398e-02
4.200000000000000000e+01 3.800000000000000000e+01 1.954728242812721950e+00 9.015439638842213943e-02
4.000000000000000000e+01 3.700000000000000000e+01 1.844293708567561918e+00 9.365462341764316245e-02
4.100000000000000000e+01 3.600000000000000000e+01 1.916368324606122053e+00 9.929459082636364620e-02
4.000000000000000000e+01 3.500000000000000000e+01 2.020537833074007139e+00 9.195767601822325832e-02
4.000000000000000000e+01 3.400000000000000000e+01 1.918426376468633121e+00 9.578638939373690375e-02
3.900000000000000000e+01 3.500000000000000000e+01 1.759699451163195372e+00 1.123492325790155233e-01
4.300000000000000000e+01 3.500000000000000000e+01 2.068738814044578600e+00 1.070729389587576769e-01
4.300000000000000000e+01 3.700000000000000000e+01 2.171420271002733493e+00 1.253282083765067390e-01
4.100000000000000000e+01 3.500000000000000000e+01 2.090310058667118387e+00 1.146564436930252312e-01
4.000000000000000000e+01 3.200000000000000000e+01 2.214338081781291656e+00 9.733289022069412100e-02
3.900000000000000000e+01 3.000000000000000000e+01 2.348152799066012708e+00 7.719799905874906443e-02
3.700000000000000000e+01 2.900000000000000000e+01 2.207916568955905490e+00 7.834683412960147253e-02
3.900000000000000000e+01 3.300000000000000000e+01 2.293792120810996593e+00 9.194522306578244153e-02
3.800000000000000000e+01 3.100000000000000000e+01 2.365649184722320442e+00 8.633647099672803193e-02
3.600000000000000000e+01 2.900000000000000000e+01 2.272002147117679893e+00 7.972475622566201070e-02
3.500000000000000000e+01 2.700000000000000000e+01 2.400752412760768006e+00 6.704232107930585549e-02
3.300000000000000000e+01 3.100000000000000000e+01 2.249384466961339868e+00 7.860586306559556868e-02
3.000000000000000000e+01 3.000000000000000000e+01 1.928121762574732445e+00 7.780924591357572806e-02
3.000000000000000000e+01 2.800000000000000000e+01 1.975005506268034727e+00 6.813166727700299685e-02
2.700000000000000000e+01 2.900000000000000000e+01 1.543507313233024147e+00 6.907628356110470658e-02
2.600000000000000000e+01 2.800000000000000000e+01 1.329494645369543537e+00 6.661057894521679734e-02
2.600000000000000000e+01 2.600000000000000000e+01 1.549837586812248480e+00 5.168436395061579841e-02
2.700000000000000000e+01 3.200000000000000000e+01 1.294229298763284408e+00 5.033491089066206847e-02
3.000000000000000000e+01 3.900000000000000000e+01 1.280136630540808840e+00 4.723591810742855390e-02
3.100000000000000000e+01 3.800000000000000000e+01 1.507628452990064538e+00 4.157280480185289451e-02
3.000000000000000000e+01 3.900000000000000000e+01 1.326608213374838252e+00 4.908472661511602275e-02
3.000000000000000000e+01 3.800000000000000000e+01 1.559965993209724733e+00 4.566681362354491069e-02
2.900000000000000000e+01 3.800000000000000000e+01 1.556903645267865732e+00 5.391090137375392777e-02
2.900000000000000000e+01 3.900000000000000000e+01 1.817965548294016020e+00 6.352283647508809306e-02
2.800000000000000000e+01 3.900000000000000000e+01 1.885864700358967028e+00 7.458250100792439274e-02
2.600000000000000000e+01 3.700000000000000000e+01 1.736652463009735303e+00 6.631232594851901863e-02
2.500000000000000000e+01 3.800000000000000000e+01 1.757704083923320670e+00 6.576263186327807597e-02
2.500000000000000000e+01 3.800000000000000000e+01 1.797607619230760845e+00 6.337337751372923433e-02
2.500000000000000000e+01 3.700000000000000000e+01 1.766208990621749519e+00 6.405292832084052979e-02
2.400000000000000000e+01 3.900000000000000000e+01 1.533831452185915989e+00 7.547430483857008043e-02
2.800000000000000000e+01 3.900000000000000000e+01 1.511868720026224189e+00 7.811801333583605345e-02
2.900000000000000000e+01 3.900000000000000000e+01 1.047569340984049413e+00 8.115659568813431146e-02
2.900000000000000000e+01 3.800000000000000000e+01 9.631243423684819893e-01 7.255745047532984049e-02
2.700000000000000000e+01 3.900000000000000000e+01 6.082706837879918726e-01 8.526765209400825885e-02
2.700000000000000000e+01 4.000000000000000000e+01 7.243534563761323541e-01 8.612564891139770640e-02
2.700000000000000000e+01 3.900000000000000000e+01 8.561162072928041322e-01 8.711334842566594017e-02
2.800000000000000000e+01 4.000000000000000000e+01 1.004725355290272848e+00 9.021537854308256388e-02
2.600000000000000000e+01 3.800000000000000000e+01 7.367229013489869915e-01 8.481821396168030824e-02
2.600000000000000000e+01 3.600000000000000000e+01 8.762878574166740320e-01 7.543312865235335396e-02
2.600000000000000000e+01 4.000000000000000000e+01 7.739841381774986706e-01 8.911989278769334721e-02
2.900000000000000000e+01 4.000000000000000000e+01 9.322951505381572579e-01 1.047680060745235231e-01
3.000000000000000000e+01 3.900000000000000000e+01 1.112125861275753413e+00 1.018494913780418482e-01
3.100000000000000000e+01 3.800000000000000000e+01 1.314306754376798558e+00 1.073088754905580089e-01
3.300000000000000000e+01 3.900000000000000000e+01 1.539109782830480277e+00 1.119359916596907312e-01
3.400000000000000000e+01 4.200000000000000000e+01 1.546719172907343509e+00 1.207494646467909827e-01
3.500000000000000000e+01 4.600000000000000000e+01 1.792708240721132107e+00 1.292590849374556650e-01
3.400000000000000000e+01 4.600000000000000000e+01 1.820067192890260088e+00 1.507662965000217958e-01
3.200000000000000000e+01 4.500000000000000000e+01 1.650642009095758533e+00 1.438440520640240639e-01
3.000000000000000000e+01 3.800000000000000000e+01 1.456155373871145464e+00 8.861038473322412068e-02
2.700000000000000000e+01 3.600000000000000000e+01 9.527623775765834413e-01 7.883392724677340535e-02
2.800000000000000000e+01 3.600000000000000000e+01 1.121252583506694434e+00 5.166517401073533050e-02
2.700000000000000000e+01 3.500000000000000000e+01 1.072515917986230027e+00 4.479205452930128811e-02
2.600000000000000000e+01 3.600000000000000000e+01 9.608719864331557448e-01 5.295382209938026552e-02
2.600000000000000000e+01 3.600000000000000000e+01 1.158301143722705318e+00 5.193296286699951997e-02
2.600000000000000000e+01 3.600000000000000000e+01 1.382842569911195474e+00 6.127080100447395566e-02
2.600000000000000000e+01 3.600000000000000000e+01 1.634839048609585621e+00 7.209208276501509471e-02
2.800000000000000000e+01 3.500000000000000000e+01 1.914390264797293906e+00 7.408426912894643113e-02
2.800000000000000000e+01 3.300000000000000000e+01 2.219767997267118709e+00 6.428834363635517468e-02
2.700000000000000000e+01 3.300000000000000000e+01 2.310410056515995070e+00 7.563463624997569801e-02
2.500000000000000000e+01 3.300000000000000000e+01 2.184474166092934322e+00 8.872969148999340638e-02
2.900000000000000000e+01 3.800000000000000000e+01 1.841606619601769523e+00 9.199973163386863939e-02
2.700000000000000000e+01 3.900000000000000000e+01 1.427697788875815998e+00 8.334716288526948513e-02
2.600000000000000000e+01 3.800000000000000000e+01 1.398868429417161385e+00 7.333708787108859928e-02
2.400000000000000000e+01 3.900000000000000000e+01 1.082979811390175406e+00 8.625145318807818373e-02
2.900000000000000000e+01 4.000000000000000000e+01 9.830007717470380380e-01 9.069058552603413703e-02
2.900000000000000000e+01 4.100000000000000000e+01 1.163634447332958066e+00 9.243075278012870266e-02
3.200000000000000000e+01 3.900000000000000000e+01 1.365013177600732153e+00 8.391313989194507106e-02
3.400000000000000000e+01 4.700000000000000000e+01 1.346742715445507832e+00 9.892229571048972991e-02
3.400000000000000000e+01 5.000000000000000000e+01 1.563543557728747979e+00 1.021815719375243903e-01
3.300000000000000000e+01 4.800000000000000000e+01 1.580613032485572056e+00 9.864226983040151608e-02
3.200000000000000000e+01 4.800000000000000000e+01 1.374119697976630361e+00 1.034538795963460267e-01
3.300000000000000000e+01 4.600000000000000000e+01 1.570779110298688774e+00 9.665996306096300006e-02
3.200000000000000000e+01 4.600000000000000000e+01 1.301633038224329297e+00 1.131966094657909511e-01
2.900000000000000000e+01 4.600000000000000000e+01 7.829013174219743298e-01 1.321360906505645583e-01
2.900000000000000000e+01 4.200000000000000000e+01 9.048365107854374756e-01 1.101496171632738719e-01
2.900000000000000000e+01 4.200000000000000000e+01 8.226613390189613240e-01 8.143112205824612482e-02
2.800000000000000000e+01 4.100000000000000000e+01 6.872611014475782376e-01 7.093513439410860377e-02
2.800000000000000000e+01 4.000000000000000000e+01 5.241062564561466131e-01 7.246711701101814229e-02
2.800000000000000000e+01 3.900000000000000000e+01 6.407174966751202350e-01 6.889080271563202684e-02
2.800000000000000000e+01 3.900000000000000000e+01 7.783025289665603808e-01 6.693510124206360212e-02
2.800000000000000000e+01 3.700000000000000000e+01 9.393232100597975753e-01 5.759497688655351028e-02
2.800000000000000000e+01 3.700000000000000000e+01 8.871046466859024981e-01 6.786813791643578342e-02
2.800000000000000000e+01 3.600000000000000000e+01 1.080021291776063430e+00 6.593294020756944318e-02
2.800000000000000000e+01 3.500000000000000000e+01 1.303497415562268280e+00 6.564831517418071027e-02
2.900000000000000000e+01 3.600000000000000000e+01 1.559514170276763201e+00 6.557621361618604094e-02
2.900000000000000000e+01 3.600000000000000000e+01 1.848853951602649870e+00 7.767136299138499567e-02
2.800000000000000000e+01 3.600000000000000000e+01 1.955111466650731877e+00 9.175987954183938144e-02
2.700000000000000000e+01 3.600000000000000000e+01 2.050205112526723550e+00 1.081065366894203433e-01
2.700000000000000000e+01 3.700000000000000000e+01 2.394910750472657668e+00 1.270447806030865767e-01
3.000000000000000000e+01 3.800000000000000000e+01 2.771324812540912674e+00 1.488365643057420473e-01
2.600000000000000000e+01 3.600000000000000000e+01 2.307956449942727861e+00 1.423004382283782621e-01
2.600000000000000000e+01 3.400000000000000000e+01 2.409449035334238598e+00 1.209144185035747054e-01
2.500000000000000000e+01 3.200000000000000000e+01 2.488847358721847591e+00 1.152981723208769266e-01
2.400000000000000000e+01 3.100000000000000000e+01 2.544599123888588554e+00 1.226742239978217963e-01
2.100000000000000000e+01 3.300000000000000000e+01 1.728844532183007932e+00 1.432231749346796479e-01
2.100000000000000000e+01 3.200000000000000000e+01 1.728606810613718014e+00 1.302106829280825495e-01
2.100000000000000000e+01 3.100000000000000000e+01 1.741012270292750630e+00 1.254800004671165203e-01
2.100000000000000000e+01 3.000000000000000000e+01 1.003103337383044469e+00 1.143148846454722228e-01
2.400000000000000000e+01 2.600000000000000000e+01 6.422343770340780411e-01 8.731556553358144068e-02
2.500000000000000000e+01 2.400000000000000000e+01 7.465451024455828088e-01 6.140981699008297989e-02
2.500000000000000000e+01 2.300000000000000000e+01 6.431934816541540201e-01 5.554606247630399646e-02
2.400000000000000000e+01 2.200000000000000000e+01 5.262713708855726313e-01 4.886902659540667132e-02
2.600000000000000000e+01 2.300000000000000000e+01 6.131651879528255966e-01 4.334323711066898760e-02
2.600000000000000000e+01 2.300000000000000000e+01 4.695259275428468326e-01 5.079809638934560528e-02
2.600000000000000000e+01 2.400000000000000000e+01 5.520366906020175435e-01 5.939832203771214930e-02
2.600000000000000000e+01 2.100000000000000000e+01 6.444400868065297550e-01 3.767481538193721835e-02
2.600000000000000000e+01 2.100000000000000000e+01 5.082521722982816792e-01 3.359702734651124484e-02
2.800000000000000000e+01 2.600000000000000000e+01 6.007142164754951663e-01 2.578416765067461508e-02
2.700000000000000000e+01 2.600000000000000000e+01 4.660593095864514757e-01 3.047702357317007629e-02
2.700000000000000000e+01 2.500000000000000000e+01 5.622835465046053249e-01 2.543592315024066630e-02
2.800000000000000000e+01 2.700000000000000000e+01 6.741935944332088093e-01 3.028206957982958886e-02
2.800000000000000000e+01 2.900000000000000000e+01 5.862941389056698371e-01 3.595136823215692307e-02
2.900000000000000000e+01 3.000000000000000000e+01 7.119152427034903807e-01 4.251207128498220994e-02
3.000000000000000000e+01 3.200000000000000000e+01 8.583495395246406590e-01 5.018162421247814725e-02
3.200000000000000000e+01 3.200000000000000000e+01 8.110683027145784152e-01 4.851094041847494459e-02
3.300000000000000000e+01 3.100000000000000000e+01 9.828976330390131189e-01 4.498174890420999356e-02
3.300000000000000000e+01 3.100000000000000000e+01 1.181275569439629969e+00 5.309316536093713207e-02
3.300000000000000000e+01 3.100000000000000000e+01 1.408161017078308763e+00 6.249726349162635503e-02
3.400000000000000000e+01 3.200000000000000000e+01 1.665190100368741488e+00 6.295658365080607222e-02
3.200000000000000000e+01 3.200000000000000000e+01 1.518984561603366590e+00 7.388741938816563437e-02
3.400000000000000000e+01 3.100000000000000000e+01 1.793786725867999809e+00 6.392785478179612013e-02
3.300000000000000000e+01 3.100000000000000000e+01 1.621597441102027970e+00 7.499142096062005880e-02
3.400000000000000000e+01 3.100000000000000000e+01 1.915086399561444663e+00 7.567552137494618081e-02
3.400000000000000000e+01 3.000000000000000000e+01 2.239450573040548953e+00 7.463851735786450337e-02
3.400000000000000000e+01 3.000000000000000000e+01 2.376707218635847330e+00 7.688291286333943930e-02
3.200000000000000000e+01 2.900000000000000000e+01 2.279692987359770218e+00 7.934663718512936781e-02
3.200000000000000000e+01 2.800000000000000000e+01 2.402715088518387443e+00 7.874757534241753898e-02
3.100000000000000000e+01 2.900000000000000000e+01 2.092463785745297233e+00 7.816802649173408557e-02
3.200000000000000000e+01 3.000000000000000000e+01 1.736068647019979982e+00 6.549675247525432731e-02
2.900000000000000000e+01 3.000000000000000000e+01 1.263757599924370645e+00 7.678224308737054138e-02
3.000000000000000000e+01 2.900000000000000000e+01 1.460722325359822715e+00 6.194004679412474373e-02
3.100000000000000000e+01 3.300000000000000000e+01 1.393088239221912383e+00 7.309008689858007002e-02
2.800000000000000000e+01 3.300000000000000000e+01 9.099270446899758724e-01 8.577170121709586093e-02
2.800000000000000000e+01 3.500000000000000000e+01 8.578335175795325229e-01 8.841639974442429273e-02
2.900000000000000000e+01 3.600000000000000000e+01 1.020154062404132755e+00 8.963001664190006768e-02
2.900000000000000000e+01 3.600000000000000000e+01 1.202656810092520123e+00 9.276603442564042290e-02
3.000000000000000000e+01 3.600000000000000000e+01 1.406135411713105077e+00 9.789754627907266971e-02
3.000000000000000000e+01 3.400000000000000000e+01 1.391231256395057514e+00 7.220542218157513514e-02
2.900000000000000000e+01 3.300000000000000000e+01 1.374713642619027620e+00 7.226449954407272724e-02
3.000000000000000000e+01 3.400000000000000000e+01 1.335091219472792634e+00 8.441362975392951995e-02
3.200000000000000000e+01 3.200000000000000000e+01 1.556082404671828900e+00 7.195031879771791872e-02
3.300000000000000000e+01 3.100000000000000000e+01 1.581208633910172079e+00 6.139649259200698206e-02
3.400000000000000000e+01 3.400000000000000000e+01 1.343495976178251450e+00 7.186307014237106050e-02
3.400000000000000000e+01 3.400000000000000000e+01 1.343149469280281227e+00 5.944591633371862360e-02
3.300000000000000000e+01 3.500000000000000000e+01 1.124227638494566639e+00 5.565227047991692239e-02
3.200000000000000000e+01 3.500000000000000000e+01 1.076002195951344165e+00 5.130287305172362422e-02
3.500000000000000000e+01 3.600000000000000000e+01 1.267037220572304834e+00 4.644785381524340478e-02
3.400000000000000000e+01 3.600000000000000000e+01 1.218741129272271628e+00 5.474887875348144473e-02
3.300000000000000000e+01 3.500000000000000000e+01 1.216455071666698862e+00 5.386346290708087653e-02
3.300000000000000000e+01 3.400000000000000000e+01 1.433123333046694148e+00 5.129914813999423423e-02
3.200000000000000000e+01 3.300000000000000000e+01 1.457607364333268762e+00 5.003627450073625665e-02
3.100000000000000000e+01 3.300000000000000000e+01 1.462463387796842706e+00 5.917027772678010167e-02
3.200000000000000000e+01 3.700000000000000000e+01 1.470735129300329680e+00 5.954085760147860562e-02
3.500000000000000000e+01 4.000000000000000000e+01 1.482848761293877882e+00 7.047125506302401310e-02
3.500000000000000000e+01 3.900000000000000000e+01 1.737134692611392195e+00 7.251609340094601619e-02
3.400000000000000000e+01 3.900000000000000000e+01 1.777786314076134078e+00 8.543838153444101302e-02
3.900000000000000000e+01 4.400000000000000000e+01 1.845043821460929490e+00 1.006235663945901498e-01
3.800000000000000000e+01 4.300000000000000000e+01 1.913781430302097020e+00 1.073731873391541719e-01
3.500000000000000000e+01 4.100000000000000000e+01 1.528047013431215406e+00 1.045676877468784544e-01
3.500000000000000000e+01 4.200000000000000000e+01 1.533337835141966199e+00 1.084768527334124544e-01
3.500000000000000000e+01 4.200000000000000000e+01 1.562886382752452175e+00 1.129341165267424146e-01
3.200000000000000000e+01 4.200000000000000000e+01 1.094674648429680319e+00 1.213817779828170323e-01
3.800000000000000000e+01 4.900000000000000000e+01 1.304281012008952523e+00 1.158954447290359985e-01
3.900000000000000000e+01 5.200000000000000000e+01 1.539870028653643974e+00 1.004697472215871495e-01
3.900000000000000000e+01 4.900000000000000000e+01 1.802634246190000455e+00 7.881555051130137435e-02
3.800000000000000000e+01 4.800000000000000000e+01 1.831422902086491389e+00 8.030714856599679985e-02
3.800000000000000000e+01 4.900000000000000000e+01 1.649062827622246097e+00 9.418077526333225313e-02
3.900000000000000000e+01 4.600000000000000000e+01 1.927886695257101213e+00 7.523006207062619966e-02
3.900000000000000000e+01 4.500000000000000000e+01 2.233188647312619679e+00 7.445378998662421921e-02
3.900000000000000000e+01 4.400000000000000000e+01 2.302869000446031045e+00 7.703645920542802339e-02
3.900000000000000000e+01 4.700000000000000000e+01 2.180469885415320608e+00 9.068727721907911266e-02
3.700000000000000000e+01 4.600000000000000000e+01 2.014472310933628219e+00 9.577706805524462130e-02
3.500000000000000000e+01 4.500000000000000000e+01 1.610265366160104072e+00 1.015863327453773307e-01
3.400000000000000000e+01 4.300000000000000000e+01 1.379375545267619074e+00 9.610835453654446858e-02
3.200000000000000000e+01 4.300000000000000000e+01 1.127764857937334719e+00 1.002858240732042577e-01
3.200000000000000000e+01 4.100000000000000000e+01 1.335375942335714772e+00 8.922000441290720008e-02
3.200000000000000000e+01 4.100000000000000000e+01 1.136032545667649662e+00 8.027818981441926793e-02
3.100000000000000000e+01 4.000000000000000000e+01 1.114080684975929936e+00 8.050198949678970262e-02
3.200000000000000000e+01 4.000000000000000000e+01 1.338453076635099270e+00 8.098895249041369870e-02
3.200000000000000000e+01 4.000000000000000000e+01 1.593028964083574861e+00 9.555430442887115350e-02
3.300000000000000000e+01 4.500000000000000000e+01 1.878822624894363802e+00 1.126747587050914434e-01
3.500000000000000000e+01 4.600000000000000000e+01 2.195902612024587253e+00 1.322447239231934746e-01
3.300000000000000000e+01 4.400000000000000000e+01 2.109101791673163362e+00 1.336856867104294355e-01
3.200000000000000000e+01 4.100000000000000000e+01 2.007016762037598934e+00 1.215406967324911269e-01
3.400000000000000000e+01 4.100000000000000000e+01 2.083230419436653769e+00 1.163456444602597728e-01
3.400000000000000000e+01 4.000000000000000000e+01 2.402759277828331097e+00 1.224242457578172127e-01
3.000000000000000000e+01 3.800000000000000000e+01 1.813980017839192715e+00 1.223040378024688318e-01
2.900000000000000000e+01 3.700000000000000000e+01 1.855851199579752420e+00 1.189376588983752647e-01
2.900000000000000000e+01 3.600000000000000000e+01 1.877051467658531259e+00 1.253107026999971119e-01
3.100000000000000000e+01 3.600000000000000000e+01 1.877981690968024475e+00 1.360249908614081793e-01
3.200000000000000000e+01 3.700000000000000000e+01 2.162379948593876833e+00 1.361858882863372089e-01
3.300000000000000000e+01 3.700000000000000000e+01 2.206472559981917492e+00 1.481244702396946333e-01
3.000000000000000000e+01 3.300000000000000000e+01 1.813641399157072565e+00 1.195170142245419870e-01
2.600000000000000000e+01 3.000000000000000000e+01 1.132624450920753700e+00 9.504267415520160911e-02
2.500000000000000000e+01 2.700000000000000000e+01 1.053213527435322261e+00 7.206473061355712917e-02
2.500000000000000000e+01 2.500000000000000000e+01 1.230837188934599480e+00 5.392097311032836848e-02
2.400000000000000000e+01 2.400000000000000000e+01 1.209151387688714996e+00 4.490251647434027188e-02
2.300000000000000000e+01 2.600000000000000000e+01 1.182497626340136998e+00 4.078489608967541397e-02
2.400000000000000000e+01 2.700000000000000000e+01 1.106618108006219403e+00 4.810259464928520051e-02
2.300000000000000000e+01 2.800000000000000000e+01 1.070231355905611359e+00 5.657012952362246855e-02
2.800000000000000000e+01 2.800000000000000000e+01 1.247169087043769498e+00 3.493112998938803504e-02
2.700000000000000000e+01 2.800000000000000000e+01 1.201795301519988701e+00 4.136942478848453647e-02
2.600000000000000000e+01 2.800000000000000000e+01 1.130119211074750663e+00 4.887035132073688087e-02
2.700000000000000000e+01 2.900000000000000000e+01 1.077727937141299330e+00 5.762603926941158028e-02
2.800000000000000000e+01 3.400000000000000000e+01 1.022521023049828059e+00 6.794942296398699677e-02
2.800000000000000000e+01 3.300000000000000000e+01 1.203966964475956969e+00 6.752617133112509551e-02
2.600000000000000000e+01 3.400000000000000000e+01 9.718225036874016398e-01 7.918362168350946695e-02
2.600000000000000000e+01 3.300000000000000000e+01 1.149389901727307040e+00 8.043132489660902162e-02
2.600000000000000000e+01 3.100000000000000000e+01 1.347509171807700579e+00 6.955748739999126351e-02
2.500000000000000000e+01 3.100000000000000000e+01 1.326857630812548816e+00 8.139107783891035008e-02
2.500000000000000000e+01 2.800000000000000000e+01 1.543534186485190141e+00 6.343764537817264682e-02
2.400000000000000000e+01 2.700000000000000000e+01 1.324042635577210580e+00 6.205391131237465718e-02
2.400000000000000000e+01 2.800000000000000000e+01 1.296259235397204668e+00 5.878803306896821651e-02
2.700000000000000000e+01 3.100000000000000000e+01 1.504907599031404697e+00 5.520689125328224339e-02
2.500000000000000000e+01 3.200000000000000000e+01 1.275299266774353013e+00 5.444309093523651277e-02
2.400000000000000000e+01 3.200000000000000000e+01 1.235968145165390109e+00 5.195432134704806859e-02
2.500000000000000000e+01 3.400000000000000000e+01 1.170336108059513602e+00 6.130320981323104934e-02
2.800000000000000000e+01 3.400000000000000000e+01 1.362246807637533141e+00 6.156867448978056712e-02
2.700000000000000000e+01 3.400000000000000000e+01 1.354417859589275297e+00 7.233885875897408391e-02
2.700000000000000000e+01 3.500000000000000000e+01 1.125040421798749524e+00 8.479152334501427468e-02
2.800000000000000000e+01 3.600000000000000000e+01 1.085151113976548842e+00 7.659617940544924397e-02
2.800000000000000000e+01 3.600000000000000000e+01 9.956493295464581283e-01 6.706435938878022029e-02
2.700000000000000000e+01 3.600000000000000000e+01 9.241811678818206977e-01 6.477183953800336180e-02
2.600000000000000000e+01 3.500000000000000000e+01 8.273052788555272929e-01 6.552997855073852684e-02
2.600000000000000000e+01 3.500000000000000000e+01 9.898143140107663607e-01 6.311694061023635782e-02
2.600000000000000000e+01 3.500000000000000000e+01 1.172829804570165058e+00 7.426713652804743659e-02
3.100000000000000000e+01 4.000000000000000000e+01 1.377383943222155294e+00 8.737952845815921687e-02
3.100000000000000000e+01 3.900000000000000000e+01 1.601136517912017165e+00 8.126444219096770616e-02
3.300000000000000000e+01 3.900000000000000000e+01 1.844417801003944035e+00 7.260881271193606046e-02
3.200000000000000000e+01 3.900000000000000000e+01 1.865968750358721451e+00 7.466812252315779830e-02
2.900000000000000000e+01 3.900000000000000000e+01 1.425859227082650227e+00 6.655947319273318452e-02
2.900000000000000000e+01 3.800000000000000000e+01 1.391346974486374233e+00 6.601133175100185047e-02
2.800000000000000000e+01 3.800000000000000000e+01 1.328175404039375396e+00 7.751011038760299843e-02
2.700000000000000000e+01 3.700000000000000000e+01 1.237955807133860553e+00 8.024450715206679630e-02
2.700000000000000000e+01 3.300000000000000000e+01 1.187905956260840723e+00 5.183507592746824238e-02
2.700000000000000000e+01 3.300000000000000000e+01 8.732536969934923121e-01 6.106836305307145746e-02
2.700000000000000000e+01 3.100000000000000000e+01 1.035152469258134644e+00 4.742322512819429486e-02
2.600000000000000000e+01 3.100000000000000000e+01 9.361368596819783505e-01 5.623169568044331101e-02
3.100000000000000000e+01 4.000000000000000000e+01 1.123558840176362761e+00 6.695506106251557232e-02
3.100000000000000000e+01 4.000000000000000000e+01 1.335220721975791225e+00 7.899962630371648586e-02
3.100000000000000000e+01 4.000000000000000000e+01 1.572484604889977433e+00 9.295130333309725712e-02
3.200000000000000000e+01 4.400000000000000000e+01 1.618844613325324477e+00 1.092434144855816969e-01
3.200000000000000000e+01 4.400000000000000000e+01 1.667962030825681730e+00 1.173221859635260322e-01
3.200000000000000000e+01 4.000000000000000000e+01 1.936023151451785829e+00 9.336669311775572244e-02
3.200000000000000000e+01 4.000000000000000000e+01 1.988554952636886641e+00 8.676742393333812531e-02
3.600000000000000000e+01 4.500000000000000000e+01 2.020163491322222171e+00 8.984883305734493730e-02
3.600000000000000000e+01 4.500000000000000000e+01 2.029409696083848136e+00 8.429750321775485167e-02
3.300000000000000000e+01 4.400000000000000000e+01 1.647983115156592016e+00 8.491285641160134512e-02
3.200000000000000000e+01 4.700000000000000000e+01 1.392597239837220835e+00 9.969416697993443988e-02
3.200000000000000000e+01 4.600000000000000000e+01 1.396711659840341291e+00 1.026877933845031232e-01
3.200000000000000000e+01 4.700000000000000000e+01 1.181660180539186644e+00 9.755104457357419157e-02
3.100000000000000000e+01 4.500000000000000000e+01 1.113769445143875103e+00 9.142092937723952928e-02
3.000000000000000000e+01 4.600000000000000000e+01 1.065949547653979979e+00 9.314344378571408345e-02
3.100000000000000000e+01 4.800000000000000000e+01 1.255819260408046478e+00 9.521618607989841554e-02
3.100000000000000000e+01 4.700000000000000000e+01 1.466271275623510784e+00 9.749571722863160927e-02
3.100000000000000000e+01 4.600000000000000000e+01 1.697456300129189355e+00 1.019057273271860714e-01
3.000000000000000000e+01 4.800000000000000000e+01 1.298675730689979213e+00 9.820014387882104734e-02
2.800000000000000000e+01 4.700000000000000000e+01 1.025191236035346565e+00 1.025217523889200844e-01
2.800000000000000000e+01 4.600000000000000000e+01 9.899131288711696675e-01 8.316524612692928475e-02
2.700000000000000000e+01 4.700000000000000000e+01 9.319695356580512957e-01 8.154891793240379161e-02
2.700000000000000000e+01 4.600000000000000000e+01 1.114514204211609183e+00 7.126270086912527002e-02
2.700000000000000000e+01 4.800000000000000000e+01 1.105088754497954850e+00 7.015011812477936481e-02
2.700000000000000000e+01 4.700000000000000000e+01 1.315884543492569003e+00 6.893906211483503965e-02
2.700000000000000000e+01 4.700000000000000000e+01 1.553146394311695211e+00 8.164269673639990010e-02
2.600000000000000000e+01 4.800000000000000000e+01 1.600257888701881903e+00 9.648899502816950247e-02
2.500000000000000000e+01 5.000000000000000000e+01 1.651727999574609029e+00 1.137677909697544648e-01
2.500000000000000000e+01 5.200000000000000000e+01 1.685015763560844260e+00 1.337427918713026687e-01
2.500000000000000000e+01 5.300000000000000000e+01 1.960952575272406184e+00 1.566886392439436060e-01
2.400000000000000000e+01 4.900000000000000000e+01 2.044942073882743738e+00 1.200390873006967479e-01
2.200000000000000000e+01 5.000000000000000000e+01 1.629568376261629092e+00 1.285449694200178072e-01
2.100000000000000000e+01 5.000000000000000000e+01 1.626246639965403862e+00 1.364915734219094012e-01
2.300000000000000000e+01 4.700000000000000000e+01 1.667896780137281043e+00 1.226318672771023049e-01
2.300000000000000000e+01 4.400000000000000000e+01 1.924265627943365198e+00 1.088473716489978260e-01
2.200000000000000000e+01 4.400000000000000000e+01 1.937992515505364111e+00 1.276427267629865470e-01
2.200000000000000000e+01 4.400000000000000000e+01 1.946939117432674449e+00 1.387669518439690608e-01
1.900000000000000000e+01 4.000000000000000000e+01 1.559434823074873133e+00 1.182732079499174693e-01
1.900000000000000000e+01 3.900000000000000000e+01 1.268693732639373017e+00 1.050891907887774035e-01
2.000000000000000000e+01 3.900000000000000000e+01 1.184955993523113538e+00 1.089895058912575404e-01
2.100000000000000000e+01 3.900000000000000000e+01 1.351851163914675080e+00 9.063680776281286822e-02
2.000000000000000000e+01 3.800000000000000000e+01 1.246075222390900850e+00 9.416320180508186422e-02
2.000000000000000000e+01 3.700000000000000000e+01 9.337998885927655257e-01 8.936573027439756456e-02
2.000000000000000000e+01 3.700000000000000000e+01 8.035358394132061655e-01 9.270878983141975227e-02
1.900000000000000000e+01 3.700000000000000000e+01 6.604804243978984468e-01 9.814957505019356043e-02
1.800000000000000000e+01 3.600000000000000000e+01 5.493729604535834143e-01 9.226927008350331583e-02
1.800000000000000000e+01 3.700000000000000000e+01 6.423667232635424940e-01 9.600747609863184706e-02
1.800000000000000000e+01 3.600000000000000000e+01 7.447666110736733680e-01 9.843223960264482764e-02
1.900000000000000000e+01 3.700000000000000000e+01 6.400375088896796960e-01 9.423377357669038279e-02
1.800000000000000000e+01 3.600000000000000000e+01 4.997893425598897710e-01 9.806163195036882163e-02
1.800000000000000000e+01 3.400000000000000000e+01 5.864652397644176673e-01 9.014501671089514279e-02
1.800000000000000000e+01 3.600000000000000000e+01 4.447292543699853384e-01 9.500136839307873893e-02
1.900000000000000000e+01 3.400000000000000000e+01 5.316841416539964671e-01 8.649375283190706420e-02
2.100000000000000000e+01 3.500000000000000000e+01 4.148961129309731710e-01 7.682455812562402619e-02
2.100000000000000000e+01 3.400000000000000000e+01 5.061108511281580125e-01 7.782945116409022146e-02
2.100000000000000000e+01 3.400000000000000000e+01 6.123696704213292819e-01 7.726709027045891576e-02
2.200000000000000000e+01 3.400000000000000000e+01 7.350681465370066947e-01 8.001912741168176746e-02
2.200000000000000000e+01 3.400000000000000000e+01 8.748350021845028301e-01 8.312202131352346146e-02
2.100000000000000000e+01 3.400000000000000000e+01 8.156160743443717775e-01 8.502022801079661685e-02
2.600000000000000000e+01 3.800000000000000000e+01 9.706217169589624882e-01 7.688321851737149604e-02
2.800000000000000000e+01 4.200000000000000000e+01 1.144224087956948299e+00 6.568927863577052328e-02
2.800000000000000000e+01 4.200000000000000000e+01 1.336686815006981499e+00 5.440915421972926380e-02
2.900000000000000000e+01 4.200000000000000000e+01 1.548370740943331381e+00 4.145273799396450437e-02
2.700000000000000000e+01 4.200000000000000000e+01 1.300004805919812823e+00 4.911809823268641073e-02
2.600000000000000000e+01 4.200000000000000000e+01 1.264420067848169627e+00 5.805694280167023741e-02
2.500000000000000000e+01 4.200000000000000000e+01 1.202093094523675632e+00 6.844305693376269428e-02
2.600000000000000000e+01 4.200000000000000000e+01 1.396876781310860904e+00 7.001507595443287602e-02
2.500000000000000000e+01 4.300000000000000000e+01 1.369188856666886389e+00 8.235585436824006955e-02
2.400000000000000000e+01 4.200000000000000000e+01 1.357836380490068384e+00 8.603536526006935747e-02
2.200000000000000000e+01 4.100000000000000000e+01 1.100450842140302976e+00 9.023342491751881744e-02
2.200000000000000000e+01 3.800000000000000000e+01 1.269877403625965462e+00 7.066695991041267721e-02
2.200000000000000000e+01 3.900000000000000000e+01 9.541735728392518601e-01 8.308504847393424764e-02
2.300000000000000000e+01 3.700000000000000000e+01 1.110524308392218718e+00 7.301607930379569456e-02
2.300000000000000000e+01 3.700000000000000000e+01 1.044053319404993463e+00 7.542049074995132996e-02
2.200000000000000000e+01 3.600000000000000000e+01 9.500923646159160629e-01 7.818242943948412738e-02
2.100000000000000000e+01 3.600000000000000000e+01 8.522543741578666454e-01 9.189806667559416442e-02
2.300000000000000000e+01 3.500000000000000000e+01 1.013574968413170740e+00 8.518084499131411969e-02
2.400000000000000000e+01 3.700000000000000000e+01 1.194936601643418417e+00 8.807650463727773049e-02
2.200000000000000000e+01 3.700000000000000000e+01 9.627014092291737990e-01 9.296352581866397513e-02
2.200000000000000000e+01 3.600000000000000000e+01 1.140291830909484272e+00 9.696659812304792014e-02
2.400000000000000000e+01 3.600000000000000000e+01 1.338888855007250633e+00 9.990464103090834769e-02
2.500000000000000000e+01 3.400000000000000000e+01 1.557793449375830752e+00 9.617982839759400826e-02
2.500000000000000000e+01 3.500000000000000000e+01 1.340481515178070460e+00 1.129102917553492097e-01
2.300000000000000000e+01 3.400000000000000000e+01 1.119471952128853864e+00 1.078049823721709960e-01
2.200000000000000000e+01 3.300000000000000000e+01 1.066439145694030755e+00 1.141583301808723611e-01
2.200000000000000000e+01 3.300000000000000000e+01 1.247702621846733306e+00 1.197232121034061958e-01
2.100000000000000000e+01 3.200000000000000000e+01 1.228505080773070413e+00 1.278284888145611586e-01
2.300000000000000000e+01 3.300000000000000000e+01 1.419712496889680153e+00 1.371228236722268623e-01
2.300000000000000000e+01 3.500000000000000000e+01 1.624657508199637057e+00 1.476608143577451127e-01
2.200000000000000000e+01 3.300000000000000000e+01 1.408538955662311798e+00 1.279345247494537707e-01
2.200000000000000000e+01 2.800000000000000000e+01 1.376026737094109498e+00 8.060497064935082112e-02
2.000000000000000000e+01 2.500000000000000000e+01 1.025490499602165206e+00 5.889471675399027273e-02
1.900000000000000000e+01 2.300000000000000000e+01 6.646947395231583844e-01 4.409982097392276673e-02
1.800000000000000000e+01 2.200000000000000000e+01 4.887588288157873606e-01 3.931293460823739178e-02
1.800000000000000000e+01 2.100000000000000000e+01 5.876535149466975971e-01 3.008524184775360905e-02
1.900000000000000000e+01 2.200000000000000000e+01 7.011859079472064771e-01 3.548403533427349488e-02
1.900000000000000000e+01 2.100000000000000000e+01 8.298036661829936156e-01 3.118295187522532666e-02
1.800000000000000000e+01 2.200000000000000000e+01 7.349864386550872819e-01 3.679601599444048965e-02
1.800000000000000000e+01 2.100000000000000000e+01 8.736191028271502734e-01 3.117002566001028305e-02
1.800000000000000000e+01 2.100000000000000000e+01 1.029149950906856681e+00 3.685617450300632258e-02
1.900000000000000000e+01 2.100000000000000000e+01 1.201914442670502625e+00 4.346710086681430940e-02
1.800000000000000000e+01 2.000000000000000000e+01 1.174372362815310433e+00 4.062506478736660487e-02
1.800000000000000000e+01 2.200000000000000000e+01 1.118736424898124193e+00 4.797902927247404276e-02
1.600000000000000000e+01 2.200000000000000000e+01 8.396468292173910886e-01 5.639310562234757518e-02
1.600000000000000000e+01 2.100000000000000000e+01 9.879711899299170597e-01 5.400980878754770009e-02
1.600000000000000000e+01 2.200000000000000000e+01 1.151839503898865136e+00 6.342535579511278387e-02
1.500000000000000000e+01 2.100000000000000000e+01 1.113787843600944072e+00 6.369955693763557081e-02
1.700000000000000000e+01 2.700000000000000000e+01 1.045992004381481655e+00 5.384337165138911724e-02
1.800000000000000000e+01 2.500000000000000000e+01 1.208548330200970078e+00 4.047239823810974690e-02
1.900000000000000000e+01 2.600000000000000000e+01 1.122922789841066749e+00 4.774011090816070169e-02
2.000000000000000000e+01 2.700000000000000000e+01 8.554791702517471341e-01 5.614742028751692343e-02
2.100000000000000000e+01 2.700000000000000000e+01 9.887252395784010828e-01 5.375495250952996157e-02
1.900000000000000000e+01 2.900000000000000000e+01 6.765486924729851026e-01 6.315815343381935010e-02
1.900000000000000000e+01 2.700000000000000000e+01 7.866047049649331768e-01 5.128808046643233004e-02
1.800000000000000000e+01 2.800000000000000000e+01 6.455859663958561923e-01 6.024463829779458379e-02
1.800000000000000000e+01 2.700000000000000000e+01 7.543147646919781124e-01 5.998989737893561935e-02
2.000000000000000000e+01 2.900000000000000000e+01 8.736278320261762209e-01 7.022679105363412166e-02
2.000000000000000000e+01 2.800000000000000000e+01 1.002318932806640195e+00 6.087905233031094820e-02
1.900000000000000000e+01 2.900000000000000000e+01 9.008229227842492470e-01 5.007061388703966387e-02
1.700000000000000000e+01 2.900000000000000000e+01 5.466358304266087931e-01 4.791296883441760468e-02
1.700000000000000000e+01 2.700000000000000000e+01 6.353044542925235794e-01 3.145560500362498679e-02
1.800000000000000000e+01 2.600000000000000000e+01 7.333142797342550034e-01 2.306646487227898001e-02
1.700000000000000000e+01 2.700000000000000000e+01 5.792736941675721285e-01 2.745029207843676863e-02
1.600000000000000000e+01 3.000000000000000000e+01 4.356866600655880939e-01 3.268664666655935608e-02
1.800000000000000000e+01 3.200000000000000000e+01 5.209718385647438277e-01 3.875953630994498356e-02
1.700000000000000000e+01 3.200000000000000000e+01 4.015745080907350828e-01 4.573631221393643920e-02
2.000000000000000000e+01 3.200000000000000000e+01 4.912447165372185731e-01 4.180416866225656475e-02
2.400000000000000000e+01 3.300000000000000000e+01 5.964428446953109475e-01 3.902088402676921058e-02
2.400000000000000000e+01 3.300000000000000000e+01 7.175490619919187019e-01 4.632300298083552592e-02
2.500000000000000000e+01 3.300000000000000000e+01 8.566220933763699641e-01 5.486050410106685371e-02
2.400000000000000000e+01 3.300000000000000000e+01 7.972667883000718048e-01 6.480697152202986866e-02
2.400000000000000000e+01 3.300000000000000000e+01 9.519090446920104309e-01 7.635145822238499635e-02
2.400000000000000000e+01 3.200000000000000000e+01 9.095982775470570214e-01 7.919850725112344281e-02
2.600000000000000000e+01 3.100000000000000000e+01 1.082136850652720472e+00 8.090641109726506852e-02
2.800000000000000000e+01 3.700000000000000000e+01 1.274558055514775523e+00 9.530148386850449682e-02
2.800000000000000000e+01 3.700000000000000000e+01 1.485851689635744544e+00 1.011279089525865399e-01
2.900000000000000000e+01 3.900000000000000000e+01 1.715460002583562904e+00 1.182945057589177840e-01
2.900000000000000000e+01 3.400000000000000000e+01 1.744743540377571067e+00 8.531328235819984895e-02
2.800000000000000000e+01 3.200000000000000000e+01 1.744036506738131820e+00 7.544513036089889324e-02
2.800000000000000000e+01 3.200000000000000000e+01 1.517800697644266394e+00 7.445119484395502918e-02
2.600000000000000000e+01 3.200000000000000000e+01 9.984827862039934443e-01 7.512960416859830459e-02
2.500000000000000000e+01 3.100000000000000000e+01 6.416598778733584307e-01 7.744259891802279805e-02
2.800000000000000000e+01 3.500000000000000000e+01 7.550495036198724419e-01 6.650177837692786142e-02
2.800000000000000000e+01 3.800000000000000000e+01 6.214022149900332304e-01 7.817160981379410456e-02
3.600000000000000000e+01 4.000000000000000000e+01 7.449637850294965613e-01 7.775863381867394175e-02
3.700000000000000000e+01 3.900000000000000000e+01 8.853664321568393003e-01 7.896224412005797832e-02
3.600000000000000000e+01 3.800000000000000000e+01 8.280018860081566068e-01 8.192166779906602525e-02
3.600000000000000000e+01 3.700000000000000000e+01 7.469277114675885176e-01 8.525340192925487393e-02
3.600000000000000000e+01 3.500000000000000000e+01 9.050421609780459065e-01 7.514631597828232146e-02
3.700000000000000000e+01 3.400000000000000000e+01 1.087325866050645518e+00 6.532102831472112736e-02
3.800000000000000000e+01 3.500000000000000000e+01 1.294861273347819974e+00 6.278494041259667646e-02
3.900000000000000000e+01 3.700000000000000000e+01 1.311729148351342467e+00 7.381243732312332828e-02
3.900000000000000000e+01 3.600000000000000000e+01 1.549391854167128324e+00 7.590647125223752567e-02
4.000000000000000000e+01 3.600000000000000000e+01 1.813935344592436438e+00 6.785410241807082743e-02
3.900000000000000000e+01 3.400000000000000000e+01 1.887908465958729520e+00 5.683550720951295598e-02
4.300000000000000000e+01 4.000000000000000000e+01 1.944451997227513607e+00 6.704350722788458838e-02
4.200000000000000000e+01 4.300000000000000000e+01 1.809388641035573952e+00 6.488956070894323636e-02
3.900000000000000000e+01 4.200000000000000000e+01 1.415986924910218825e+00 6.567451027873034974e-02
3.800000000000000000e+01 4.100000000000000000e+01 1.415694592879379599e+00 6.325506970655836447e-02
3.600000000000000000e+01 4.400000000000000000e+01 1.181341039142235649e+00 7.461086617552901978e-02
3.700000000000000000e+01 4.400000000000000000e+01 1.410327852613456612e+00 7.187081659527277955e-02
3.700000000000000000e+01 4.400000000000000000e+01 1.669917705991156076e+00 8.470877699148432471e-02
3.600000000000000000e+01 4.500000000000000000e+01 1.744643506813672751e+00 9.960859762694460051e-02
3.500000000000000000e+01 4.600000000000000000e+01 1.830119025419261414e+00 1.167763981947344959e-01
3.300000000000000000e+01 4.300000000000000000e+01 1.687783981883013595e+00 1.049258788738070963e-01
3.200000000000000000e+01 4.100000000000000000e+01 1.752353151398435838e+00 1.000488455025415196e-01
3.300000000000000000e+01 3.900000000000000000e+01 1.852683152230117924e+00 9.261240912845324080e-02
3.200000000000000000e+01 3.800000000000000000e+01 1.965895914396972088e+00 9.264075472951180390e-02
3.200000000000000000e+01 3.700000000000000000e+01 2.308843989842928490e+00 9.479279001604057342e-02
3.200000000000000000e+01 3.600000000000000000e+01 2.469091555262583615e+00 1.007095811051789414e-01
3.200000000000000000e+01 3.800000000000000000e+01 2.617020459206048866e+00 1.076353433120931374e-01
3.300000000000000000e+01 3.900000000000000000e+01 2.773026479569039804e+00 1.259407360157377698e-01
3.100000000000000000e+01 3.600000000000000000e+01 2.717109444760401615e+00 1.153294925814827704e-01
2.800000000000000000e+01 3.400000000000000000e+01 2.402223053181323564e+00 1.117876548280997279e-01
2.500000000000000000e+01 3.000000000000000000e+01 1.870801816475998969e+00 8.319472497234262076e-02
2.400000000000000000e+01 2.800000000000000000e+01 1.659734909181297180e+00 6.930027873966786156e-02
2.500000000000000000e+01 3.200000000000000000e+01 1.640647398700000092e+00 6.584161693230100587e-02
2.500000000000000000e+01 3.300000000000000000e+01 1.379804934243166858e+00 7.771677626766020086e-02
2.400000000000000000e+01 3.300000000000000000e+01 1.310251253763159429e+00 9.141880573142274757e-02
2.400000000000000000e+01 3.400000000000000000e+01 1.303589642977377894e+00 1.072658346101628829e-01
2.400000000000000000e+01 3.600000000000000000e+01 1.291771762965479464e+00 1.134796645372530555e-01
2.300000000000000000e+01 3.500000000000000000e+01 1.273211724184032168e+00 1.099566284756297030e-01
2.400000000000000000e+01 3.500000000000000000e+01 1.463839868883838546e+00 1.024829155283926846e-01
2.200000000000000000e+01 3.500000000000000000e+01 1.188885378520383451e+00 1.196960292960063954e-01
2.300000000000000000e+01 3.400000000000000000e+01 1.360099211692028964e+00 1.272455173321671296e-01
2.100000000000000000e+01 3.200000000000000000e+01 8.913975510637225375e-01 1.129718018768417764e-01
2.000000000000000000e+01 2.700000000000000000e+01 7.995473488627334868e-01 7.383612655125681989e-02
1.900000000000000000e+01 2.500000000000000000e+01 6.508098052075633744e-01 5.993085819597144398e-02
1.800000000000000000e+01 2.500000000000000000e+01 4.692347821103999839e-01 6.984670062327054396e-02
1.900000000000000000e+01 2.400000000000000000e+01 5.617334071520142524e-01 5.490502373450652923e-02
1.800000000000000000e+01 2.300000000000000000e+01 4.506839453766159354e-01 5.191126715522111773e-02
1.800000000000000000e+01 2.500000000000000000e+01 5.489275184508725092e-01 4.681252641331756087e-02
1.800000000000000000e+01 2.400000000000000000e+01 6.629780579013293540e-01 4.085269909301872393e-02
2.000000000000000000e+01 2.500000000000000000e+01 7.943732369480800415e-01 3.593994831740234680e-02
