0.000000000000000000e+00 0.000000000000000000e+00 0.000000000000000000e+00 0.000000000000000000e+00
7.000000000000000000e+00 3.000000000000000000e+00 1.527604590227906161e-03 1.483979287006062541e-04
2.500000000000000000e+01 1.800000000000000000e+01 5.976340016169672496e-03 9.224892277995360400e-04
3.900000000000000000e+01 5.000000000000000000e+01 1.106537964820376342e-02 2.704860653135532107e-03
4.900000000000000000e+01 9.800000000000000000e+01 1.700288169926575388e-02 5.663636761831724112e-03
4.900000000000000000e+01 1.070000000000000000e+02 2.275193462317464180e-02 7.331334123726634955e-03
5.300000000000000000e+01 1.180000000000000000e+02 3.127631826930128700e-02 9.454240238450690656e-03
5.600000000000000000e+01 1.370000000000000000e+02 4.238954278017156158e-02 1.242506589888899698e-02
5.800000000000000000e+01 1.490000000000000000e+02 5.690604838896119733e-02 1.568155475759546585e-02
6.400000000000000000e+01 1.870000000000000000e+02 7.696928792637598715e-02 2.091243909839946707e-02
6.800000000000000000e+01 2.430000000000000000e+02 1.029919651017863341e-01 2.814169494117530965e-02
6.900000000000000000e+01 2.920000000000000000e+02 1.365246887482106652e-01 3.655391042200952650e-02
6.900000000000000000e+01 3.410000000000000000e+02 1.801626167350732222e-01 4.673535536390154010e-02
7.000000000000000000e+01 4.100000000000000000e+02 2.371811402455612783e-01 6.003632397206874055e-02
7.000000000000000000e+01 4.510000000000000000e+02 3.108009215231511413e-01 7.472747092116961698e-02
7.000000000000000000e+01 4.580000000000000000e+02 4.055662299776655599e-01 9.077153823549183320e-02
7.000000000000000000e+01 4.700000000000000000e+02 5.267468218349996567e-01 1.103353951805696731e-01
7.000000000000000000e+01 4.820000000000000000e+02 6.805686053227721910e-01 1.338602709183651374e-01
7.000000000000000000e+01 4.880000000000000000e+02 8.742368633015464852e-01 1.618088805010475528e-01
7.400000000000000000e+01 6.140000000000000000e+02 1.116765204275877110e+00 2.012416594017651106e-01
7.400000000000000000e+01 6.140000000000000000e+02 1.415646725039062526e+00 2.423037743188770909e-01
7.800000000000000000e+01 6.620000000000000000e+02 1.781925335846268554e+00 2.937270841786545628e-01
7.800000000000000000e+01 7.150000000000000000e+02 2.223864017690465378e+00 3.553314464315854848e-01
7.800000000000000000e+01 7.220000000000000000e+02 2.751545647715435194e+00 4.264121442284753982e-01
7.800000000000000000e+01 7.280000000000000000e+02 3.373506306021934353e+00 5.107476361104837936e-01
8.000000000000000000e+01 7.480000000000000000e+02 4.097157716320674048e+00 6.113086624002678215e-01
8.000000000000000000e+01 7.480000000000000000e+02 4.926520559890708917e+00 7.291071061784943907e-01
8.300000000000000000e+01 7.750000000000000000e+02 5.864501637882206353e+00 8.691593933357262269e-01
8.400000000000000000e+01 7.860000000000000000e+02 6.908881286908943764e+00 1.032843747813424251e+00
8.800000000000000000e+01 7.970000000000000000e+02 8.055810746576913317e+00 1.224422220148549290e+00
9.100000000000000000e+01 8.010000000000000000e+02 9.296332228195531400e+00 1.447539385447510041e+00
9.200000000000000000e+01 8.180000000000000000e+02 9.751699367266647656e+00 1.697032024643124526e+00
8.600000000000000000e+01 8.110000000000000000e+02 9.056234516685128355e+00 1.889193323075372577e+00
9.100000000000000000e+01 9.620000000000000000e+02 7.237635131790264964e+00 2.009803021300158310e+00
7.900000000000000000e+01 9.530000000000000000e+02 5.079571307611284503e+00 2.004275508461994981e+00
7.500000000000000000e+01 9.540000000000000000e+02 4.731266169377603248e+00 2.066666984208773261e+00
7.300000000000000000e+01 9.530000000000000000e+02 4.521777556813604271e+00 2.197721861016381784e+00
6.800000000000000000e+01 9.360000000000000000e+02 3.733805780191090218e+00 2.372595011206361182e+00
6.500000000000000000e+01 9.230000000000000000e+02 3.404050073220460160e+00 2.592143843487408894e+00
6.600000000000000000e+01 9.140000000000000000e+02 2.882125959217887168e+00 2.716206265889845817e+00
6.800000000000000000e+01 9.370000000000000000e+02 2.555251852903092313e+00 2.692682672701679270e+00
6.400000000000000000e+01 9.100000000000000000e+02 1.553960218192095288e+00 2.651447937437183100e+00
6.400000000000000000e+01 8.790000000000000000e+02 1.555381611001350306e+00 2.529949886377377499e+00
6.400000000000000000e+01 8.500000000000000000e+02 1.195958575409467706e+00 2.289028023883133756e+00
6.400000000000000000e+01 8.240000000000000000e+02 1.195389430362665317e+00 2.068094525200196987e+00
6.400000000000000000e+01 8.060000000000000000e+02 1.448439710678823822e+00 2.023962061817593305e+00
6.500000000000000000e+01 7.960000000000000000e+02 1.742266424696366389e+00 2.084772879289631398e+00
7.000000000000000000e+01 7.930000000000000000e+02 2.081359901171181637e+00 2.211766092280816665e+00
7.700000000000000000e+01 8.340000000000000000e+02 2.469343158477094402e+00 2.424705965009563258e+00
7.500000000000000000e+01 7.690000000000000000e+02 2.474243991969219625e+00 2.065734323016692464e+00
7.500000000000000000e+01 7.750000000000000000e+02 2.685003475754266677e+00 1.982235712064226218e+00
7.500000000000000000e+01 7.660000000000000000e+02 2.738757312435537994e+00 1.804083022781872048e+00
7.300000000000000000e+01 7.310000000000000000e+02 2.722871162554577840e+00 1.555959532369788789e+00
8.100000000000000000e+01 8.180000000000000000e+02 2.994160702845241939e+00 1.470510217015992271e+00
8.100000000000000000e+01 8.020000000000000000e+02 3.575479891579199432e+00 1.481904603397158571e+00
8.600000000000000000e+01 8.550000000000000000e+02 4.015479481546291751e+00 1.504264426560228962e+00
8.700000000000000000e+01 8.600000000000000000e+02 4.724299338066627385e+00 1.618902815861713140e+00
8.500000000000000000e+01 8.500000000000000000e+02 4.811666322514459360e+00 1.693283272960386165e+00
8.700000000000000000e+01 8.710000000000000000e+02 5.599431270789766657e+00 1.790916296534448060e+00
8.600000000000000000e+01 1.017000000000000000e+03 5.737301416192928549e+00 1.959917463584489816e+00
