0.000000000000000000e+00 0.000000000000000000e+00 0.000000000000000000e+00 0.000000000000000000e+00
1.000000000000000000e+00 1.000000000000000000e+00 2.182292271754151852e-04 4.946597623353541804e-05
4.000000000000000000e+00 2.000000000000000000e+00 9.472896710994170620e-04 1.096325043323701876e-04
4.000000000000000000e+00 3.000000000000000000e+00 1.269710919495350152e-03 1.827830017256630709e-04
5.000000000000000000e+00 5.000000000000000000e+00 1.918211573720373687e-03 3.211434921458416287e-04
5.000000000000000000e+00 5.000000000000000000e+00 2.565751689463686459e-03 3.903491876095113809e-04
5.000000000000000000e+00 5.000000000000000000e+00 3.426997605848901198e-03 4.742335023594975991e-04
6.000000000000000000e+00 6.000000000000000000e+00 4.788077316667097016e-03 6.252964799696599484e-04
7.000000000000000000e+00 7.000000000000000000e+00 6.593215676698326207e-03 8.084074243902873713e-04
1.300000000000000000e+01 8.000000000000000000e+00 1.007203201961206877e-02 1.030195306513778143e-03
1.400000000000000000e+01 8.000000000000000000e+00 1.359245577843311986e-02 1.249138076949354338e-03
1.400000000000000000e+01 1.000000000000000000e+01 1.800827650703460195e-02 1.612434526603771486e-03
1.500000000000000000e+01 1.100000000000000000e+01 2.401151596531863816e-02 2.002144705621316991e-03
1.500000000000000000e+01 1.300000000000000000e+01 3.163193476444944169e-02 2.521810580905767263e-03
1.600000000000000000e+01 1.400000000000000000e+01 4.174488756143579504e-02 3.099144159830015399e-03
1.900000000000000000e+01 1.800000000000000000e+01 5.525258115919060714e-02 3.942476400557198835e-03
1.900000000000000000e+01 1.800000000000000000e+01 7.197921259949016659e-02 4.760423463258187625e-03
2.000000000000000000e+01 2.000000000000000000e+01 9.354654832112194174e-02 5.840647782332630128e-03
2.100000000000000000e+01 2.000000000000000000e+01 1.208938266587241128e-01 7.037298947601948289e-03
2.100000000000000000e+01 2.000000000000000000e+01 1.550861119372953512e-01 8.468208086340519442e-03
3.300000000000000000e+01 2.300000000000000000e+01 2.003522479924657596e-01 1.032425464530415879e-02
3.800000000000000000e+01 2.500000000000000000e+01 2.550537338770959561e-01 1.248885372636121711e-02
3.900000000000000000e+01 2.600000000000000000e+01 3.213839071828213378e-01 1.501479430545256052e-02
3.900000000000000000e+01 2.600000000000000000e+01 4.017898172123443579e-01 1.796224616399889548e-02
4.000000000000000000e+01 2.600000000000000000e+01 4.987512177583762751e-01 2.144878969057332010e-02
4.000000000000000000e+01 2.600000000000000000e+01 6.140518548612732275e-01 2.556165423752817731e-02
4.000000000000000000e+01 2.700000000000000000e+01 7.499956808539370856e-01 3.044855989635030305e-02
4.000000000000000000e+01 2.700000000000000000e+01 9.086556719908009949e-01 3.613115776968290477e-02
4.000000000000000000e+01 2.700000000000000000e+01 1.091979726859448885e+00 4.277244220239603129e-02
4.000000000000000000e+01 2.700000000000000000e+01 1.301740360435329480e+00 5.050711057192190656e-02
4.200000000000000000e+01 2.900000000000000000e+01 1.539930192915833773e+00 5.958109842781746102e-02
4.100000000000000000e+01 3.000000000000000000e+01 1.590157722368019888e+00 7.002634155014170192e-02
3.900000000000000000e+01 2.900000000000000000e+01 1.431487921049498846e+00 6.992854483033024426e-02
3.900000000000000000e+01 2.900000000000000000e+01 1.454480695247772681e+00 7.145938739839144405e-02
3.900000000000000000e+01 3.000000000000000000e+01 1.510502667334727489e+00 6.989703235724867292e-02
3.900000000000000000e+01 2.900000000000000000e+01 1.795481499643510226e+00 6.984933364224678309e-02
3.900000000000000000e+01 2.800000000000000000e+01 2.116244643435166939e+00 6.807049541005215365e-02
3.900000000000000000e+01 2.900000000000000000e+01 2.473800823608470090e+00 6.957874015852018312e-02
3.700000000000000000e+01 3.000000000000000000e+01 2.412463444967643422e+00 8.178230251509220616e-02
3.500000000000000000e+01 2.800000000000000000e+01 2.366573000829056639e+00 7.320340122617861878e-02
3.200000000000000000e+01 2.800000000000000000e+01 2.052425180173338415e+00 8.590726394960525314e-02
3.100000000000000000e+01 2.700000000000000000e+01 2.144180418918022024e+00 9.000260283407646167e-02
3.000000000000000000e+01 2.600000000000000000e+01 2.232022309584248188e+00 9.461373632463879191e-02
3.000000000000000000e+01 2.400000000000000000e+01 2.621698001382334109e+00 8.593579891455288555e-02
2.900000000000000000e+01 2.400000000000000000e+01 2.789440190516027762e+00 8.977060476426339253e-02
2.800000000000000000e+01 2.300000000000000000e+01 2.800455071673528806e+00 6.972619992324724514e-02
2.700000000000000000e+01 2.200000000000000000e+01 2.973692406812311173e+00 6.923777740397038527e-02
3.000000000000000000e+01 2.300000000000000000e+01 3.156666023094205187e+00 5.982699395950725335e-02
3.300000000000000000e+01 2.300000000000000000e+01 3.389075243411359128e+00 5.398197618279781257e-02
3.300000000000000000e+01 2.400000000000000000e+01 3.576028432873834095e+00 6.315659293680561670e-02
2.600000000000000000e+01 2.400000000000000000e+01 2.283136298115050256e+00 7.359389905169101687e-02
2.100000000000000000e+01 2.200000000000000000e+01 1.428901468948188924e+00 6.130777350867798459e-02
1.800000000000000000e+01 2.000000000000000000e+01 8.827548345951211628e-01 4.531415608676046813e-02
1.600000000000000000e+01 2.100000000000000000e+01 4.502113380391394859e-01 5.290692665194208361e-02
1.500000000000000000e+01 2.400000000000000000e+01 3.092248767539281240e-01 4.594379888549481733e-02
1.600000000000000000e+01 2.400000000000000000e+01 3.710370036536930205e-01 3.791516268785329741e-02
2.000000000000000000e+01 2.400000000000000000e+01 4.416728629469738321e-01 3.414384025773021386e-02
2.000000000000000000e+01 2.400000000000000000e+01 5.199824359445618382e-01 4.027989760518166373e-02
2.000000000000000000e+01 2.400000000000000000e+01 6.066520455032834436e-01 4.738693685190081828e-02
2.100000000000000000e+01 2.700000000000000000e+01 7.018540853891017672e-01 5.573352029470205610e-02
2.000000000000000000e+01 2.600000000000000000e+01 5.881766991838415226e-01 5.468300782629773038e-02
2.100000000000000000e+01 2.800000000000000000e+01 4.385340137621021595e-01 5.356026779510044550e-02
2.500000000000000000e+01 3.100000000000000000e+01 5.152446094131953869e-01 4.892285003820081440e-02
2.700000000000000000e+01 3.600000000000000000e+01 6.015377934400479853e-01 4.710245099011797082e-02
2.500000000000000000e+01 3.900000000000000000e+01 2.421459592348589318e-01 5.534906068355689712e-02
2.700000000000000000e+01 3.900000000000000000e+01 3.072444035767608606e-01 5.265053158639660530e-02
2.700000000000000000e+01 4.200000000000000000e+01 3.864523119130280904e-01 4.793728037487121618e-02
2.700000000000000000e+01 4.100000000000000000e+01 4.822500385586926397e-01 4.576127125722951466e-02
2.800000000000000000e+01 4.100000000000000000e+01 5.969889242122617956e-01 4.173603106830182929e-02
2.800000000000000000e+01 4.000000000000000000e+01 7.323098692354551575e-01 3.714437812290810603e-02
3.000000000000000000e+01 4.200000000000000000e+01 8.905742476466675939e-01 4.416919944572592072e-02
3.100000000000000000e+01 4.500000000000000000e+01 1.072680598028858068e+00 5.243201538786694538e-02
3.100000000000000000e+01 4.500000000000000000e+01 1.279556967103262055e+00 6.191412662188609112e-02
3.500000000000000000e+01 5.100000000000000000e+01 1.512700105328333100e+00 7.321541869565213745e-02
3.700000000000000000e+01 5.500000000000000000e+01 1.771033233618201308e+00 7.575091107482610775e-02
3.600000000000000000e+01 5.400000000000000000e+01 1.836967991438890113e+00 7.845672508505689702e-02
4.000000000000000000e+01 5.600000000000000000e+01 2.122396072278907919e+00 8.015634635011918696e-02
3.900000000000000000e+01 5.400000000000000000e+01 1.996455075939851831e+00 7.312211643707905440e-02
3.600000000000000000e+01 5.500000000000000000e+01 1.369265570833934520e+00 8.609936785099146783e-02
3.700000000000000000e+01 5.600000000000000000e+01 1.587067480437742928e+00 6.483870523235306382e-02
3.600000000000000000e+01 5.800000000000000000e+01 1.326388802518250420e+00 7.692525571154110176e-02
3.500000000000000000e+01 6.100000000000000000e+01 1.262313922666997268e+00 9.107648507639673485e-02
3.400000000000000000e+01 6.200000000000000000e+01 1.223358568410742864e+00 1.074329117337251838e-01
3.400000000000000000e+01 6.100000000000000000e+01 1.450162050943605729e+00 1.158285088457690071e-01
3.500000000000000000e+01 6.000000000000000000e+01 1.704331115730398638e+00 1.150973051016010440e-01
3.800000000000000000e+01 6.200000000000000000e+01 1.986383789938848343e+00 1.128563031741907502e-01
4.200000000000000000e+01 6.600000000000000000e+01 1.862517631405577356e+00 1.087336915829071188e-01
4.100000000000000000e+01 6.600000000000000000e+01 1.653201710220455700e+00 1.282664741638163131e-01
4.100000000000000000e+01 6.700000000000000000e+01 1.665742511175934526e+00 1.509361576085465340e-01
4.800000000000000000e+01 7.600000000000000000e+01 1.946275965961583809e+00 1.565806707188616698e-01
4.800000000000000000e+01 7.500000000000000000e+01 2.252898729040217152e+00 1.714333203158980301e-01
5.000000000000000000e+01 7.700000000000000000e+01 2.108727073702474364e+00 1.902175935579035193e-01
4.700000000000000000e+01 7.400000000000000000e+01 1.751134900779931280e+00 1.889275826805470737e-01
4.600000000000000000e+01 6.900000000000000000e+01 1.570130467760702198e+00 1.628432135264181735e-01
4.700000000000000000e+01 6.600000000000000000e+01 1.588652562058549655e+00 1.432135116240878803e-01
4.500000000000000000e+01 6.800000000000000000e+01 1.135188799285129058e+00 1.537559688103639077e-01
4.500000000000000000e+01 6.700000000000000000e+01 1.362111063471454608e+00 1.308652967119828536e-01
4.500000000000000000e+01 6.500000000000000000e+01 1.620215897926865489e+00 1.254898441292715272e-01
4.500000000000000000e+01 6.800000000000000000e+01 1.693793461203262796e+00 1.337755149313477054e-01
4.500000000000000000e+01 6.700000000000000000e+01 1.994651658975804764e+00 1.450464799460556009e-01
4.300000000000000000e+01 6.700000000000000000e+01 1.894604725264642964e+00 1.701660317881541762e-01
4.200000000000000000e+01 6.600000000000000000e+01 1.999829397370138429e+00 1.764998720294189416e-01
4.300000000000000000e+01 6.400000000000000000e+01 2.332805592267256589e+00 1.802764392022749573e-01
4.100000000000000000e+01 6.000000000000000000e+01 2.264580869838614952e+00 1.651517835575582460e-01
3.800000000000000000e+01 5.900000000000000000e+01 1.945190223768364035e+00 1.583870644401497996e-01
4.000000000000000000e+01 6.000000000000000000e+01 2.265659178284124220e+00 1.472712405628868182e-01
3.800000000000000000e+01 5.800000000000000000e+01 1.903217144346667000e+00 1.480143392214904596e-01
3.900000000000000000e+01 5.500000000000000000e+01 2.227319380610576438e+00 1.332879707763970911e-01
3.900000000000000000e+01 5.700000000000000000e+01 1.871326866598489236e+00 1.566205834389509943e-01
3.700000000000000000e+01 5.600000000000000000e+01 1.704723984764081823e+00 1.624274839466530174e-01
3.800000000000000000e+01 5.300000000000000000e+01 2.035190588966758973e+00 1.535226233424634712e-01
3.800000000000000000e+01 5.200000000000000000e+01 2.168061410791092936e+00 1.554222723537707351e-01
3.800000000000000000e+01 5.000000000000000000e+01 2.559466606085384122e+00 1.559892410654539208e-01
4.200000000000000000e+01 5.200000000000000000e+01 2.992403149032965004e+00 1.689211471054935243e-01
4.200000000000000000e+01 5.200000000000000000e+01 3.246348836286083728e+00 1.837022234262789544e-01
3.900000000000000000e+01 5.200000000000000000e+01 3.078808481237964578e+00 2.023790931991115982e-01
3.500000000000000000e+01 5.000000000000000000e+01 2.657989606716655295e+00 1.905639120029066769e-01
3.300000000000000000e+01 4.800000000000000000e+01 2.585836646211227219e+00 1.837072751318423736e-01
3.300000000000000000e+01 4.600000000000000000e+01 2.948064233197195350e+00 1.734441870796876728e-01
2.800000000000000000e+01 4.100000000000000000e+01 2.156497266504399324e+00 1.386073738644722220e-01
2.700000000000000000e+01 3.900000000000000000e+01 2.204762939749680406e+00 1.069264093543152716e-01
2.400000000000000000e+01 3.600000000000000000e+01 1.789192756393766182e+00 8.650693404035121603e-02
2.600000000000000000e+01 3.800000000000000000e+01 1.733063997405374534e+00 7.730191946496699218e-02
3.100000000000000000e+01 4.100000000000000000e+01 1.387093050901148095e+00 9.087529255062973266e-02
2.900000000000000000e+01 4.200000000000000000e+01 8.594233344702564281e-01 1.063862049402051341e-01
3.000000000000000000e+01 4.200000000000000000e+01 5.192638143228545111e-01 1.136395244707447960e-01
3.000000000000000000e+01 3.900000000000000000e+01 6.285944547377941838e-01 9.582228425704206187e-02
3.200000000000000000e+01 3.900000000000000000e+01 7.558456938315248896e-01 8.584104818855003982e-02
3.200000000000000000e+01 3.600000000000000000e+01 9.017436485733066887e-01 6.534910292391060693e-02
3.200000000000000000e+01 3.600000000000000000e+01 1.067902162477178729e+00 5.255515951374523098e-02
3.400000000000000000e+01 3.600000000000000000e+01 9.946436809757944753e-01 6.200317043896487468e-02
3.500000000000000000e+01 3.700000000000000000e+01 1.183067163806814870e+00 6.255035837444274105e-02
3.400000000000000000e+01 3.700000000000000000e+01 1.177711930854506761e+00 7.362757785668098964e-02
3.800000000000000000e+01 3.700000000000000000e+01 1.391523544578395999e+00 8.641857937633612430e-02
3.800000000000000000e+01 3.700000000000000000e+01 1.628476125659704676e+00 9.067766494348911133e-02
3.800000000000000000e+01 3.500000000000000000e+01 1.672238674111389267e+00 7.292356510545545956e-02
3.900000000000000000e+01 3.900000000000000000e+01 1.694630870493776253e+00 7.364128514951145954e-02
4.100000000000000000e+01 3.800000000000000000e+01 1.739967613755611042e+00 7.251350345279079790e-02
4.400000000000000000e+01 4.200000000000000000e+01 1.524433048458954110e+00 7.492303985479986661e-02
4.300000000000000000e+01 4.100000000000000000e+01 1.525272455792931359e+00 7.590064162273066350e-02
4.100000000000000000e+01 4.200000000000000000e+01 1.287737921903033600e+00 8.922355853593826047e-02
4.200000000000000000e+01 4.400000000000000000e+01 1.291791987211983406e+00 9.083706042081149401e-02
4.300000000000000000e+01 4.400000000000000000e+01 1.515737887563206820e+00 9.444978492888829458e-02
4.200000000000000000e+01 4.500000000000000000e+01 1.332570165412505281e+00 8.980675835141217755e-02
4.000000000000000000e+01 4.500000000000000000e+01 8.714539972441562865e-01 1.052679709061240254e-01
4.200000000000000000e+01 4.400000000000000000e+01 1.069723778026998362e+00 9.872948671231090989e-02
4.300000000000000000e+01 4.300000000000000000e+01 1.300947939697179923e+00 9.121427692027890555e-02
4.300000000000000000e+01 4.500000000000000000e+01 1.567217423590687053e+00 9.496815458003178556e-02
4.300000000000000000e+01 4.400000000000000000e+01 1.870187528658111775e+00 9.915901368974844310e-02
4.300000000000000000e+01 4.300000000000000000e+01 2.210618357899205133e+00 1.039731500630425853e-01
4.400000000000000000e+01 4.400000000000000000e+01 2.588720172220553728e+00 9.912640775363018575e-02
4.400000000000000000e+01 4.300000000000000000e+01 3.003381797387240315e+00 1.038414426785404521e-01
4.400000000000000000e+01 4.100000000000000000e+01 3.236607012719706411e+00 8.984103306768173591e-02
3.900000000000000000e+01 3.900000000000000000e+01 2.568217542504700468e+00 8.403621466585739497e-02
3.700000000000000000e+01 3.700000000000000000e+01 2.470973275344221509e+00 7.392264751471275264e-02
3.400000000000000000e+01 3.900000000000000000e+01 2.143683058042666456e+00 7.299156936399299467e-02
3.200000000000000000e+01 4.100000000000000000e+01 1.954297168600262369e+00 8.584282146814276038e-02
3.000000000000000000e+01 4.000000000000000000e+01 1.775922141368844187e+00 9.005782815210197634e-02
3.100000000000000000e+01 4.200000000000000000e+01 1.848337735023460437e+00 8.973548466316852434e-02
3.400000000000000000e+01 4.500000000000000000e+01 2.172015470889515854e+00 8.108882420954983961e-02
3.400000000000000000e+01 4.500000000000000000e+01 2.312213552513080472e+00 8.332392033996038894e-02
3.500000000000000000e+01 4.500000000000000000e+01 2.224046182022278995e+00 8.758054787134840480e-02
3.600000000000000000e+01 4.700000000000000000e+01 2.317532238154196733e+00 1.030813114050182916e-01
3.400000000000000000e+01 4.900000000000000000e+01 2.246326796053252917e+00 1.071718806491311488e-01
3.300000000000000000e+01 4.800000000000000000e+01 2.353291138917305236e+00 1.151711967008371418e-01
3.200000000000000000e+01 4.700000000000000000e+01 2.441807267897309952e+00 1.243245586271099490e-01
3.100000000000000000e+01 4.400000000000000000e+01 2.554220489836368735e+00 1.137479535911730677e-01
3.100000000000000000e+01 4.500000000000000000e+01 2.232237128987718311e+00 1.209141861991470945e-01
2.600000000000000000e+01 4.300000000000000000e+01 1.382891118072123060e+00 1.200417508461881499e-01
2.400000000000000000e+01 4.200000000000000000e+01 1.111798896487343091e+00 1.240349356621636701e-01
2.400000000000000000e+01 4.200000000000000000e+01 1.290327362713082904e+00 1.168144351381382173e-01
2.800000000000000000e+01 4.300000000000000000e+01 1.267880499659711280e+00 9.949537416786058408e-02
2.700000000000000000e+01 4.100000000000000000e+01 1.236315232802979391e+00 9.024067496356176499e-02
2.800000000000000000e+01 4.000000000000000000e+01 1.151610785918758983e+00 8.460553029961662141e-02
3.000000000000000000e+01 4.000000000000000000e+01 1.319460875368355213e+00 7.317089961338997528e-02
3.100000000000000000e+01 4.000000000000000000e+01 1.022298849962213874e+00 7.551430222936149350e-02
2.900000000000000000e+01 4.000000000000000000e+01 6.937712235092619029e-01 8.868317401047509652e-02
2.800000000000000000e+01 3.800000000000000000e+01 5.524436910365106979e-01 8.284728454837983480e-02
2.800000000000000000e+01 3.700000000000000000e+01 6.668376212101548850e-01 8.323985648005925719e-02
2.800000000000000000e+01 3.600000000000000000e+01 7.993016164312320981e-01 8.379802212379480753e-02
2.900000000000000000e+01 3.400000000000000000e+01 9.516253153968872169e-01 7.740332467230150171e-02
3.300000000000000000e+01 3.600000000000000000e+01 1.125750570416884644e+00 7.912431500948757801e-02
3.200000000000000000e+01 3.500000000000000000e+01 1.060229647960214017e+00 8.265085221021520323e-02
3.100000000000000000e+01 3.700000000000000000e+01 1.018587305508341867e+00 9.736498200008716908e-02
3.300000000000000000e+01 3.900000000000000000e+01 1.219339293502964328e+00 1.143461415292897493e-01
3.300000000000000000e+01 3.700000000000000000e+01 1.445514573031511540e+00 1.127610494924813495e-01
3.400000000000000000e+01 3.500000000000000000e+01 1.697897580185029565e+00 1.092237935920056940e-01
3.400000000000000000e+01 3.400000000000000000e+01 1.975879743026875746e+00 1.155560000197452669e-01
4.100000000000000000e+01 3.600000000000000000e+01 2.063717281715343521e+00 1.140160956044925789e-01
4.100000000000000000e+01 3.300000000000000000e+01 1.913290196305210689e+00 1.013381189168629931e-01
4.200000000000000000e+01 3.100000000000000000e+01 1.958812617164239933e+00 8.163114266752914683e-02
4.300000000000000000e+01 3.400000000000000000e+01 1.527475887862506543e+00 8.498837021218869081e-02
4.300000000000000000e+01 3.300000000000000000e+01 1.314476260863144175e+00 7.280597823234530308e-02
4.200000000000000000e+01 3.200000000000000000e+01 1.276024340754091213e+00 6.256444405204716896e-02
4.100000000000000000e+01 3.100000000000000000e+01 1.241501082853608828e+00 6.120547859264314355e-02
4.200000000000000000e+01 3.300000000000000000e+01 1.473929823718173271e+00 5.805698323908516784e-02
4.300000000000000000e+01 3.300000000000000000e+01 1.734594186795570314e+00 6.824714990663550973e-02
4.100000000000000000e+01 3.200000000000000000e+01 1.589569812874087384e+00 6.948857824761807411e-02
4.000000000000000000e+01 3.200000000000000000e+01 1.622736534330721181e+00 8.137799045908415685e-02
4.200000000000000000e+01 3.100000000000000000e+01 1.901475466779137813e+00 8.116606283991073534e-02
4.500000000000000000e+01 3.300000000000000000e+01 2.208575590073193595e+00 8.441209077691910756e-02
4.400000000000000000e+01 3.100000000000000000e+01 1.892259511017889695e+00 7.579585622843956760e-02
4.200000000000000000e+01 3.200000000000000000e+01 1.707847834484098382e+00 7.636614139359759745e-02
4.100000000000000000e+01 3.200000000000000000e+01 1.767546193429346602e+00 6.468455153744505359e-02
4.000000000000000000e+01 3.000000000000000000e+01 1.832700463867466878e+00 4.918732840575897741e-02
3.800000000000000000e+01 2.800000000000000000e+01 1.642707614861441900e+00 3.520464418358990738e-02
3.600000000000000000e+01 2.800000000000000000e+01 1.416095817620801389e+00 4.177726149370686315e-02
3.500000000000000000e+01 2.800000000000000000e+01 1.416724761790214782e+00 4.945748951246106695e-02
3.600000000000000000e+01 2.800000000000000000e+01 1.691643375278677253e+00 5.839985631145126754e-02
3.700000000000000000e+01 2.800000000000000000e+01 2.003140058161795967e+00 6.877242805404541748e-02
3.700000000000000000e+01 2.800000000000000000e+01 2.135409510482766837e+00 8.075610802889779394e-02
3.600000000000000000e+01 2.600000000000000000e+01 2.066622009035616436e+00 7.354498114851938662e-02
3.400000000000000000e+01 2.600000000000000000e+01 1.946525482198510737e+00 8.618028398873224527e-02
3.400000000000000000e+01 2.400000000000000000e+01 2.298593750510169009e+00 7.634053566218146347e-02
3.300000000000000000e+01 2.200000000000000000e+01 2.471341953726068574e+00 6.679569149084216284e-02
3.600000000000000000e+01 2.400000000000000000e+01 2.875442585913995153e+00 6.645827209490695608e-02
3.600000000000000000e+01 2.400000000000000000e+01 3.051570865690881096e+00 7.805593059899409991e-02
3.500000000000000000e+01 2.400000000000000000e+01 3.258530889971450684e+00 9.139462636713088783e-02
3.300000000000000000e+01 2.200000000000000000e+01 2.842481663320477470e+00 8.566690479710194206e-02
3.000000000000000000e+01 2.100000000000000000e+01 2.532659217303363075e+00 8.782922359317305028e-02
2.800000000000000000e+01 1.900000000000000000e+01 2.393536626628661068e+00 7.794675583246328532e-02
2.500000000000000000e+01 1.700000000000000000e+01 1.967576344495542306e+00 5.939209846956414879e-02
2.200000000000000000e+01 1.600000000000000000e+01 1.470343912829580990e+00 5.882593883477939961e-02
2.000000000000000000e+01 1.500000000000000000e+01 1.184700961572223044e+00 5.807165744391903917e-02
2.100000000000000000e+01 1.500000000000000000e+01 1.372352235925548891e+00 5.185347500714786867e-02
1.900000000000000000e+01 1.500000000000000000e+01 1.076098036504319788e+00 5.008205379078795039e-02
1.800000000000000000e+01 1.400000000000000000e+01 1.034878272702034696e+00 4.632864699530628294e-02
1.900000000000000000e+01 1.300000000000000000e+01 1.203653028427046134e+00 4.021422723851425518e-02
1.900000000000000000e+01 1.500000000000000000e+01 1.386586761940312496e+00 4.716585911765794337e-02
1.900000000000000000e+01 1.500000000000000000e+01 1.366139592302726413e+00 5.502370537395960548e-02
1.600000000000000000e+01 1.400000000000000000e+01 8.792467317493440904e-01 5.346699158279675373e-02
1.700000000000000000e+01 1.300000000000000000e+01 5.546635263413453032e-01 4.993361315729263200e-02
1.700000000000000000e+01 1.100000000000000000e+01 6.530996855092068287e-01 3.348388752603587148e-02
1.600000000000000000e+01 1.100000000000000000e+01 5.026600205812868927e-01 2.839058359619172148e-02
1.900000000000000000e+01 1.100000000000000000e+01 6.058097552734467151e-01 1.908784041198972187e-02
2.300000000000000000e+01 1.000000000000000000e+01 7.237170744093190944e-01 8.378498792808804566e-03
2.500000000000000000e+01 1.000000000000000000e+01 8.562840578691220950e-01 9.995361568989386339e-03
2.600000000000000000e+01 1.200000000000000000e+01 1.003804631813644432e+00 1.199837347899663544e-02
2.500000000000000000e+01 1.400000000000000000e+01 9.491123164936886569e-01 1.435396965967664258e-02
2.400000000000000000e+01 1.400000000000000000e+01 8.865714092249699085e-01 1.701659088715100007e-02
2.500000000000000000e+01 1.700000000000000000e+01 8.161039616319395451e-01 2.027138547348643349e-02
2.400000000000000000e+01 1.700000000000000000e+01 7.365248757071746200e-01 2.391427429271801228e-02
2.400000000000000000e+01 1.700000000000000000e+01 8.647618887168442292e-01 2.813402429601368632e-02
2.400000000000000000e+01 1.800000000000000000e+01 1.005889129183841657e+00 3.305182535864275434e-02
2.400000000000000000e+01 1.900000000000000000e+01 1.159556477883004977e+00 3.870508216060497553e-02
2.500000000000000000e+01 2.100000000000000000e+01 1.108768759576212348e+00 2.432598653436376587e-02
2.400000000000000000e+01 2.100000000000000000e+01 7.855967884856324135e-01 2.852487917995212216e-02
2.400000000000000000e+01 2.000000000000000000e+01 9.082144354408654419e-01 1.951966890809108540e-02
2.300000000000000000e+01 2.300000000000000000e+01 5.653975655656265920e-01 2.326108033813892306e-02
2.200000000000000000e+01 2.300000000000000000e+01 4.311657161479114930e-01 2.747981191676763038e-02
2.200000000000000000e+01 2.400000000000000000e+01 5.296878861584934928e-01 3.242911373310183865e-02
2.200000000000000000e+01 2.300000000000000000e+01 6.458856490910842574e-01 2.761046796853674351e-02
2.300000000000000000e+01 2.300000000000000000e+01 7.818265124646663899e-01 3.258015525467834045e-02
2.300000000000000000e+01 2.300000000000000000e+01 9.388703517158937251e-01 3.834258158684043793e-02
2.300000000000000000e+01 2.200000000000000000e+01 1.118692117531441488e+00 3.449987472376555425e-02
2.200000000000000000e+01 2.200000000000000000e+01 1.083198157043288257e+00 4.058022494596454088e-02
2.200000000000000000e+01 2.100000000000000000e+01 1.289688848670504706e+00 3.552267726977453854e-02
2.100000000000000000e+01 2.100000000000000000e+01 1.304808271853328261e+00 4.184101370074451431e-02
2.100000000000000000e+01 2.000000000000000000e+01 1.540176579317046102e+00 3.865133709271539875e-02
2.100000000000000000e+01 2.000000000000000000e+01 1.800677767197841339e+00 3.346780672393639272e-02
2.000000000000000000e+01 2.200000000000000000e+01 1.845936158649744696e+00 3.973412145646345456e-02
2.500000000000000000e+01 2.900000000000000000e+01 1.698243342699509384e+00 4.728689930896071841e-02
2.400000000000000000e+01 2.900000000000000000e+01 1.719935438036019226e+00 5.572719312849431367e-02
2.900000000000000000e+01 3.400000000000000000e+01 1.978234406198748907e+00 5.528807859504932670e-02
2.800000000000000000e+01 3.600000000000000000e+01 2.035198444882587943e+00 5.467010495998933517e-02
2.600000000000000000e+01 3.600000000000000000e+01 1.627717590892623578e+00 6.434639035958976405e-02
2.300000000000000000e+01 3.700000000000000000e+01 1.120370745485381514e+00 7.556446192954634211e-02
2.600000000000000000e+01 3.700000000000000000e+01 1.014116859766180045e+00 6.751172750603316730e-02
2.500000000000000000e+01 3.600000000000000000e+01 8.955754727693144845e-01 6.857559311297861671e-02
2.400000000000000000e+01 3.700000000000000000e+01 7.653774717377770376e-01 8.029975336959001286e-02
2.700000000000000000e+01 3.500000000000000000e+01 8.856981359932215581e-01 5.889177758320947309e-02
2.600000000000000000e+01 3.400000000000000000e+01 7.766152435498324680e-01 5.696887651522521828e-02
2.500000000000000000e+01 3.400000000000000000e+01 6.334050629364007534e-01 6.687118470630321054e-02
2.600000000000000000e+01 3.300000000000000000e+01 7.404469280548703347e-01 6.775711739272856360e-02
2.600000000000000000e+01 3.300000000000000000e+01 8.582583752730073012e-01 6.876101787214200511e-02
2.700000000000000000e+01 3.500000000000000000e+01 5.538983016318033137e-01 6.993560777501055259e-02
2.700000000000000000e+01 3.500000000000000000e+01 6.498405498503952993e-01 5.748793515738395005e-02
2.900000000000000000e+01 3.800000000000000000e+01 7.586306596020446769e-01 5.359138462820572241e-02
2.800000000000000000e+01 3.600000000000000000e+01 6.194798392165133949e-01 4.185361405300225268e-02
2.700000000000000000e+01 3.700000000000000000e+01 4.961662996825981775e-01 4.940073949209004139e-02
2.700000000000000000e+01 3.600000000000000000e+01 6.079000203345311659e-01 4.427719336088189322e-02
2.900000000000000000e+01 3.600000000000000000e+01 7.405635872794066321e-01 4.038459998147793384e-02
2.900000000000000000e+01 3.800000000000000000e+01 6.791028549929996050e-01 4.822621481028285112e-02
3.000000000000000000e+01 3.800000000000000000e+01 8.376675851688673013e-01 5.734941489125831848e-02
3.200000000000000000e+01 3.900000000000000000e+01 1.024164087357128716e+00 6.808860343894944378e-02
3.300000000000000000e+01 3.900000000000000000e+01 1.240265229420120185e+00 8.057997247204724822e-02
3.300000000000000000e+01 3.900000000000000000e+01 1.487391972619004132e+00 9.510941338031340953e-02
3.500000000000000000e+01 4.100000000000000000e+01 1.766909457396947269e+00 1.120404841286477410e-01
3.500000000000000000e+01 4.100000000000000000e+01 2.078075840372808791e+00 1.314787690084505134e-01
3.900000000000000000e+01 4.000000000000000000e+01 2.421267753604100292e+00 1.433036640744341506e-01
4.000000000000000000e+01 4.000000000000000000e+01 2.793648992851090362e+00 1.567927768238165653e-01
3.800000000000000000e+01 3.500000000000000000e+01 2.542514180028190296e+00 1.284172995513502835e-01
3.600000000000000000e+01 3.300000000000000000e+01 2.421147650897768511e+00 1.253460165877259003e-01
3.400000000000000000e+01 3.100000000000000000e+01 2.061105086219763294e+00 1.005367873374802129e-01
3.300000000000000000e+01 2.800000000000000000e+01 1.828623962959603499e+00 8.237921292096797576e-02
3.300000000000000000e+01 2.800000000000000000e+01 1.833934166060002369e+00 7.021231476347972178e-02
3.100000000000000000e+01 3.200000000000000000e+01 1.576541494170793367e+00 8.227548609287466119e-02
2.900000000000000000e+01 3.200000000000000000e+01 1.167358106862455225e+00 8.016164300273848076e-02
2.900000000000000000e+01 3.200000000000000000e+01 1.122953137313566385e+00 7.976156959161657956e-02
2.900000000000000000e+01 3.200000000000000000e+01 1.315611953775402743e+00 6.886706009486606717e-02
2.800000000000000000e+01 3.100000000000000000e+01 1.095116041681924779e+00 6.481692099305515209e-02
2.900000000000000000e+01 3.200000000000000000e+01 1.284689341182002176e+00 6.414481204613971255e-02
2.900000000000000000e+01 3.200000000000000000e+01 1.234003257588828006e+00 7.541981226669064453e-02
2.800000000000000000e+01 3.200000000000000000e+01 1.227417762773725052e+00 8.840808770794406080e-02
2.800000000000000000e+01 3.100000000000000000e+01 1.437805009905863685e+00 9.280342834168389676e-02
2.700000000000000000e+01 3.000000000000000000e+01 1.453875632832202891e+00 8.727561056379615212e-02
2.800000000000000000e+01 2.900000000000000000e+01 1.448576996902766867e+00 7.915129351781237388e-02
2.700000000000000000e+01 2.600000000000000000e+01 1.421771943353034029e+00 6.070200180521562183e-02
2.700000000000000000e+01 2.400000000000000000e+01 1.658248115274195023e+00 4.488560870075043036e-02
2.600000000000000000e+01 2.400000000000000000e+01 1.657449576533140290e+00 4.224760538769518209e-02
2.500000000000000000e+01 2.400000000000000000e+01 1.637341894380491825e+00 4.966869421917174954e-02
2.400000000000000000e+01 2.400000000000000000e+01 1.686277376066639633e+00 4.777625387324686140e-02
2.200000000000000000e+01 2.400000000000000000e+01 1.497468229724297162e+00 5.603531762618250978e-02
2.200000000000000000e+01 2.300000000000000000e+01 1.526582882765867621e+00 5.345137917894738494e-02
2.200000000000000000e+01 2.100000000000000000e+01 1.772329514675447859e+00 3.822919261996722551e-02
2.100000000000000000e+01 2.200000000000000000e+01 1.583040112618655293e+00 4.520618747444024588e-02
2.000000000000000000e+01 2.200000000000000000e+01 1.563595238641496410e+00 5.325961509584864473e-02
2.100000000000000000e+01 2.400000000000000000e+01 1.585789744137058976e+00 5.222356083189851061e-02
2.000000000000000000e+01 2.500000000000000000e+01 1.580491963746207373e+00 6.145674735929949201e-02
1.800000000000000000e+01 2.400000000000000000e+01 1.374338272154249418e+00 5.822392690066806320e-02
1.800000000000000000e+01 2.700000000000000000e+01 1.333056781698436888e+00 5.815829755656299477e-02
1.600000000000000000e+01 2.700000000000000000e+01 1.043822300729753350e+00 6.841669689225912676e-02
1.500000000000000000e+01 2.700000000000000000e+01 9.402567797693137663e-01 8.024216592791538760e-02
1.400000000000000000e+01 2.600000000000000000e+01 8.718752092341757187e-01 8.331346839825491679e-02
1.400000000000000000e+01 2.500000000000000000e+01 1.010349864502197326e+00 8.515563641458831490e-02
1.300000000000000000e+01 2.400000000000000000e+01 9.210148594328132488e-01 8.875708459136380513e-02
1.400000000000000000e+01 2.400000000000000000e+01 1.059718819888997299e+00 7.028066325222231958e-02
1.200000000000000000e+01 2.400000000000000000e+01 7.299679512224372946e-01 6.974288629326437505e-02
1.100000000000000000e+01 2.400000000000000000e+01 6.268031767771076179e-01 6.724684453912098403e-02
1.100000000000000000e+01 2.200000000000000000e+01 7.272552432144390178e-01 5.376530222178994151e-02
1.200000000000000000e+01 2.600000000000000000e+01 6.196414995745493925e-01 4.894037741395783347e-02
1.200000000000000000e+01 2.500000000000000000e+01 4.975898124715192883e-01 4.316129595269643793e-02
1.100000000000000000e+01 2.400000000000000000e+01 3.606860369009548539e-01 3.830629231318424810e-02
1.100000000000000000e+01 2.300000000000000000e+01 4.259552351179205498e-01 3.096190727948659391e-02
1.100000000000000000e+01 2.300000000000000000e+01 4.988872415514989389e-01 3.645499197289044091e-02
1.600000000000000000e+01 2.700000000000000000e+01 5.807426829074493480e-01 3.255365204793336104e-02
1.500000000000000000e+01 2.600000000000000000e+01 4.528266313201354532e-01 2.784272249131676535e-02
1.500000000000000000e+01 2.900000000000000000e+01 2.885547402516203674e-01 3.310980404615782718e-02
1.500000000000000000e+01 2.900000000000000000e+01 3.496116501489849315e-01 3.910622804765878646e-02
1.700000000000000000e+01 2.900000000000000000e+01 4.201149656327877180e-01 3.562074209637249717e-02
1.700000000000000000e+01 2.900000000000000000e+01 4.996676252038586563e-01 4.211137199799119823e-02
1.800000000000000000e+01 2.900000000000000000e+01 5.889636423903792384e-01 3.920789222683295633e-02
1.800000000000000000e+01 3.200000000000000000e+01 6.876029722231628005e-01 4.652924743283506914e-02
1.700000000000000000e+01 3.200000000000000000e+01 5.785671142682894397e-01 5.490366165253659364e-02
1.700000000000000000e+01 3.700000000000000000e+01 6.731537782438880013e-01 6.485501760479271682e-02
1.700000000000000000e+01 3.900000000000000000e+01 5.597563779225562808e-01 7.620715349813571293e-02
1.800000000000000000e+01 3.800000000000000000e+01 6.497294933208157541e-01 7.708699674846271332e-02
1.900000000000000000e+01 3.900000000000000000e+01 3.150227874874285128e-01 7.976324501248330257e-02
2.000000000000000000e+01 3.900000000000000000e+01 3.784503182832130719e-01 7.068942025415653196e-02
2.100000000000000000e+01 3.900000000000000000e+01 4.518394455601853488e-01 6.890109960995334515e-02
2.200000000000000000e+01 4.200000000000000000e+01 3.194983156682303371e-01 5.995835013288174781e-02
2.200000000000000000e+01 4.100000000000000000e+01 3.935885520296626416e-01 5.832533716708446225e-02
2.200000000000000000e+01 4.000000000000000000e+01 4.811182141661162759e-01 5.476667544934410436e-02
2.300000000000000000e+01 4.000000000000000000e+01 5.836980187625067096e-01 6.469214384121980965e-02
2.400000000000000000e+01 4.500000000000000000e+01 7.024754878400253366e-01 7.645994259313018682e-02
2.500000000000000000e+01 4.700000000000000000e+01 8.386090384590925151e-01 8.993213147045955869e-02
2.800000000000000000e+01 4.700000000000000000e+01 9.934878947714745889e-01 8.445631582186922948e-02
2.800000000000000000e+01 4.600000000000000000e+01 9.277901880857044592e-01 8.851087301479980407e-02
2.800000000000000000e+01 4.500000000000000000e+01 1.098545611187085047e+00 8.980988455686872429e-02
3.100000000000000000e+01 4.400000000000000000e+01 1.289981310215972732e+00 9.314410662428931897e-02
3.000000000000000000e+01 4.300000000000000000e+01 1.284056232480447646e+00 7.767216954223161995e-02
3.000000000000000000e+01 4.100000000000000000e+01 1.492577498554283233e+00 6.706080121866532517e-02
3.000000000000000000e+01 4.100000000000000000e+01 1.459317356825558187e+00 7.914792904201395363e-02
3.300000000000000000e+01 4.500000000000000000e+01 1.424024006030446321e+00 9.335830254192817312e-02
3.300000000000000000e+01 4.500000000000000000e+01 1.646784206505681025e+00 1.095816009910311334e-01
3.300000000000000000e+01 4.300000000000000000e+01 1.671748847751843847e+00 8.634244677741727270e-02
3.100000000000000000e+01 4.200000000000000000e+01 1.431009638810115003e+00 8.933770568159701830e-02
3.100000000000000000e+01 4.200000000000000000e+01 1.164733253256186041e+00 9.449074747783026140e-02
3.100000000000000000e+01 4.300000000000000000e+01 1.068616031438990532e+00 9.891116274148263610e-02
3.100000000000000000e+01 4.100000000000000000e+01 1.254456231271746658e+00 9.170175345576749015e-02
3.100000000000000000e+01 4.200000000000000000e+01 1.222788336117747621e+00 1.079125853566620941e-01
3.000000000000000000e+01 4.400000000000000000e+01 9.522109212106243392e-01 1.266572677464194996e-01
3.100000000000000000e+01 4.200000000000000000e+01 1.139259784906571538e+00 1.255082392443439276e-01
3.100000000000000000e+01 4.300000000000000000e+01 1.350609231105121211e+00 1.346845189223711547e-01
3.100000000000000000e+01 4.100000000000000000e+01 1.586953723053200038e+00 1.223256203460101471e-01
3.100000000000000000e+01 3.800000000000000000e+01 1.848418120639673701e+00 1.081264025502366860e-01
3.000000000000000000e+01 3.800000000000000000e+01 1.895441661985350912e+00 1.125737301216864494e-01
2.900000000000000000e+01 3.600000000000000000e+01 1.966934997133349627e+00 9.668756146986533240e-02
2.700000000000000000e+01 3.500000000000000000e+01 1.756257168046244654e+00 1.026638995838895368e-01
2.500000000000000000e+01 3.400000000000000000e+01 1.547424678226635431e+00 1.078641013338802745e-01
2.600000000000000000e+01 3.100000000000000000e+01 1.319002536511210577e+00 9.433475964021247051e-02
2.600000000000000000e+01 3.100000000000000000e+01 1.548637119203516432e+00 8.425183505243528936e-02
2.600000000000000000e+01 3.100000000000000000e+01 1.802890382673645542e+00 8.472023571882186799e-02
2.800000000000000000e+01 3.700000000000000000e+01 1.799114180872488644e+00 9.938054713166273590e-02
2.800000000000000000e+01 3.400000000000000000e+01 1.841406961641917750e+00 8.436919409444726403e-02
2.700000000000000000e+01 3.300000000000000000e+01 1.884626715089289917e+00 7.586919967491556616e-02
2.600000000000000000e+01 3.400000000000000000e+01 1.494389920311158582e+00 7.479093761603430868e-02
2.400000000000000000e+01 3.300000000000000000e+01 1.275084334962272248e+00 7.347506757667297828e-02
2.900000000000000000e+01 3.900000000000000000e+01 1.488900723106069135e+00 7.233709731035677104e-02
2.900000000000000000e+01 3.900000000000000000e+01 1.504830014352360301e+00 6.885516348043056734e-02
2.900000000000000000e+01 4.000000000000000000e+01 1.494723729804456891e+00 7.034910893438224566e-02
2.800000000000000000e+01 4.300000000000000000e+01 1.457499271707885402e+00 8.260012902475237506e-02
2.800000000000000000e+01 4.200000000000000000e+01 1.676241312590669219e+00 8.268522633459893245e-02
2.400000000000000000e+01 4.300000000000000000e+01 1.020048810335727474e+00 8.624902330285823260e-02
2.600000000000000000e+01 4.300000000000000000e+01 9.400441257701319664e-01 8.862348637864944645e-02
2.500000000000000000e+01 4.300000000000000000e+01 8.729046226639819439e-01 7.907023102002505577e-02
2.700000000000000000e+01 4.500000000000000000e+01 1.013861974753542450e+00 7.666496305054165683e-02
2.700000000000000000e+01 4.400000000000000000e+01 1.167307988527249041e+00 6.537963609350136429e-02
2.500000000000000000e+01 4.400000000000000000e+01 8.771320611795353495e-01 6.630168928498317293e-02
2.700000000000000000e+01 4.600000000000000000e+01 7.506177685720356596e-01 7.792087621121274177e-02
2.700000000000000000e+01 4.400000000000000000e+01 8.767705539132583104e-01 6.686686083616641407e-02
2.900000000000000000e+01 4.400000000000000000e+01 7.791345986770976673e-01 6.812124425861275367e-02
3.100000000000000000e+01 4.300000000000000000e+01 6.978732112053369629e-01 6.796881201069572553e-02
3.000000000000000000e+01 4.300000000000000000e+01 5.671121340612588213e-01 6.951529241736416342e-02
3.000000000000000000e+01 4.200000000000000000e+01 6.955879567956034792e-01 6.972670709719448745e-02
3.200000000000000000e+01 4.600000000000000000e+01 8.464065816345371918e-01 7.034278035481683622e-02
3.300000000000000000e+01 4.500000000000000000e+01 1.020806750220770054e+00 7.255302519002605754e-02
3.300000000000000000e+01 4.500000000000000000e+01 1.220197529891153820e+00 7.527417007145921490e-02
3.500000000000000000e+01 4.500000000000000000e+01 1.446242985562273153e+00 8.900234519440824998e-02
3.600000000000000000e+01 4.700000000000000000e+01 1.699055192153913207e+00 1.050542547457889581e-01
3.500000000000000000e+01 4.700000000000000000e+01 1.545005750811604406e+00 1.235411599746556871e-01
3.600000000000000000e+01 4.600000000000000000e+01 1.567965151353251763e+00 1.343532984179694745e-01
3.600000000000000000e+01 4.500000000000000000e+01 1.834213408952413582e+00 1.451570717749954276e-01
3.600000000000000000e+01 4.200000000000000000e+01 1.910024125996992783e+00 1.260656516041881448e-01
3.600000000000000000e+01 4.100000000000000000e+01 1.966811303681192280e+00 1.233747428400067264e-01
3.500000000000000000e+01 4.100000000000000000e+01 2.025984963303910202e+00 1.305882950549595301e-01
3.500000000000000000e+01 4.400000000000000000e+01 2.043652809612282795e+00 1.319381480298422171e-01
3.400000000000000000e+01 4.300000000000000000e+01 2.107468652228873029e+00 1.402539056333895195e-01
3.100000000000000000e+01 4.100000000000000000e+01 1.499793847997900942e+00 1.321358491071613905e-01
3.000000000000000000e+01 3.800000000000000000e+01 1.499404907583910873e+00 1.193153311663591176e-01
3.200000000000000000e+01 3.700000000000000000e+01 1.262304139697568273e+00 1.147687786241242680e-01
3.200000000000000000e+01 3.400000000000000000e+01 1.483360792166542597e+00 9.536063145906423233e-02
3.400000000000000000e+01 3.400000000000000000e+01 1.447647990820015496e+00 9.941443906682102816e-02
3.600000000000000000e+01 3.300000000000000000e+01 1.699997987499114682e+00 9.175319426649951315e-02
3.600000000000000000e+01 3.400000000000000000e+01 1.545439156270221659e+00 9.521790286549003390e-02
3.600000000000000000e+01 3.200000000000000000e+01 1.806531970167271073e+00 8.853675801196349282e-02
3.500000000000000000e+01 3.000000000000000000e+01 1.615821454339165353e+00 8.231985081547245342e-02
3.500000000000000000e+01 3.000000000000000000e+01 1.646088457553175788e+00 8.222624132363634541e-02
3.500000000000000000e+01 2.800000000000000000e+01 1.919078864916003102e+00 7.156303532776583931e-02
3.400000000000000000e+01 2.800000000000000000e+01 1.783548899454323156e+00 6.983393532200786458e-02
3.600000000000000000e+01 2.800000000000000000e+01 1.822604935210248467e+00 6.965228477320208056e-02
3.600000000000000000e+01 2.900000000000000000e+01 1.884668228095678133e+00 5.727602375909281868e-02
3.400000000000000000e+01 3.000000000000000000e+01 1.490575785822519483e+00 6.734910063901583532e-02
3.300000000000000000e+01 3.000000000000000000e+01 1.462885224470448664e+00 6.845132355264202384e-02
3.400000000000000000e+01 3.000000000000000000e+01 1.435379911567294942e+00 8.012686278474238921e-02
3.300000000000000000e+01 3.200000000000000000e+01 1.452125943533147501e+00 6.224719687951391078e-02
3.300000000000000000e+01 3.000000000000000000e+01 1.685659726981729722e+00 4.864952110656337730e-02
3.700000000000000000e+01 3.200000000000000000e+01 1.680895410596126238e+00 4.687240661506349854e-02
3.600000000000000000e+01 3.600000000000000000e+01 1.458857648366578719e+00 5.541727026668367279e-02
3.600000000000000000e+01 3.600000000000000000e+01 1.454388751709676075e+00 5.466324062340776474e-02
3.600000000000000000e+01 3.500000000000000000e+01 1.473370724051087377e+00 5.218703569924647290e-02
3.400000000000000000e+01 3.500000000000000000e+01 1.232438469912646495e+00 6.150161687857177983e-02
3.300000000000000000e+01 3.500000000000000000e+01 1.211233389725125731e+00 7.227268667320434214e-02
3.600000000000000000e+01 3.500000000000000000e+01 1.433906601680673853e+00 7.422627581761359616e-02
3.500000000000000000e+01 3.400000000000000000e+01 1.444104997431675530e+00 7.637944418484728104e-02
4.000000000000000000e+01 3.900000000000000000e+01 1.461428141700623407e+00 8.953399292932420761e-02
3.900000000000000000e+01 3.600000000000000000e+01 1.506676394702753052e+00 7.126387893305768939e-02
3.900000000000000000e+01 3.500000000000000000e+01 1.775711651162481086e+00 5.909229625358673049e-02
4.400000000000000000e+01 3.500000000000000000e+01 1.858104539541587386e+00 5.543294628038828581e-02
4.400000000000000000e+01 3.500000000000000000e+01 2.162754837046077849e+00 5.309865755564980444e-02
4.100000000000000000e+01 3.600000000000000000e+01 1.844248950442143764e+00 6.257684432473634151e-02
4.100000000000000000e+01 3.600000000000000000e+01 2.136362850602696373e+00 6.146084784793411776e-02
4.000000000000000000e+01 4.100000000000000000e+01 1.976209395691277404e+00 6.208214118955480976e-02
3.700000000000000000e+01 4.200000000000000000e+01 1.602249187640720329e+00 7.310885747859695305e-02
3.400000000000000000e+01 4.200000000000000000e+01 1.164625080545200309e+00 8.580102682145462900e-02
3.400000000000000000e+01 4.000000000000000000e+01 1.381662085327304945e+00 7.449363996565110113e-02
3.500000000000000000e+01 4.000000000000000000e+01 1.625753738767732548e+00 7.374940637483090589e-02
3.400000000000000000e+01 4.200000000000000000e+01 1.441115502579674246e+00 8.694993162118253016e-02
3.400000000000000000e+01 4.200000000000000000e+01 1.695971583720860876e+00 9.008204418581206019e-02
3.300000000000000000e+01 4.200000000000000000e+01 1.762351057816007094e+00 1.057837691266010627e-01
3.200000000000000000e+01 4.000000000000000000e+01 1.835106311447721517e+00 1.012708424125239037e-01
3.100000000000000000e+01 3.900000000000000000e+01 1.891970970095595117e+00 9.767743434478677600e-02
3.000000000000000000e+01 3.700000000000000000e+01 1.933410598146100057e+00 9.184555722948485601e-02
3.000000000000000000e+01 3.700000000000000000e+01 1.982506240224264138e+00 9.725538507075057182e-02
2.900000000000000000e+01 3.900000000000000000e+01 1.822516325919639080e+00 1.139903878731769876e-01
3.200000000000000000e+01 4.100000000000000000e+01 1.888013122463427784e+00 1.122677360790169665e-01
3.300000000000000000e+01 4.400000000000000000e+01 2.200104256674910275e+00 1.069970918513924590e-01
3.000000000000000000e+01 4.200000000000000000e+01 1.890630572704925294e+00 1.004248874342723169e-01
2.900000000000000000e+01 4.400000000000000000e+01 1.737446874619666959e+00 8.430490437601331766e-02
2.900000000000000000e+01 4.300000000000000000e+01 1.762096175949066090e+00 7.596005097653482641e-02
2.900000000000000000e+01 4.200000000000000000e+01 1.813924128942529634e+00 7.307183536908035126e-02
2.900000000000000000e+01 4.100000000000000000e+01 2.108596868234473121e+00 6.993386251619060356e-02
2.900000000000000000e+01 4.300000000000000000e+01 2.166323391917974295e+00 8.243783119078297583e-02
2.800000000000000000e+01 4.300000000000000000e+01 2.051670643194877464e+00 9.678697834571875491e-02
2.800000000000000000e+01 4.300000000000000000e+01 2.106444319724543934e+00 1.132922950117388472e-01
2.600000000000000000e+01 4.100000000000000000e+01 1.744011273853047106e+00 9.741076976214940730e-02
2.400000000000000000e+01 4.100000000000000000e+01 1.500773738303897931e+00 1.018429371816799017e-01
2.600000000000000000e+01 3.900000000000000000e+01 1.704156023802470221e+00 9.124606950464919652e-02
2.300000000000000000e+01 3.800000000000000000e+01 9.844548214120971696e-01 9.635305231811169824e-02
2.300000000000000000e+01 3.800000000000000000e+01 8.812272301683236053e-01 8.842211717678584437e-02
2.300000000000000000e+01 3.800000000000000000e+01 7.439381178761864666e-01 9.311657406175576079e-02
2.600000000000000000e+01 3.900000000000000000e+01 5.749339576313631239e-01 1.089562974363294801e-01
2.500000000000000000e+01 3.700000000000000000e+01 4.625030575263772148e-01 9.400302919041245153e-02
2.500000000000000000e+01 3.500000000000000000e+01 5.585658567245735950e-01 7.507529722583446141e-02
2.500000000000000000e+01 3.400000000000000000e+01 6.697115134223750044e-01 7.404462319890996180e-02
2.600000000000000000e+01 3.400000000000000000e+01 7.974557735984907358e-01 7.106175699234666687e-02
2.800000000000000000e+01 3.700000000000000000e+01 7.263205126734960659e-01 8.373644750803747872e-02
3.100000000000000000e+01 4.300000000000000000e+01 8.687446655445155708e-01 7.604277395423847397e-02
3.200000000000000000e+01 4.200000000000000000e+01 1.030818261309569772e+00 6.691826094715130901e-02
3.400000000000000000e+01 4.500000000000000000e+01 9.529152071888858933e-01 7.920846763106491328e-02
3.500000000000000000e+01 4.800000000000000000e+01 1.136208936218299881e+00 9.347774132907799016e-02
3.500000000000000000e+01 4.900000000000000000e+01 1.342124902569470812e+00 9.942924402338201850e-02
3.800000000000000000e+01 5.000000000000000000e+01 1.571683413709644928e+00 1.167394514078728129e-01
3.800000000000000000e+01 5.000000000000000000e+01 1.823623926385454119e+00 1.261282313371905883e-01
3.900000000000000000e+01 5.300000000000000000e+01 1.642333218145973106e+00 1.473921113828711993e-01
3.800000000000000000e+01 5.300000000000000000e+01 1.243641142488750129e+00 1.490128071411939981e-01
3.900000000000000000e+01 5.300000000000000000e+01 9.946271149457323046e-01 1.263176591257039183e-01
3.900000000000000000e+01 5.100000000000000000e+01 1.179028509906294264e+00 1.087297500993094079e-01
3.800000000000000000e+01 4.800000000000000000e+01 1.169744124307745103e+00 8.954366726784161734e-02
3.800000000000000000e+01 4.900000000000000000e+01 1.162569369171236433e+00 7.648284517928903570e-02
4.300000000000000000e+01 5.200000000000000000e+01 1.376150945991414742e+00 6.361224215691561878e-02
4.300000000000000000e+01 5.100000000000000000e+01 1.615222185285493994e+00 5.881263834370544646e-02
4.400000000000000000e+01 5.400000000000000000e+01 1.403790530406245685e+00 6.946661881683549589e-02
4.400000000000000000e+01 5.600000000000000000e+01 1.437493495444011948e+00 6.974181378485257154e-02
4.600000000000000000e+01 5.600000000000000000e+01 1.695457615989792277e+00 6.832530936335512450e-02
4.500000000000000000e+01 5.700000000000000000e+01 1.744068240144267756e+00 7.030764801545597020e-02
4.400000000000000000e+01 5.900000000000000000e+01 1.801535658493870207e+00 8.323634247607515635e-02
4.600000000000000000e+01 6.300000000000000000e+01 1.891717393466502140e+00 8.635328967389889476e-02
4.500000000000000000e+01 6.500000000000000000e+01 1.969495707259857564e+00 1.020787974014475269e-01
4.600000000000000000e+01 6.800000000000000000e+01 2.058826424850119352e+00 1.099392646465477269e-01
4.600000000000000000e+01 6.900000000000000000e+01 2.182247370988283031e+00 1.174293934969544290e-01
4.300000000000000000e+01 7.000000000000000000e+01 1.839423171654031686e+00 1.277879812342299914e-01
4.200000000000000000e+01 6.900000000000000000e+01 1.921202864608000827e+00 1.363649684407368945e-01
4.100000000000000000e+01 6.800000000000000000e+01 1.994586601518152369e+00 1.497575479696166834e-01
4.300000000000000000e+01 7.000000000000000000e+01 2.344653021473876109e+00 1.620136928229251316e-01
4.200000000000000000e+01 7.000000000000000000e+01 2.514444255312644927e+00 1.899144590876392091e-01
4.200000000000000000e+01 6.900000000000000000e+01 2.698555776477712165e+00 1.889478812071508362e-01
4.000000000000000000e+01 6.500000000000000000e+01 2.439583283142401360e+00 1.770389037866757775e-01
4.000000000000000000e+01 6.100000000000000000e+01 2.560058004881445637e+00 1.599401739821511848e-01
4.100000000000000000e+01 5.800000000000000000e+01 2.692873340447280661e+00 1.416191483768187154e-01
4.100000000000000000e+01 5.800000000000000000e+01 2.620262921232857867e+00 1.291390428856731831e-01
4.200000000000000000e+01 5.700000000000000000e+01 2.731788881855967688e+00 1.290252552303005062e-01
4.100000000000000000e+01 5.600000000000000000e+01 2.637329167093131588e+00 1.289466272787280487e-01
4.000000000000000000e+01 5.800000000000000000e+01 2.508664692826752418e+00 1.515460769645296246e-01
3.700000000000000000e+01 5.800000000000000000e+01 1.977427579383949974e+00 1.774637643165490331e-01
3.600000000000000000e+01 5.500000000000000000e+01 2.082595445543645507e+00 1.707525012276840948e-01
3.300000000000000000e+01 5.300000000000000000e+01 1.738211132713155527e+00 1.645744559956365538e-01
3.300000000000000000e+01 5.100000000000000000e+01 1.788973571265834783e+00 1.642731097622082692e-01
3.300000000000000000e+01 5.100000000000000000e+01 2.083657527703027590e+00 1.640722459560078894e-01
3.600000000000000000e+01 5.200000000000000000e+01 2.404930463185191769e+00 1.550796997834944235e-01
3.300000000000000000e+01 5.100000000000000000e+01 1.859967340133912961e+00 1.603781646472763611e-01
3.300000000000000000e+01 4.900000000000000000e+01 1.899073098272765270e+00 1.613190289036854352e-01
3.300000000000000000e+01 4.700000000000000000e+01 1.742626824982012268e+00 1.501286020891940687e-01
3.200000000000000000e+01 4.500000000000000000e+01 1.495538463886979530e+00 1.527909511591351299e-01
3.100000000000000000e+01 4.700000000000000000e+01 1.246209762440812385e+00 1.558776069011698906e-01
3.000000000000000000e+01 4.500000000000000000e+01 1.211587356963683915e+00 1.553149947695275368e-01
3.100000000000000000e+01 4.300000000000000000e+01 1.414674572003205455e+00 1.545569717771152207e-01
2.900000000000000000e+01 4.100000000000000000e+01 1.204471479350723850e+00 1.450407279988565057e-01
3.500000000000000000e+01 4.400000000000000000e+01 1.166760851929927290e+00 1.324955051847180043e-01
3.600000000000000000e+01 3.900000000000000000e+01 1.366832479635526676e+00 9.657700119570232500e-02
3.500000000000000000e+01 3.700000000000000000e+01 1.349943904719277832e+00 7.576443640197227936e-02
3.900000000000000000e+01 3.900000000000000000e+01 1.073896823145798152e+00 7.823768196115456208e-02
4.200000000000000000e+01 3.900000000000000000e+01 1.278433937162566369e+00 7.563521418032533028e-02
4.200000000000000000e+01 3.800000000000000000e+01 1.507938697792873484e+00 7.467471437604830675e-02
4.100000000000000000e+01 3.700000000000000000e+01 1.546256865549333614e+00 6.653166726315472290e-02
4.100000000000000000e+01 3.600000000000000000e+01 1.804906687969201062e+00 6.599471628838297910e-02
4.000000000000000000e+01 3.500000000000000000e+01 1.827535078446214767e+00 6.701200945706384249e-02
3.800000000000000000e+01 3.600000000000000000e+01 1.658479877718638251e+00 7.874220707813173181e-02
3.800000000000000000e+01 3.500000000000000000e+01 1.925935285968636501e+00 7.836331907532260999e-02
3.900000000000000000e+01 3.600000000000000000e+01 1.762273103856531575e+00 9.189608451578279436e-02
3.900000000000000000e+01 3.300000000000000000e+01 1.817298787946560301e+00 7.430388266484266868e-02
3.600000000000000000e+01 3.500000000000000000e+01 1.373416941924343382e+00 8.718110131140419106e-02
3.700000000000000000e+01 3.200000000000000000e+01 1.605873244963192281e+00 6.545895045934110867e-02
3.500000000000000000e+01 3.200000000000000000e+01 1.385995968845274318e+00 6.652521750766925146e-02
3.300000000000000000e+01 3.200000000000000000e+01 1.149352156133482072e+00 7.824035748865038054e-02
3.300000000000000000e+01 3.400000000000000000e+01 1.376060793812749816e+00 7.806844237979511381e-02
3.500000000000000000e+01 3.600000000000000000e+01 1.634140629667501177e+00 8.133450238162777401e-02
3.500000000000000000e+01 3.700000000000000000e+01 1.707350676508691434e+00 9.550556215912738012e-02
3.700000000000000000e+01 3.900000000000000000e+01 2.008536023544220228e+00 1.013976662905560627e-01
3.600000000000000000e+01 3.600000000000000000e+01 2.126060680780003764e+00 8.536268090310740464e-02
3.800000000000000000e+01 3.700000000000000000e+01 2.233365481371136774e+00 7.747531276491032015e-02
3.700000000000000000e+01 3.900000000000000000e+01 2.090505067346410950e+00 9.092424161852094566e-02
3.500000000000000000e+01 3.800000000000000000e+01 2.003900987982059068e+00 9.049450615260434816e-02
3.800000000000000000e+01 4.000000000000000000e+01 1.862782763733600300e+00 1.060059894308728462e-01
3.800000000000000000e+01 3.700000000000000000e+01 2.187824263578170392e+00 8.883390407374884556e-02
3.900000000000000000e+01 3.500000000000000000e+01 2.544876618046437056e+00 7.969869690693535957e-02
3.800000000000000000e+01 3.600000000000000000e+01 2.670141549586250829e+00 9.340029380337604159e-02
3.900000000000000000e+01 3.800000000000000000e+01 2.823256756910735188e+00 1.091500106173480533e-01
3.600000000000000000e+01 3.400000000000000000e+01 2.566490701991532841e+00 8.344187666611987964e-02
3.400000000000000000e+01 3.400000000000000000e+01 2.436039108524064467e+00 7.316692860061474457e-02
3.300000000000000000e+01 3.500000000000000000e+01 2.235324452026136388e+00 7.495482976465223102e-02
3.100000000000000000e+01 3.200000000000000000e+01 1.879452349149983492e+00 5.051851280838527691e-02
2.800000000000000000e+01 3.000000000000000000e+01 1.383553503177103572e+00 3.669523447201545469e-02
2.600000000000000000e+01 3.000000000000000000e+01 1.075369741260997491e+00 4.343505773845336704e-02
2.500000000000000000e+01 3.000000000000000000e+01 9.567638771505960760e-01 4.083869452939693084e-02
2.800000000000000000e+01 3.300000000000000000e+01 8.352983452022818556e-01 4.853822096354716564e-02
3.000000000000000000e+01 3.400000000000000000e+01 9.946349275169577009e-01 5.742717113869611617e-02
3.300000000000000000e+01 3.500000000000000000e+01 1.175028479257331337e+00 5.731254940647312335e-02
3.400000000000000000e+01 3.500000000000000000e+01 1.376829527639531481e+00 6.766694951445442752e-02
3.400000000000000000e+01 3.700000000000000000e+01 1.167371787931346550e+00 7.977642560923335624e-02
3.200000000000000000e+01 3.800000000000000000e+01 9.136297315047688938e-01 9.372411246348562319e-02
3.200000000000000000e+01 3.800000000000000000e+01 1.095552070566174097e+00 8.549201088187660669e-02
3.300000000000000000e+01 3.700000000000000000e+01 1.302957130981867717e+00 8.825074279778138964e-02
3.400000000000000000e+01 4.100000000000000000e+01 1.297537473270498509e+00 1.037443108903807476e-01
3.400000000000000000e+01 4.100000000000000000e+01 1.535665670615523171e+00 1.093280392742840834e-01
4.300000000000000000e+01 4.500000000000000000e+01 1.802860625025628272e+00 1.070215452819962693e-01
4.200000000000000000e+01 4.400000000000000000e+01 1.878505967713344660e+00 1.023947458095186280e-01
4.200000000000000000e+01 4.300000000000000000e+01 1.935725757628735666e+00 9.695134047719611292e-02
4.100000000000000000e+01 4.000000000000000000e+01 2.017862158737183886e+00 7.826382730392139608e-02
3.900000000000000000e+01 4.000000000000000000e+01 1.817870495257978947e+00 9.156319397653486791e-02
3.900000000000000000e+01 4.100000000000000000e+01 1.880750287599425974e+00 7.214947953709041628e-02
3.900000000000000000e+01 3.900000000000000000e+01 1.921545303886697864e+00 6.185952792404299239e-02
3.700000000000000000e+01 3.900000000000000000e+01 1.700391200425648952e+00 7.260139296536190223e-02
4.000000000000000000e+01 3.800000000000000000e+01 1.524814451585595032e+00 6.067698909670194568e-02
3.800000000000000000e+01 3.800000000000000000e+01 1.281443969759771262e+00 7.133225492429760839e-02
3.700000000000000000e+01 4.000000000000000000e+01 1.017148803652619948e+00 8.372160789001258097e-02
3.800000000000000000e+01 4.000000000000000000e+01 1.211964804949666297e+00 8.213458686069162462e-02
3.800000000000000000e+01 4.300000000000000000e+01 1.216659440535847292e+00 7.386407133718671247e-02
3.700000000000000000e+01 4.300000000000000000e+01 1.204939765494596360e+00 8.670744617738496141e-02
3.800000000000000000e+01 4.200000000000000000e+01 1.440554269357073425e+00 7.720532483251878186e-02
3.700000000000000000e+01 4.200000000000000000e+01 1.490734767185959653e+00 7.861258751894852070e-02
3.600000000000000000e+01 4.100000000000000000e+01 1.551377935665281482e+00 8.025729921346483331e-02
4.100000000000000000e+01 4.400000000000000000e+01 1.841326516684761438e+00 8.067177740613074022e-02
4.500000000000000000e+01 4.500000000000000000e+01 2.165501403755346832e+00 9.501808875840123125e-02
4.500000000000000000e+01 4.500000000000000000e+01 2.523288448183250487e+00 1.010906732079689813e-01
4.400000000000000000e+01 4.600000000000000000e+01 2.481038290282414849e+00 9.767581644380872452e-02
4.200000000000000000e+01 4.600000000000000000e+01 2.404256794976385336e+00 1.025398252230478174e-01
4.000000000000000000e+01 4.500000000000000000e+01 2.270076154660606971e+00 9.925335075974218990e-02
3.900000000000000000e+01 4.400000000000000000e+01 2.167577229496369107e+00 1.025439717617256385e-01
3.800000000000000000e+01 4.400000000000000000e+01 2.029314410790797663e+00 1.098176910912359444e-01
3.700000000000000000e+01 4.300000000000000000e+01 2.072520405865596604e+00 1.165215754699222284e-01
3.900000000000000000e+01 4.300000000000000000e+01 2.146957241932994087e+00 1.258317824938095797e-01
4.000000000000000000e+01 4.200000000000000000e+01 2.273702187650832762e+00 1.330220037833411695e-01
4.100000000000000000e+01 4.200000000000000000e+01 2.406900784143223060e+00 1.203622681849275539e-01
4.100000000000000000e+01 4.000000000000000000e+01 2.761459376478353267e+00 1.161955614329248238e-01
3.600000000000000000e+01 3.600000000000000000e+01 2.012034458987903118e+00 9.344453671014614493e-02
3.300000000000000000e+01 3.400000000000000000e+01 1.586598706044174856e+00 8.469829750748900099e-02
3.200000000000000000e+01 3.300000000000000000e+01 1.357727323770467676e+00 8.512401127575869308e-02
3.200000000000000000e+01 3.100000000000000000e+01 1.587198205980332677e+00 7.163038307294773699e-02
3.100000000000000000e+01 3.100000000000000000e+01 1.537947149650089829e+00 8.416964597447885998e-02
3.200000000000000000e+01 2.800000000000000000e+01 1.798011352556540210e+00 6.711677844087005074e-02
3.000000000000000000e+01 2.800000000000000000e+01 1.627799610508612549e+00 7.894938847362539813e-02
3.000000000000000000e+01 2.900000000000000000e+01 1.895227169307262205e+00 7.886504511247335869e-02
3.000000000000000000e+01 3.100000000000000000e+01 1.754942233581715749e+00 8.227880279769132776e-02
3.500000000000000000e+01 3.300000000000000000e+01 1.551954537458980266e+00 9.666747554498585082e-02
3.500000000000000000e+01 3.800000000000000000e+01 1.546222418314404878e+00 1.029074651430583465e-01
3.400000000000000000e+01 3.800000000000000000e+01 1.349809908822384052e+00 1.202027432818416897e-01
3.500000000000000000e+01 3.800000000000000000e+01 1.374700884398129208e+00 1.052544544650319547e-01
3.500000000000000000e+01 3.600000000000000000e+01 1.620228248066148513e+00 9.668743317243036484e-02
3.700000000000000000e+01 3.600000000000000000e+01 1.675401481944521542e+00 9.892248494667649217e-02
3.800000000000000000e+01 3.600000000000000000e+01 1.950189195806575126e+00 8.904663287926055382e-02
4.000000000000000000e+01 3.500000000000000000e+01 2.249439398669876855e+00 9.005353808911058244e-02
3.700000000000000000e+01 3.300000000000000000e+01 1.920266691850778473e+00 8.402077415975751917e-02
3.300000000000000000e+01 3.200000000000000000e+01 1.283634741507721166e+00 8.739806745459889614e-02
3.300000000000000000e+01 3.100000000000000000e+01 1.251511567731104391e+00 7.731264363912586368e-02
3.500000000000000000e+01 2.800000000000000000e+01 1.457098860479330238e+00 5.312157140238022573e-02
3.400000000000000000e+01 2.700000000000000000e+01 1.400040799111415435e+00 5.003129652638341890e-02
3.300000000000000000e+01 2.800000000000000000e+01 1.364247194477063996e+00 4.815727235561290814e-02
3.800000000000000000e+01 2.800000000000000000e+01 1.590470114785266897e+00 4.258588843534723278e-02
3.700000000000000000e+01 2.700000000000000000e+01 1.598190963637667661e+00 3.957703296093827844e-02
3.600000000000000000e+01 2.700000000000000000e+01 1.605183849566963028e+00 4.664236371701949851e-02
3.600000000000000000e+01 2.900000000000000000e+01 1.417459339598874601e+00 5.492184310996040680e-02
3.700000000000000000e+01 2.800000000000000000e+01 1.424355771603044829e+00 5.230168874198615897e-02
3.500000000000000000e+01 2.900000000000000000e+01 1.170249985020024086e+00 4.056456014517287323e-02
3.800000000000000000e+01 3.200000000000000000e+01 1.114413986125020406e+00 3.605953940156030046e-02
3.900000000000000000e+01 3.400000000000000000e+01 1.063516954868412467e+00 4.302420598442967259e-02
4.000000000000000000e+01 3.500000000000000000e+01 1.281601643069156138e+00 5.115218124630287883e-02
3.900000000000000000e+01 3.500000000000000000e+01 1.314241419091936924e+00 6.061133249073397122e-02
3.900000000000000000e+01 3.600000000000000000e+01 1.574583602208323052e+00 7.168380966044031466e-02
4.000000000000000000e+01 3.700000000000000000e+01 1.869118346072550230e+00 8.453918903543458652e-02
3.900000000000000000e+01 3.700000000000000000e+01 1.980784286508547432e+00 9.935368247988228541e-02
3.900000000000000000e+01 3.800000000000000000e+01 2.320876749069203271e+00 1.164547137736573756e-01
3.900000000000000000e+01 3.700000000000000000e+01 2.693701951764744251e+00 1.255024963853348940e-01
4.000000000000000000e+01 3.500000000000000000e+01 2.881071511863007473e+00 1.236343395512770199e-01
3.800000000000000000e+01 3.400000000000000000e+01 2.401865162134924514e+00 1.212995268215111833e-01
3.500000000000000000e+01 3.000000000000000000e+01 2.054434849218261583e+00 9.553686317564255570e-02
3.400000000000000000e+01 3.000000000000000000e+01 1.621876589182532413e+00 9.896711056785365002e-02
3.400000000000000000e+01 2.800000000000000000e+01 1.671428685943774806e+00 7.466629399180860216e-02
3.300000000000000000e+01 2.700000000000000000e+01 1.702031671533744017e+00 7.104678138279373056e-02
3.400000000000000000e+01 2.500000000000000000e+01 1.759070190998424765e+00 5.838352869185054611e-02
3.400000000000000000e+01 2.400000000000000000e+01 1.797417446282538966e+00 4.191023694234480984e-02
3.300000000000000000e+01 2.400000000000000000e+01 1.600678809893109067e+00 3.732450730975245962e-02
3.500000000000000000e+01 2.800000000000000000e+01 1.603801515109426479e+00 4.438665722054832563e-02
3.500000000000000000e+01 2.900000000000000000e+01 1.612069358294470067e+00 5.247389947679189509e-02
3.600000000000000000e+01 3.100000000000000000e+01 1.670998746329758422e+00 6.191292303172939854e-02
4.000000000000000000e+01 3.200000000000000000e+01 1.736220924589023440e+00 6.075469095898624466e-02
4.000000000000000000e+01 3.200000000000000000e+01 1.783540189174558366e+00 7.148176224883792673e-02
4.000000000000000000e+01 3.100000000000000000e+01 2.074408985329493582e+00 7.335904897641074007e-02
3.900000000000000000e+01 3.300000000000000000e+01 1.957267185040429958e+00 6.361910020126675114e-02
3.700000000000000000e+01 3.400000000000000000e+01 1.774884562313336911e+00 7.488025209404675087e-02
3.600000000000000000e+01 3.500000000000000000e+01 1.788214359862519753e+00 8.786300475142451438e-02
4.000000000000000000e+01 3.900000000000000000e+01 1.847551274838046265e+00 9.246261374018706347e-02
4.000000000000000000e+01 4.300000000000000000e+01 1.666465179649165629e+00 1.080977414585544000e-01
4.000000000000000000e+01 4.000000000000000000e+01 1.917446699780317676e+00 9.089392396756440506e-02
3.900000000000000000e+01 4.100000000000000000e+01 1.493747923538830902e+00 8.493268342387519376e-02
3.700000000000000000e+01 3.800000000000000000e+01 1.262383570916900233e+00 6.229548349732032947e-02
3.600000000000000000e+01 3.600000000000000000e+01 1.202141184942801200e+00 5.005578268588082441e-02
3.700000000000000000e+01 3.700000000000000000e+01 1.164810517842961080e+00 4.282635584478423213e-02
4.100000000000000000e+01 3.900000000000000000e+01 1.086429023996136944e+00 5.049348625543340074e-02
4.100000000000000000e+01 3.700000000000000000e+01 1.295260886756463670e+00 3.668495813268714961e-02
4.000000000000000000e+01 3.700000000000000000e+01 1.293110574818807423e+00 4.344872793557319479e-02
4.100000000000000000e+01 3.700000000000000000e+01 1.538099590800736438e+00 4.088912264031153987e-02
4.400000000000000000e+01 3.900000000000000000e+01 1.814927032734418244e+00 4.859352138197968463e-02
4.300000000000000000e+01 4.100000000000000000e+01 1.906690266903433129e+00 5.759938449161924878e-02
4.300000000000000000e+01 4.000000000000000000e+01 1.987025360845393607e+00 5.749356064089621715e-02
4.300000000000000000e+01 4.200000000000000000e+01 2.078713299884093146e+00 6.807493025614748394e-02
4.200000000000000000e+01 4.300000000000000000e+01 1.943230094989488288e+00 8.033451521744898460e-02
4.200000000000000000e+01 4.600000000000000000e+01 1.820465353640651207e+00 9.464008419735335520e-02
4.300000000000000000e+01 4.700000000000000000e+01 2.144226210684645917e+00 9.727546451536212002e-02
4.200000000000000000e+01 4.600000000000000000e+01 2.285818461015411973e+00 1.003410244665393775e-01
4.200000000000000000e+01 4.800000000000000000e+01 2.417333160065738618e+00 1.074898521824519532e-01
4.000000000000000000e+01 4.900000000000000000e+01 2.342939085571548397e+00 1.261304915874161270e-01
3.900000000000000000e+01 4.900000000000000000e+01 2.279002108979033547e+00 1.250184136479433883e-01
4.000000000000000000e+01 4.800000000000000000e+01 2.179960149832647964e+00 1.340617196178831572e-01
4.200000000000000000e+01 4.500000000000000000e+01 2.523015666186681827e+00 1.095875146989426646e-01
4.000000000000000000e+01 4.800000000000000000e+01 2.005678804640514734e+00 1.126941908839935585e-01
3.900000000000000000e+01 4.600000000000000000e+01 2.056439324490701104e+00 1.078570350426090868e-01
3.800000000000000000e+01 4.600000000000000000e+01 1.874927774831472993e+00 1.264890571957967003e-01
3.700000000000000000e+01 5.000000000000000000e+01 1.679152210098227238e+00 1.376231638477984354e-01
3.700000000000000000e+01 4.800000000000000000e+01 1.969163935390292997e+00 1.363752414128912849e-01
3.700000000000000000e+01 4.600000000000000000e+01 2.288802379390668218e+00 1.346168552435766108e-01
3.500000000000000000e+01 4.500000000000000000e+01 1.986624769960382508e+00 1.220445852522343139e-01
3.500000000000000000e+01 4.000000000000000000e+01 2.295943287617329798e+00 7.446927365727899761e-02
3.300000000000000000e+01 3.900000000000000000e+01 2.131290890269259553e+00 7.525520012850890617e-02
3.300000000000000000e+01 3.600000000000000000e+01 2.166542234951910118e+00 5.678344960193895674e-02
3.100000000000000000e+01 3.800000000000000000e+01 1.966993443006859410e+00 6.712005990893729623e-02
3.200000000000000000e+01 3.900000000000000000e+01 2.010956057116782603e+00 7.906285465949991487e-02
3.100000000000000000e+01 4.100000000000000000e+01 1.885802060473822150e+00 9.291230129559979734e-02
3.000000000000000000e+01 3.900000000000000000e+01 1.523828939427969820e+00 8.617831234164943788e-02
3.000000000000000000e+01 3.900000000000000000e+01 1.529950779220770496e+00 8.721175232531233612e-02
2.900000000000000000e+01 3.900000000000000000e+01 1.514816220909269928e+00 1.022953459984347196e-01
2.900000000000000000e+01 3.800000000000000000e+01 1.762625632905240991e+00 9.340203478969275053e-02
2.600000000000000000e+01 4.100000000000000000e+01 1.360544481617257384e+00 1.096855108752608637e-01
2.600000000000000000e+01 4.000000000000000000e+01 1.587688754048043105e+00 9.368976615839988420e-02
2.500000000000000000e+01 4.000000000000000000e+01 1.359378918908581868e+00 1.098403620574737172e-01
2.500000000000000000e+01 4.100000000000000000e+01 1.587646735744006943e+00 1.041917492471520490e-01
2.500000000000000000e+01 4.000000000000000000e+01 1.599256035148846733e+00 1.113853911197598828e-01
2.400000000000000000e+01 3.700000000000000000e+01 1.632631921750711701e+00 9.521316163437883173e-02
2.100000000000000000e+01 3.700000000000000000e+01 1.164042262409703765e+00 1.114034871978168417e-01
2.100000000000000000e+01 3.600000000000000000e+01 1.367048955904069718e+00 1.040682315941164199e-01
2.100000000000000000e+01 3.600000000000000000e+01 1.373272579682409678e+00 9.725149834751885269e-02
2.100000000000000000e+01 3.500000000000000000e+01 1.592898204292377606e+00 9.109230044926384939e-02
2.100000000000000000e+01 3.400000000000000000e+01 1.830148361145183644e+00 8.217400414659881136e-02
1.900000000000000000e+01 3.300000000000000000e+01 1.649529559945738022e+00 8.414384640239125357e-02
1.700000000000000000e+01 3.500000000000000000e+01 1.177406985683631557e+00 9.857945784828696378e-02
1.500000000000000000e+01 3.300000000000000000e+01 8.687694873596413236e-01 9.401291776500700359e-02
1.600000000000000000e+01 3.400000000000000000e+01 7.685459796539628741e-01 9.584138495914726330e-02
1.700000000000000000e+01 3.500000000000000000e+01 6.819786831389137438e-01 9.790045596181132237e-02
1.900000000000000000e+01 3.200000000000000000e+01 8.039449567799588081e-01 6.671629945051435473e-02
1.900000000000000000e+01 3.100000000000000000e+01 7.004927798286907370e-01 6.600323325583455636e-02
1.900000000000000000e+01 3.000000000000000000e+01 8.280933078904255673e-01 6.343207368346470698e-02
2.000000000000000000e+01 2.900000000000000000e+01 7.533861249040165742e-01 6.390240625079440795e-02
2.000000000000000000e+01 2.800000000000000000e+01 8.869135092022027989e-01 6.284993920388974586e-02
2.000000000000000000e+01 2.700000000000000000e+01 1.033855669426446022e+00 6.167914225574336329e-02
1.900000000000000000e+01 2.700000000000000000e+01 9.764955022057727474e-01 7.246418457383807521e-02
2.100000000000000000e+01 2.800000000000000000e+01 1.125864093330084303e+00 7.448140733999539242e-02
2.000000000000000000e+01 2.700000000000000000e+01 1.068567343161166194e+00 7.508077427318823882e-02
1.900000000000000000e+01 2.500000000000000000e+01 9.985104887348623670e-01 6.526049516863056954e-02
1.900000000000000000e+01 2.700000000000000000e+01 6.538410890241442841e-01 7.662262500686618794e-02
1.900000000000000000e+01 2.500000000000000000e+01 7.514610302214962401e-01 6.524095332742341213e-02
1.800000000000000000e+01 2.600000000000000000e+01 5.964560350938927780e-01 7.657566661553905085e-02
1.700000000000000000e+01 2.600000000000000000e+01 4.288945046978505093e-01 8.954395322534321189e-02
2.000000000000000000e+01 3.100000000000000000e+01 5.119177588424764780e-01 8.213546472128288589e-02
2.100000000000000000e+01 2.900000000000000000e+01 6.062339875874682704e-01 7.315850579260753384e-02
2.000000000000000000e+01 2.900000000000000000e+01 4.958819924047258576e-01 7.151421551502827600e-02
2.000000000000000000e+01 2.700000000000000000e+01 5.935550492196722816e-01 5.907756891644408426e-02
1.900000000000000000e+01 2.600000000000000000e+01 4.887282698781689749e-01 5.703711163830681857e-02
2.000000000000000000e+01 2.700000000000000000e+01 5.943943264569615526e-01 5.303430875692705798e-02
2.100000000000000000e+01 2.700000000000000000e+01 7.169957395524196864e-01 6.226614167209236494e-02
2.100000000000000000e+01 2.600000000000000000e+01 8.574667048527591096e-01 6.238245006715696650e-02
2.300000000000000000e+01 2.500000000000000000e+01 8.004948170592283141e-01 6.245621199169344717e-02
2.300000000000000000e+01 2.400000000000000000e+01 9.571171260586015528e-01 6.088778243279328872e-02
2.600000000000000000e+01 2.400000000000000000e+01 1.134142138432896019e+00 5.910187093562677130e-02
2.600000000000000000e+01 2.500000000000000000e+01 1.330443871481643336e+00 5.707056492804215425e-02
2.500000000000000000e+01 2.400000000000000000e+01 1.329041063634032849e+00 5.619498107367663225e-02
2.500000000000000000e+01 2.400000000000000000e+01 1.540641636289237004e+00 5.358085217368441927e-02
2.300000000000000000e+01 2.500000000000000000e+01 1.335563660633339866e+00 6.262729728576602040e-02
2.500000000000000000e+01 2.800000000000000000e+01 1.102717594035379500e+00 6.103164716069631873e-02
2.400000000000000000e+01 2.700000000000000000e+01 1.056600525539259428e+00 4.514596360220584498e-02
2.500000000000000000e+01 2.500000000000000000e+01 1.219882193825724714e+00 2.688568168453217902e-02
2.800000000000000000e+01 2.700000000000000000e+01 1.136795415069502324e+00 3.205875498618905584e-02
2.800000000000000000e+01 2.700000000000000000e+01 8.290820025019530748e-01 3.802469661066575080e-02
2.900000000000000000e+01 2.700000000000000000e+01 7.312880801095684724e-01 4.499104194559631897e-02
3.000000000000000000e+01 2.700000000000000000e+01 8.661041418665168523e-01 5.309615186160374783e-02
3.200000000000000000e+01 3.100000000000000000e+01 1.017526412201125163e+00 6.268807159088889136e-02
3.300000000000000000e+01 3.400000000000000000e+01 9.688463458541445306e-01 6.327379852311687536e-02
3.200000000000000000e+01 3.600000000000000000e+01 8.922368567209321144e-01 7.435415401805586799e-02
3.200000000000000000e+01 3.500000000000000000e+01 1.050197257626515723e+00 7.316437068419240353e-02
3.400000000000000000e+01 3.500000000000000000e+01 1.226773925941155863e+00 6.479752371911913500e-02
3.300000000000000000e+01 3.600000000000000000e+01 1.182378610147204023e+00 7.607160496259628146e-02
3.500000000000000000e+01 4.000000000000000000e+01 1.113423692984478519e+00 8.917253863440714745e-02
3.600000000000000000e+01 4.000000000000000000e+01 1.303788838957105067e+00 9.194044983059597442e-02
3.500000000000000000e+01 3.700000000000000000e+01 1.081247233052192724e+00 7.553929606060076629e-02
3.600000000000000000e+01 3.500000000000000000e+01 1.269639751777880576e+00 5.176701570415895293e-02
3.700000000000000000e+01 3.600000000000000000e+01 1.241489914313795628e+00 4.688718131444057774e-02
3.600000000000000000e+01 3.600000000000000000e+01 1.170746998378624726e+00 5.513508137734218079e-02
3.600000000000000000e+01 3.500000000000000000e+01 1.386971401773320345e+00 5.082380351331918650e-02
3.600000000000000000e+01 3.500000000000000000e+01 1.413125377089398560e+00 4.938884245887173452e-02
3.600000000000000000e+01 3.400000000000000000e+01 1.661327935764689956e+00 4.616780182209971606e-02
3.600000000000000000e+01 3.800000000000000000e+01 1.698826537994981178e+00 5.487652480803847932e-02
3.500000000000000000e+01 4.000000000000000000e+01 1.548659738369148053e+00 6.493588220838755753e-02
3.500000000000000000e+01 4.300000000000000000e+01 1.578479396038902971e+00 7.667207380583759835e-02
3.400000000000000000e+01 4.300000000000000000e+01 1.639032618380031892e+00 7.966016653492964672e-02
3.400000000000000000e+01 4.300000000000000000e+01 1.686843122445575993e+00 8.312788655823438733e-02
3.300000000000000000e+01 4.300000000000000000e+01 1.722463517846394510e+00 9.758712113036806246e-02
3.300000000000000000e+01 4.200000000000000000e+01 2.030510193211770620e+00 1.003877972718225098e-01
3.400000000000000000e+01 4.300000000000000000e+01 2.371670103744558222e+00 1.055259041616288807e-01
3.700000000000000000e+01 4.400000000000000000e+01 2.528474170257428266e+00 8.007018888260467038e-02
3.600000000000000000e+01 4.300000000000000000e+01 2.431171377460609850e+00 8.357657025346566793e-02
3.600000000000000000e+01 4.200000000000000000e+01 2.579524476893763740e+00 8.429886631712180112e-02
3.200000000000000000e+01 4.200000000000000000e+01 2.015183843577120548e+00 9.911467223852130082e-02
3.100000000000000000e+01 4.300000000000000000e+01 1.865399597521401276e+00 1.042137384929144456e-01
3.000000000000000000e+01 4.200000000000000000e+01 1.933989596408532519e+00 1.082449382354233186e-01
2.900000000000000000e+01 4.200000000000000000e+01 1.741757941859828129e+00 1.267848675856242668e-01
2.600000000000000000e+01 4.100000000000000000e+01 1.309893904240397422e+00 1.375274061744302112e-01
2.800000000000000000e+01 4.300000000000000000e+01 1.311685608314164586e+00 1.153140893548692397e-01
2.800000000000000000e+01 4.100000000000000000e+01 1.528419746323825601e+00 9.807604630421248859e-02
3.100000000000000000e+01 4.100000000000000000e+01 1.765942654207008466e+00 8.877063485320534075e-02
3.400000000000000000e+01 4.100000000000000000e+01 1.523396037976147088e+00 9.350284243356009328e-02
3.500000000000000000e+01 3.900000000000000000e+01 1.755158432714337025e+00 8.675553270095630320e-02
3.500000000000000000e+01 4.100000000000000000e+01 1.526670745487026970e+00 8.072410337798130442e-02
3.300000000000000000e+01 4.100000000000000000e+01 1.292796448442311563e+00 8.249463374314648656e-02
3.400000000000000000e+01 4.200000000000000000e+01 1.226343776343167935e+00 8.459294772282777153e-02
3.400000000000000000e+01 4.100000000000000000e+01 1.415959989058018120e+00 7.276865392471459915e-02
3.500000000000000000e+01 4.100000000000000000e+01 1.145060412637501246e+00 7.512573037424187528e-02
3.900000000000000000e+01 4.500000000000000000e+01 8.260579708721226266e-01 8.852614440516201610e-02
3.900000000000000000e+01 4.400000000000000000e+01 9.815275786211455911e-01 8.995451560965143922e-02
4.100000000000000000e+01 4.300000000000000000e+01 1.157725585106678334e+00 9.503876678008776890e-02
4.300000000000000000e+01 4.600000000000000000e+01 1.116255177643271645e+00 1.115108157368546182e-01
4.400000000000000000e+01 4.900000000000000000e+01 1.097145465687162202e+00 1.095097925967005587e-01
4.600000000000000000e+01 4.900000000000000000e+01 1.079492133334208681e+00 1.053315962455968618e-01
4.800000000000000000e+01 4.900000000000000000e+01 1.064253074851813086e+00 9.865238629059629172e-02
4.800000000000000000e+01 4.700000000000000000e+01 1.269029595235710017e+00 8.925778147804999674e-02
4.700000000000000000e+01 4.600000000000000000e+01 1.284042199490202263e+00 9.058237896668715206e-02
4.700000000000000000e+01 4.700000000000000000e+01 1.522183076070499741e+00 9.226490708734631785e-02
4.800000000000000000e+01 4.800000000000000000e+01 1.790306310509810261e+00 9.427229199154747719e-02
4.800000000000000000e+01 4.800000000000000000e+01 1.872491458500016970e+00 9.994614531127332668e-02
4.500000000000000000e+01 4.600000000000000000e+01 1.530277413642858075e+00 9.428678789227555590e-02
4.400000000000000000e+01 4.400000000000000000e+01 1.565896733311717082e+00 8.615442507453152654e-02
5.100000000000000000e+01 4.600000000000000000e+01 1.616060035320128430e+00 8.731326672288479418e-02
5.200000000000000000e+01 4.600000000000000000e+01 1.919657282212925642e+00 8.673846193961760875e-02
5.400000000000000000e+01 4.900000000000000000e+01 2.001908330320290919e+00 9.175697827501809456e-02
5.400000000000000000e+01 5.000000000000000000e+01 2.125507917978011641e+00 1.079535627902473705e-01
5.400000000000000000e+01 4.900000000000000000e+01 2.508975352649400747e+00 1.127509709716527919e-01
5.600000000000000000e+01 5.000000000000000000e+01 2.697683012634552124e+00 1.322577357649512009e-01
5.700000000000000000e+01 4.600000000000000000e+01 2.930616736874473549e+00 1.126096836473654966e-01
5.600000000000000000e+01 4.400000000000000000e+01 3.162613175854005032e+00 1.092606018721536537e-01
5.400000000000000000e+01 4.200000000000000000e+01 3.221120926485056213e+00 1.036236011271786661e-01
5.100000000000000000e+01 4.300000000000000000e+01 2.755388033650097768e+00 1.111389572990008068e-01
5.000000000000000000e+01 4.300000000000000000e+01 2.743260378079603878e+00 1.163755973995375254e-01
5.000000000000000000e+01 4.200000000000000000e+01 2.706235040801064695e+00 1.153010172152301033e-01
4.900000000000000000e+01 4.200000000000000000e+01 2.861109037190106896e+00 1.124410023152762478e-01
5.300000000000000000e+01 4.000000000000000000e+01 3.319093593882227466e+00 9.679963181816401974e-02
5.200000000000000000e+01 4.000000000000000000e+01 3.293654990332039567e+00 1.136268150506587055e-01
5.100000000000000000e+01 4.600000000000000000e+01 3.089346805898771198e+00 1.332684021572286548e-01
4.800000000000000000e+01 4.200000000000000000e+01 2.875915008645173909e+00 1.101389710744218736e-01
4.700000000000000000e+01 4.200000000000000000e+01 2.824124822756020059e+00 1.149707560188162614e-01
4.500000000000000000e+01 4.100000000000000000e+01 2.760172383942304908e+00 1.204819798939049530e-01
4.400000000000000000e+01 4.000000000000000000e+01 2.662111252220642488e+00 1.196761811597245179e-01
4.100000000000000000e+01 3.700000000000000000e+01 2.355977300096035343e+00 1.064112978004678467e-01
4.000000000000000000e+01 3.500000000000000000e+01 2.014740382725774825e+00 9.987919941373005206e-02
4.100000000000000000e+01 4.000000000000000000e+01 2.050897223039401585e+00 7.171578371073154823e-02
3.900000000000000000e+01 4.000000000000000000e+01 1.902421256707243380e+00 6.825071558405007566e-02
3.800000000000000000e+01 4.100000000000000000e+01 1.938745499668739880e+00 8.024569603095862980e-02
3.700000000000000000e+01 4.000000000000000000e+01 1.988538723349372983e+00 8.351443633561959901e-02
3.600000000000000000e+01 4.000000000000000000e+01 2.118506431579286087e+00 8.569547053235129774e-02
3.500000000000000000e+01 4.000000000000000000e+01 2.261295003339466980e+00 8.818880152268289419e-02
3.700000000000000000e+01 4.000000000000000000e+01 2.633101358442576423e+00 8.926876551704235330e-02
3.700000000000000000e+01 4.000000000000000000e+01 3.036885603083221863e+00 9.053908637246284308e-02
3.400000000000000000e+01 4.400000000000000000e+01 2.603052726820607177e+00 8.511104885917035456e-02
3.200000000000000000e+01 4.400000000000000000e+01 2.257345860422518058e+00 8.901940115659183472e-02
3.400000000000000000e+01 4.900000000000000000e+01 1.916072253809448789e+00 7.987581145616996781e-02
3.400000000000000000e+01 4.700000000000000000e+01 1.705712474817142832e+00 6.920765262898682935e-02
3.400000000000000000e+01 4.900000000000000000e+01 1.976022191520234284e+00 5.541301675261378623e-02
3.200000000000000000e+01 4.900000000000000000e+01 1.770846090901629255e+00 5.501190801824771409e-02
3.000000000000000000e+01 4.900000000000000000e+01 1.589802309079483500e+00 6.511630724015726734e-02
3.600000000000000000e+01 5.100000000000000000e+01 1.584292493221249210e+00 7.698067738280944816e-02
3.600000000000000000e+01 5.100000000000000000e+01 1.579512972195239451e+00 9.065106426392731398e-02
3.600000000000000000e+01 5.000000000000000000e+01 1.837376125433622276e+00 8.550089163417860794e-02
3.500000000000000000e+01 5.200000000000000000e+01 1.661683587923531213e+00 1.006375444443359385e-01
3.500000000000000000e+01 5.200000000000000000e+01 1.918735348917202543e+00 9.552315337927302918e-02
3.400000000000000000e+01 5.300000000000000000e+01 1.956454862246872040e+00 1.017528796239503819e-01
3.300000000000000000e+01 5.300000000000000000e+01 1.534929798361028164e+00 1.088831257204089242e-01
3.200000000000000000e+01 5.400000000000000000e+01 1.520248747163502001e+00 1.137781685131267900e-01
3.100000000000000000e+01 5.100000000000000000e+01 1.261728465382438547e+00 1.017273226323237439e-01
3.000000000000000000e+01 5.100000000000000000e+01 9.540830436064008380e-01 1.072566544304938002e-01
