0.000000000000000000e+00 0.000000000000000000e+00 0.000000000000000000e+00 0.000000000000000000e+00
4.700000000000000000e+01 1.510000000000000000e+02 1.025677367724452116e-02 7.469362411263831374e-03
5.100000000000000000e+01 2.350000000000000000e+02 1.462521041864072932e-02 1.324028774654100946e-02
5.100000000000000000e+01 2.370000000000000000e+02 1.958994064475694241e-02 1.619864541915634268e-02
5.300000000000000000e+01 2.800000000000000000e+02 2.664465048567437114e-02 2.181508345745956576e-02
5.700000000000000000e+01 3.690000000000000000e+02 3.647151007491131885e-02 3.090671187411724030e-02
5.700000000000000000e+01 4.080000000000000000e+02 4.865600388665059645e-02 3.946792646277826055e-02
5.700000000000000000e+01 4.100000000000000000e+02 6.479345530930075148e-02 4.801337032304284907e-02
5.800000000000000000e+01 4.740000000000000000e+02 8.632216487377511460e-02 6.141893213634543047e-02
5.800000000000000000e+01 5.160000000000000000e+02 1.144443676343718658e-01 7.655718870532246534e-02
5.800000000000000000e+01 6.290000000000000000e+02 1.513182201090937373e-01 9.836896036092471207e-02
5.800000000000000000e+01 6.650000000000000000e+02 1.994579310893196955e-01 1.209304523188425295e-01
6.000000000000000000e+01 7.120000000000000000e+02 2.624332011880057824e-01 1.486913907337605312e-01
6.000000000000000000e+01 7.420000000000000000e+02 3.433754101509157164e-01 1.813048679959474996e-01
6.000000000000000000e+01 7.490000000000000000e+02 4.472973002867785541e-01 2.194068528879472846e-01
6.000000000000000000e+01 8.020000000000000000e+02 5.797880892756239746e-01 2.674416512370425547e-01
6.000000000000000000e+01 8.120000000000000000e+02 7.473809933527187921e-01 3.229482557985893232e-01
6.000000000000000000e+01 8.250000000000000000e+02 9.575365344542984269e-01 3.895425855258069503e-01
6.000000000000000000e+01 8.460000000000000000e+02 1.218541775807115757e+00 4.695081362648676482e-01
6.100000000000000000e+01 9.360000000000000000e+02 1.539518905262849957e+00 5.682797849465229811e-01
6.500000000000000000e+01 1.004000000000000000e+03 1.930161447059873137e+00 6.848047237942070931e-01
6.500000000000000000e+01 1.064000000000000000e+03 2.398176525993614749e+00 8.228103796246619694e-01
6.600000000000000000e+01 1.165000000000000000e+03 2.952655323704871826e+00 9.883289754637617497e-01
6.600000000000000000e+01 1.241000000000000000e+03 3.599978628842429362e+00 1.182716442251123157e+00
6.800000000000000000e+01 1.400000000000000000e+03 4.345293073230534375e+00 1.415863134470505935e+00
6.800000000000000000e+01 1.416000000000000000e+03 5.189551550110424571e+00 1.682826800557327918e+00
6.800000000000000000e+01 1.417000000000000000e+03 6.131372210071643458e+00 1.994552153400258598e+00
6.800000000000000000e+01 1.635000000000000000e+03 7.165362531442698746e+00 2.368828942509353830e+00
6.800000000000000000e+01 1.673000000000000000e+03 8.282450986192865017e+00 2.795377195820941907e+00
6.800000000000000000e+01 1.683000000000000000e+03 9.470217479274452899e+00 3.287887576900821784e+00
6.800000000000000000e+01 1.686000000000000000e+03 1.071352551222589433e+01 3.855411482437219206e+00
4.700000000000000000e+01 1.627000000000000000e+03 6.788586164298922476e+00 3.720162340845474258e+00
3.400000000000000000e+01 1.547000000000000000e+03 4.467202157538426199e+00 3.436028686077896577e+00
2.900000000000000000e+01 1.529000000000000000e+03 2.648234019410141915e+00 3.516739752668129881e+00
2.700000000000000000e+01 1.552000000000000000e+03 2.120824202961102412e+00 3.573577095923381908e+00
