0.000000000000000000e+00 0.000000000000000000e+00 0.000000000000000000e+00 0.000000000000000000e+00
5.000000000000000000e+00 8.000000000000000000e+00 1.091146135877075953e-03 3.957278098682833443e-04
7.000000000000000000e+00 9.000000000000000000e+00 1.899468402216687550e-03 5.307982010242136284e-04
1.300000000000000000e+01 1.600000000000000000e+01 3.854104096078012423e-03 9.916323408799259526e-04
1.600000000000000000e+01 2.300000000000000000e+01 5.815446991604205154e-03 1.551734141213030127e-03
1.900000000000000000e+01 2.900000000000000000e+01 8.434194429526479381e-03 2.182678508687995334e-03
2.000000000000000000e+01 3.200000000000000000e+01 1.148830446479639708e-02 2.800218286619974434e-03
2.700000000000000000e+01 4.000000000000000000e+01 1.685604715091942873e-02 3.796284546021306758e-03
3.700000000000000000e+01 5.500000000000000000e+01 2.464618891003826640e-02 5.350508480179281233e-03
3.800000000000000000e+01 5.600000000000000000e+01 3.302329667728626239e-02 6.543034958710637443e-03
3.800000000000000000e+01 5.700000000000000000e+01 4.386504851104922054e-02 7.985390059181635483e-03
4.100000000000000000e+01 6.100000000000000000e+01 5.878107011712672969e-02 9.876595498291968617e-03
4.200000000000000000e+01 6.800000000000000000e+01 7.791055976206313904e-02 1.230907339658874299e-02
5.000000000000000000e+01 7.600000000000000000e+01 1.044124076936031459e-01 1.529453723490160726e-02
5.000000000000000000e+01 7.700000000000000000e+01 1.371647748137111156e-01 1.854806536643320569e-02
5.200000000000000000e+01 7.800000000000000000e+01 1.799428824120876680e-01 2.246198859030208370e-02
5.300000000000000000e+01 9.400000000000000000e+01 2.347258669071781156e-01 2.790538417469899321e-02
5.400000000000000000e+01 9.500000000000000000e+01 3.046936728470290845e-01 3.370413628703754910e-02
5.500000000000000000e+01 1.010000000000000000e+02 3.934167215546097163e-01 4.089616003275656914e-02
5.700000000000000000e+01 1.080000000000000000e+02 5.052607381437733691e-01 4.954808924586631691e-02
5.700000000000000000e+01 1.080000000000000000e+02 6.443636773392569239e-01 5.953145913682621887e-02
5.800000000000000000e+01 1.090000000000000000e+02 8.164985725284988893e-01 7.146661931659802069e-02
6.300000000000000000e+01 1.150000000000000000e+02 1.028047199289142677e+00 8.589156157511182443e-02
6.300000000000000000e+01 1.150000000000000000e+02 1.283290218197524979e+00 1.026948144596285528e-01
6.700000000000000000e+01 1.250000000000000000e+02 1.589933963187003974e+00 1.230462693975919869e-01
7.100000000000000000e+01 1.380000000000000000e+02 1.953232763995368826e+00 1.471939283249985020e-01
7.600000000000000000e+01 1.520000000000000000e+02 2.378846832091517260e+00 1.756402427936561428e-01
8.400000000000000000e+01 1.640000000000000000e+02 2.871959220765181620e+00 2.088899430645569100e-01
8.600000000000000000e+01 1.680000000000000000e+02 3.434458708134687566e+00 2.473393370116729884e-01
8.600000000000000000e+01 1.680000000000000000e+02 4.069156425210358030e+00 2.918818527694707066e-01
8.700000000000000000e+01 1.730000000000000000e+02 4.777302550761387323e+00 3.437524532316808545e-01
8.600000000000000000e+01 1.720000000000000000e+02 4.907092722430401288e+00 3.615480304528357336e-01
8.900000000000000000e+01 1.810000000000000000e+02 5.235078389994701098e+00 3.897666451279275246e-01
9.000000000000000000e+01 1.850000000000000000e+02 5.129223554801649598e+00 4.009013556238753551e-01
9.000000000000000000e+01 1.920000000000000000e+02 4.541390509266007847e+00 4.326621502648023143e-01
8.700000000000000000e+01 1.870000000000000000e+02 4.530139921141733694e+00 4.343206446292960932e-01
9.400000000000000000e+01 1.940000000000000000e+02 5.011155183412555836e+00 4.312411850919758427e-01
9.200000000000000000e+01 1.860000000000000000e+02 5.088176539620970829e+00 4.069947528867076114e-01
9.300000000000000000e+01 1.810000000000000000e+02 4.670258422519730779e+00 3.268884047375548718e-01
9.500000000000000000e+01 2.080000000000000000e+02 3.556345408735494651e+00 3.484345637281702768e-01
9.400000000000000000e+01 2.080000000000000000e+02 3.572675268488027633e+00 3.666044051014963334e-01
9.300000000000000000e+01 2.200000000000000000e+02 3.399052176185596519e+00 3.895838943255699460e-01
9.200000000000000000e+01 2.230000000000000000e+02 3.468990044178183130e+00 3.949441278166478941e-01
8.900000000000000000e+01 2.140000000000000000e+02 3.243408558190182145e+00 3.613914305563622476e-01
8.800000000000000000e+01 2.130000000000000000e+02 3.046567296053725560e+00 3.821765354544243709e-01
8.600000000000000000e+01 2.190000000000000000e+02 2.600122412769014346e+00 4.326262096540919866e-01
8.500000000000000000e+01 2.100000000000000000e+02 2.864551987375962838e+00 3.926974078766152232e-01
8.500000000000000000e+01 2.120000000000000000e+02 3.084135412042190882e+00 4.018920003773486793e-01
8.600000000000000000e+01 2.190000000000000000e+02 3.438461777832183319e+00 3.967917988333590773e-01
8.600000000000000000e+01 2.190000000000000000e+02 3.580703787047418096e+00 3.961291236382341596e-01
8.700000000000000000e+01 2.190000000000000000e+02 3.992018261578733185e+00 4.215957300026594301e-01
9.300000000000000000e+01 2.340000000000000000e+02 4.697612565667982132e+00 4.560364098687315626e-01
9.400000000000000000e+01 2.450000000000000000e+02 4.829574141610825322e+00 4.888841482094878343e-01
9.400000000000000000e+01 2.540000000000000000e+02 5.121884121218057473e+00 5.619229815385956561e-01
9.200000000000000000e+01 2.600000000000000000e+02 5.513608821006886096e+00 5.779791004100843788e-01
9.500000000000000000e+01 2.580000000000000000e+02 5.872328124686157835e+00 5.559712387221316110e-01
8.800000000000000000e+01 2.520000000000000000e+02 5.109766142640941311e+00 5.524720460561054480e-01
8.600000000000000000e+01 2.460000000000000000e+02 4.834724756983638017e+00 4.894636010709000340e-01
8.800000000000000000e+01 2.530000000000000000e+02 4.868322098279408650e+00 4.590212922539970153e-01
8.900000000000000000e+01 2.610000000000000000e+02 5.126367135514451334e+00 4.816906592509208052e-01
8.800000000000000000e+01 2.590000000000000000e+02 5.132487345631329134e+00 5.308228224874618206e-01
8.800000000000000000e+01 2.600000000000000000e+02 5.429694031075972482e+00 5.878592633555528302e-01
8.400000000000000000e+01 2.530000000000000000e+02 5.406355057106788209e+00 6.014784599792851738e-01
8.000000000000000000e+01 2.440000000000000000e+02 5.336723600960113778e+00 5.975692994927630508e-01
7.800000000000000000e+01 2.400000000000000000e+02 5.194889910471983008e+00 5.829381354541480764e-01
7.700000000000000000e+01 2.330000000000000000e+02 5.714791298303320666e+00 5.919018668606159661e-01
7.200000000000000000e+01 2.260000000000000000e+02 5.046581083504907639e+00 6.011901573897729945e-01
6.700000000000000000e+01 2.240000000000000000e+02 4.511763785252817627e+00 6.631408191241402461e-01
7.200000000000000000e+01 2.260000000000000000e+02 4.240991725175220495e+00 6.868382756889593876e-01
6.900000000000000000e+01 2.070000000000000000e+02 3.945914218709587473e+00 5.667039312962940389e-01
6.400000000000000000e+01 2.020000000000000000e+02 2.994300490712610507e+00 5.652255732777532460e-01
7.900000000000000000e+01 2.290000000000000000e+02 2.480338114953466011e+00 5.209168195033959670e-01
8.300000000000000000e+01 2.420000000000000000e+02 2.684400331999492462e+00 4.669302638543723627e-01
8.200000000000000000e+01 2.380000000000000000e+02 2.827685593397522013e+00 4.778185066341102960e-01
8.100000000000000000e+01 2.430000000000000000e+02 2.765646264910520902e+00 5.209982994898207931e-01
8.100000000000000000e+01 2.560000000000000000e+02 2.800532332935899760e+00 5.464808856924587843e-01
8.200000000000000000e+01 2.580000000000000000e+02 3.302707284892131945e+00 5.867257544934132429e-01
8.200000000000000000e+01 2.630000000000000000e+02 3.861092909511575133e+00 6.161248355033337454e-01
8.100000000000000000e+01 2.600000000000000000e+02 3.975803307510310081e+00 6.236373891192887875e-01
8.100000000000000000e+01 2.600000000000000000e+02 4.123938603979300233e+00 6.459826842030453875e-01
7.700000000000000000e+01 2.570000000000000000e+02 3.825276152301032795e+00 7.128228110111409777e-01
7.500000000000000000e+01 2.480000000000000000e+02 3.774398152040438603e+00 6.827878306000143560e-01
8.200000000000000000e+01 2.760000000000000000e+02 3.665221723362536821e+00 6.333361955705546498e-01
8.400000000000000000e+01 2.720000000000000000e+02 3.733765989408167396e+00 5.813270197031914499e-01
8.300000000000000000e+01 2.650000000000000000e+02 4.069326530161959887e+00 5.208976536426995763e-01
8.000000000000000000e+01 2.560000000000000000e+02 3.977063043001702880e+00 4.715308745820535608e-01
8.100000000000000000e+01 2.600000000000000000e+02 4.021794907168552591e+00 4.751016252857167554e-01
8.000000000000000000e+01 2.620000000000000000e+02 3.816851605788768698e+00 4.856147205212638096e-01
7.600000000000000000e+01 2.580000000000000000e+02 3.491571873797642223e+00 4.374975835930583479e-01
7.600000000000000000e+01 2.650000000000000000e+02 3.047894287745569031e+00 3.873381801329877083e-01
8.500000000000000000e+01 2.990000000000000000e+02 3.338609871087764525e+00 3.498984307260118443e-01
8.200000000000000000e+01 3.040000000000000000e+02 2.974385303976707196e+00 3.544236879074272872e-01
8.100000000000000000e+01 3.010000000000000000e+02 3.219557591748394287e+00 3.785269977357170190e-01
8.400000000000000000e+01 3.260000000000000000e+02 3.819714392250659341e+00 4.168644410550961799e-01
8.300000000000000000e+01 3.430000000000000000e+02 3.971971991110549105e+00 4.622988757323185371e-01
8.200000000000000000e+01 3.430000000000000000e+02 4.436321142975791609e+00 5.340290837874748231e-01
8.500000000000000000e+01 3.760000000000000000e+02 5.190920633904912762e+00 6.069107538852555050e-01
8.500000000000000000e+01 3.760000000000000000e+02 6.014663424462454167e+00 6.880918251035237354e-01
8.000000000000000000e+01 3.860000000000000000e+02 5.773986608818574950e+00 7.565879148091593231e-01
7.800000000000000000e+01 3.890000000000000000e+02 5.653736069307043088e+00 8.649534498137647631e-01
7.600000000000000000e+01 3.920000000000000000e+02 5.999057081032775685e+00 9.738751560430030096e-01
6.600000000000000000e+01 3.720000000000000000e+02 4.635758978562472876e+00 8.953321711854569376e-01
6.000000000000000000e+01 3.500000000000000000e+02 3.591454772361154735e+00 7.844346000011006570e-01
5.900000000000000000e+01 3.450000000000000000e+02 3.085999963715161609e+00 7.627412185243196419e-01
5.700000000000000000e+01 3.380000000000000000e+02 2.778312599696887375e+00 7.734372516762215710e-01
5.800000000000000000e+01 3.290000000000000000e+02 2.650823895288624499e+00 7.417073044533035731e-01
5.700000000000000000e+01 3.210000000000000000e+02 2.424230070054048003e+00 7.481015317299969380e-01
5.700000000000000000e+01 3.130000000000000000e+02 2.879762922456226448e+00 7.355771996617114228e-01
5.600000000000000000e+01 3.100000000000000000e+02 3.173200307941196563e+00 7.575448733023052439e-01
5.900000000000000000e+01 3.030000000000000000e+02 3.716866796416403496e+00 7.763639890757632056e-01
6.000000000000000000e+01 3.030000000000000000e+02 4.075277932193049679e+00 8.521303558050882243e-01
6.000000000000000000e+01 3.000000000000000000e+02 4.224856566583575557e+00 9.589422226950511385e-01
6.100000000000000000e+01 2.850000000000000000e+02 3.991547609519471074e+00 8.599571199030628943e-01
7.300000000000000000e+01 3.050000000000000000e+02 3.435069331791109626e+00 8.163860442868251521e-01
7.100000000000000000e+01 3.040000000000000000e+02 3.221273635004346048e+00 8.277911669057057553e-01
7.600000000000000000e+01 3.070000000000000000e+02 3.442603144070542243e+00 8.741026458049638848e-01
7.400000000000000000e+01 3.000000000000000000e+02 3.446013385311801791e+00 9.249262958242217003e-01
7.700000000000000000e+01 3.010000000000000000e+02 3.751328517685518449e+00 9.677371719452132481e-01
8.000000000000000000e+01 3.250000000000000000e+02 4.288415576162245557e+00 1.018143272373625674e+00
7.900000000000000000e+01 3.310000000000000000e+02 3.880896113235177580e+00 1.068544436029209344e+00
7.500000000000000000e+01 3.150000000000000000e+02 2.983406952158079495e+00 9.398166097625362259e-01
7.300000000000000000e+01 3.150000000000000000e+02 2.414607159906447365e+00 8.762900883426333332e-01
8.000000000000000000e+01 3.250000000000000000e+02 2.266331112588103380e+00 8.941361399372530494e-01
7.800000000000000000e+01 3.090000000000000000e+02 2.169728371002254352e+00 8.246480454750624300e-01
8.100000000000000000e+01 3.120000000000000000e+02 1.975046066681051204e+00 7.369122187542636038e-01
7.900000000000000000e+01 3.070000000000000000e+02 1.707676713800294177e+00 7.448049055969754306e-01
7.900000000000000000e+01 2.970000000000000000e+02 1.806576847776961481e+00 5.945440485200764735e-01
7.800000000000000000e+01 2.860000000000000000e+02 1.904377383925898171e+00 5.347870736764110955e-01
7.700000000000000000e+01 2.740000000000000000e+02 2.005712433629335045e+00 4.613341216959709334e-01
8.600000000000000000e+01 2.840000000000000000e+02 1.967742115663489111e+00 4.177740974902246496e-01
9.000000000000000000e+01 2.880000000000000000e+02 2.376040136590580776e+00 3.819666749982887355e-01
9.000000000000000000e+01 2.830000000000000000e+02 2.846690466751203630e+00 3.756427450443151073e-01
9.400000000000000000e+01 2.860000000000000000e+02 3.386153069113631453e+00 3.878929120670184250e-01
9.200000000000000000e+01 2.870000000000000000e+02 3.107603021952707767e+00 4.182238304477801094e-01
9.200000000000000000e+01 2.820000000000000000e+02 3.706091798699084006e+00 4.296852260902528919e-01
8.900000000000000000e+01 2.800000000000000000e+02 3.733838380665630119e+00 4.688900205810210275e-01
9.600000000000000000e+01 2.890000000000000000e+02 4.213308809558889756e+00 5.033620284485063046e-01
9.900000000000000000e+01 3.100000000000000000e+02 4.689156558497087346e+00 5.603367308840178085e-01
9.900000000000000000e+01 3.120000000000000000e+02 5.512436575422914764e+00 6.120157526239832224e-01
9.700000000000000000e+01 3.090000000000000000e+02 5.921658335065901113e+00 6.880007521489228672e-01
9.500000000000000000e+01 3.080000000000000000e+02 6.414493870023669331e+00 7.744623753438748537e-01
9.900000000000000000e+01 3.120000000000000000e+02 7.182956349638296878e+00 8.695668811990686642e-01
1.110000000000000000e+02 3.260000000000000000e+02 7.267307286907599639e+00 9.673248709993889083e-01
1.010000000000000000e+02 3.070000000000000000e+02 6.028480332869071923e+00 9.072908335121683265e-01
9.600000000000000000e+01 3.070000000000000000e+02 5.193474478914323456e+00 9.105936543338757350e-01
9.700000000000000000e+01 3.160000000000000000e+02 5.483952321420592746e+00 8.686800824714233649e-01
1.000000000000000000e+02 3.250000000000000000e+02 4.986476007435001634e+00 9.462394293111446864e-01
9.600000000000000000e+01 3.200000000000000000e+02 4.461689193301621614e+00 1.018552865331676438e+00
9.400000000000000000e+01 3.050000000000000000e+02 4.585666016682182544e+00 9.461791398035817036e-01
9.700000000000000000e+01 3.200000000000000000e+02 4.380199980271164861e+00 8.869400152328961173e-01
9.700000000000000000e+01 3.070000000000000000e+02 4.840115399729235435e+00 8.201148809763472158e-01
9.400000000000000000e+01 2.950000000000000000e+02 4.533106429913373425e+00 7.796930595315514356e-01
8.900000000000000000e+01 2.810000000000000000e+02 4.068217288575137758e+00 6.950303239447723769e-01
9.000000000000000000e+01 2.870000000000000000e+02 3.942081704682812049e+00 6.777607903629691011e-01
8.700000000000000000e+01 2.810000000000000000e+02 3.659128032136365505e+00 5.970494944801947312e-01
8.600000000000000000e+01 2.780000000000000000e+02 3.695229361714798433e+00 5.711066553571408910e-01
8.800000000000000000e+01 2.780000000000000000e+02 3.795985756661903299e+00 5.318240587896519989e-01
8.700000000000000000e+01 2.850000000000000000e+02 4.201189373883625677e+00 5.378492106623208313e-01
8.700000000000000000e+01 2.810000000000000000e+02 4.889893911479651578e+00 5.731002140450258686e-01
8.200000000000000000e+01 2.720000000000000000e+02 4.560271001325682860e+00 5.290684990525913456e-01
8.300000000000000000e+01 2.870000000000000000e+02 4.575159583810610719e+00 4.690405598226802253e-01
8.300000000000000000e+01 2.880000000000000000e+02 4.522997770900870407e+00 4.872388677254959055e-01
7.800000000000000000e+01 2.880000000000000000e+02 4.039084314348711402e+00 5.115407253906139040e-01
8.000000000000000000e+01 2.890000000000000000e+02 4.494130395879609274e+00 5.104175335373989375e-01
8.700000000000000000e+01 3.060000000000000000e+02 4.632262297600409084e+00 5.774307738900916753e-01
8.500000000000000000e+01 3.090000000000000000e+02 4.801187511409059638e+00 6.784518559243031266e-01
8.500000000000000000e+01 3.150000000000000000e+02 5.154994919700261136e+00 6.830398394493204517e-01
8.000000000000000000e+01 3.020000000000000000e+02 4.819831400557260892e+00 6.360552338232217107e-01
7.900000000000000000e+01 2.960000000000000000e+02 4.596048772282188999e+00 6.401440861093994350e-01
8.300000000000000000e+01 3.010000000000000000e+02 5.355801611163537146e+00 6.680277458165155835e-01
8.200000000000000000e+01 3.000000000000000000e+02 5.878705145347701055e+00 7.434828502568546771e-01
7.900000000000000000e+01 2.950000000000000000e+02 6.097272491283355578e+00 8.053276855731148487e-01
7.800000000000000000e+01 2.890000000000000000e+02 5.200723087297985714e+00 7.822142939711772547e-01
7.500000000000000000e+01 2.870000000000000000e+02 4.954847638832262646e+00 8.164069779909448599e-01
7.500000000000000000e+01 2.830000000000000000e+02 5.124054923858940569e+00 8.252573860051413135e-01
7.100000000000000000e+01 2.660000000000000000e+02 4.793847657988846045e+00 7.729405177906927271e-01
6.400000000000000000e+01 2.530000000000000000e+02 3.595711833650425238e+00 7.499938952034158612e-01
6.000000000000000000e+01 2.450000000000000000e+02 3.064363743440299270e+00 7.718504138113937429e-01
6.100000000000000000e+01 2.390000000000000000e+02 2.963676662683445429e+00 8.011239517205351879e-01
6.200000000000000000e+01 2.270000000000000000e+02 2.776270215407449005e+00 6.818829604857761240e-01
6.300000000000000000e+01 2.160000000000000000e+02 2.735672027151485164e+00 6.316338697174107564e-01
6.000000000000000000e+01 2.110000000000000000e+02 2.452971921184090576e+00 6.519853369196310089e-01
