0.000000000000000000e+00 0.000000000000000000e+00 0.000000000000000000e+00 0.000000000000000000e+00
1.300000000000000000e+01 1.200000000000000000e+01 2.836979953280396784e-03 5.935917148024250165e-04
3.700000000000000000e+01 5.100000000000000000e+01 9.041327316661197308e-03 2.651171410293897725e-03
4.100000000000000000e+01 7.500000000000000000e+01 1.299012901854364882e-02 4.411483994178913570e-03
4.400000000000000000e+01 8.000000000000000000e+01 1.804629188326583797e-02 5.610930124117857569e-03
5.400000000000000000e+01 1.640000000000000000e+02 2.631465172889189616e-02 1.097412607281210949e-02
5.600000000000000000e+01 1.910000000000000000e+02 3.558625943665728181e-02 1.467246670215009360e-02
5.700000000000000000e+01 2.160000000000000000e+02 4.767845675387137605e-02 1.906121674478152700e-02
5.900000000000000000e+01 2.340000000000000000e+02 6.390786133007249348e-02 2.403649765588012147e-02
6.200000000000000000e+01 2.630000000000000000e+02 8.555663308346796170e-02 3.060730081525250487e-02
6.300000000000000000e+01 2.770000000000000000e+02 1.136172785783838568e-01 3.782130686462990138e-02
6.400000000000000000e+01 2.860000000000000000e+02 1.504031611491173093e-01 4.629627451301657204e-02
6.700000000000000000e+01 3.210000000000000000e+02 1.988555103011289960e-01 5.781680948921225083e-02
6.800000000000000000e+01 3.270000000000000000e+02 2.613720531033120187e-01 7.029179653653898352e-02
7.300000000000000000e+01 3.710000000000000000e+02 3.430064269439541680e-01 8.720142186258210415e-02
7.400000000000000000e+01 3.750000000000000000e+02 4.469904434003685312e-01 1.055928439747130521e-01
7.400000000000000000e+01 3.760000000000000000e+02 5.793696491032537255e-01 1.275435733827438578e-01
7.400000000000000000e+01 3.770000000000000000e+02 7.468682957288284019e-01 1.538752901225476366e-01
8.200000000000000000e+01 4.450000000000000000e+02 9.587543647010449144e-01 1.887217763291400285e-01
9.000000000000000000e+01 5.330000000000000000e+02 1.222281527685330937e+00 2.314309781494143237e-01
9.100000000000000000e+01 6.730000000000000000e+02 1.545231487180639185e+00 2.850626373130271118e-01
9.100000000000000000e+01 6.760000000000000000e+02 1.938178699219796242e+00 3.423367677840516432e-01
9.100000000000000000e+01 6.770000000000000000e+02 2.410955877106593093e+00 4.103354002026743941e-01
9.100000000000000000e+01 7.040000000000000000e+02 2.972737698891227076e+00 4.922707071001261592e-01
9.200000000000000000e+01 7.280000000000000000e+02 3.631810195256433893e+00 5.890896191557726258e-01
9.200000000000000000e+01 7.410000000000000000e+02 4.394124768605604636e+00 7.028061389211920362e-01
9.400000000000000000e+01 7.570000000000000000e+02 5.264230990320898584e+00 8.367398943389309229e-01
9.400000000000000000e+01 7.630000000000000000e+02 6.242483847176866441e+00 9.933248115510087128e-01
9.900000000000000000e+01 8.840000000000000000e+02 7.328201554580612509e+00 1.182020357865399607e+00
1.020000000000000000e+02 1.007000000000000000e+03 8.514867613786533340e+00 1.402164680836174737e+00
1.020000000000000000e+02 1.009000000000000000e+03 9.793806987214237481e+00 1.651982637301038448e+00
9.600000000000000000e+01 1.010000000000000000e+03 9.852641797857701889e+00 1.867627202196242342e+00
7.900000000000000000e+01 1.005000000000000000e+03 7.370332030873231410e+00 1.966292905774330357e+00
8.000000000000000000e+01 1.041000000000000000e+03 6.692669273961206144e+00 2.006444636153279060e+00
7.100000000000000000e+01 1.100000000000000000e+03 5.341575688004750688e+00 2.211054945721597775e+00
6.300000000000000000e+01 1.104000000000000000e+03 3.474371110226465831e+00 2.076545345271806120e+00
6.100000000000000000e+01 1.130000000000000000e+03 3.234287387541098457e+00 1.951954727166494319e+00
5.900000000000000000e+01 1.231000000000000000e+03 3.150451113843444340e+00 1.884561321165540981e+00
5.700000000000000000e+01 1.212000000000000000e+03 3.179423173030995198e+00 1.881295752284820155e+00
5.500000000000000000e+01 1.189000000000000000e+03 2.973121983060596385e+00 1.865931260480590437e+00
5.400000000000000000e+01 1.176000000000000000e+03 3.226414730551332433e+00 1.916805977143656969e+00
5.400000000000000000e+01 1.184000000000000000e+03 3.505042580585023604e+00 2.052196753910306981e+00
5.500000000000000000e+01 1.240000000000000000e+03 3.330604127410232707e+00 2.127423278660335537e+00
5.300000000000000000e+01 1.226000000000000000e+03 3.372607139005585619e+00 2.301190367290483874e+00
5.000000000000000000e+01 1.223000000000000000e+03 3.240409602388032884e+00 2.353454059557562594e+00
4.900000000000000000e+01 1.225000000000000000e+03 3.276200475577414117e+00 2.543923142450708941e+00
5.100000000000000000e+01 1.253000000000000000e+03 3.500367574141544313e+00 2.855842041902275419e+00
5.000000000000000000e+01 1.278000000000000000e+03 3.675629018072484211e+00 3.275726511337603952e+00
4.400000000000000000e+01 1.244000000000000000e+03 2.887065749827697037e+00 3.440246321608041224e+00
5.100000000000000000e+01 1.250000000000000000e+03 1.543154693051018711e+00 3.349304766187199967e+00
5.000000000000000000e+01 1.146000000000000000e+03 1.545532473228017789e+00 2.736708911160695479e+00
5.200000000000000000e+01 1.114000000000000000e+03 1.580494611724714060e+00 2.522393800545222664e+00
5.100000000000000000e+01 1.094000000000000000e+03 1.582691332868539913e+00 2.573677233109436191e+00
5.500000000000000000e+01 1.131000000000000000e+03 1.882919278550442055e+00 2.654283594743172880e+00
5.700000000000000000e+01 1.119000000000000000e+03 2.219682916717036214e+00 2.769102792146931780e+00
