0.000000000000000000e+00 0.000000000000000000e+00 0.000000000000000000e+00 0.000000000000000000e+00
1.200000000000000000e+01 1.100000000000000000e+01 2.618750726104981680e-03 5.441257385688895443e-04
2.200000000000000000e+01 2.200000000000000000e+01 5.693516146632209875e-03 1.205957547656072741e-03
3.700000000000000000e+01 5.100000000000000000e+01 1.090231771267298477e-02 2.901000591185928703e-03
4.700000000000000000e+01 9.000000000000000000e+01 1.678158155371949761e-02 5.456497515353375682e-03
4.700000000000000000e+01 9.700000000000000000e+01 2.245143570640166161e-02 6.979642828098842414e-03
4.700000000000000000e+01 1.050000000000000000e+02 2.999514613370473162e-02 8.877121743560133574e-03
5.500000000000000000e+01 1.520000000000000000e+02 4.175535807411779460e-02 1.310710902876449473e-02
5.500000000000000000e+01 1.530000000000000000e+02 5.561038283672448818e-02 1.596599525708963796e-02
5.700000000000000000e+01 1.560000000000000000e+02 7.434718976132394241e-02 1.952532666527246816e-02
6.100000000000000000e+01 1.740000000000000000e+02 9.946131246474700094e-02 2.457228984531675473e-02
6.300000000000000000e+01 1.890000000000000000e+02 1.319928055096029063e-01 3.052807505778021985e-02
6.500000000000000000e+01 1.940000000000000000e+02 1.745076531042163426e-01 3.722856114815754902e-02
6.600000000000000000e+01 2.000000000000000000e+02 2.295897929079598887e-01 4.535932314822582051e-02
6.600000000000000000e+01 2.060000000000000000e+02 3.006280588807861975e-01 5.515396682685707458e-02
7.900000000000000000e+01 2.420000000000000000e+02 3.948010024556421471e-01 6.842093752174500942e-02
8.000000000000000000e+01 2.650000000000000000e+02 5.126308563607673285e-01 8.373684528583918985e-02
8.400000000000000000e+01 2.990000000000000000e+02 6.627230888269556308e-01 1.026678984476263740e-01
8.400000000000000000e+01 3.110000000000000000e+02 8.507061772983164349e-01 1.242788589719187736e-01
8.400000000000000000e+01 3.170000000000000000e+02 1.085053565074733939e+00 1.498284546098302972e-01
8.800000000000000000e+01 3.440000000000000000e+02 1.375223637675752730e+00 1.813571731065836412e-01
9.000000000000000000e+01 3.590000000000000000e+02 1.729322641581817699e+00 2.183340996217384145e-01
9.100000000000000000e+01 3.600000000000000000e+02 2.156828479247173025e+00 2.615889177247628927e-01
9.200000000000000000e+01 3.600000000000000000e+02 2.667015155152558492e+00 3.128001566265115052e-01
9.200000000000000000e+01 3.600000000000000000e+02 3.267994510609918191e+00 3.733246394237366705e-01
9.200000000000000000e+01 3.600000000000000000e+02 3.966875201699383346e+00 4.446490745261509336e-01
9.200000000000000000e+01 3.660000000000000000e+02 4.768657384393596210e+00 5.287372192654795633e-01
9.500000000000000000e+01 3.890000000000000000e+02 5.676551570873328068e+00 6.280514808439359165e-01
9.600000000000000000e+01 3.940000000000000000e+02 6.689448499001844795e+00 7.431003656441510508e-01
1.010000000000000000e+02 4.080000000000000000e+02 7.805393118198545643e+00 8.773146506660244315e-01
1.050000000000000000e+02 4.280000000000000000e+02 9.017578991191095739e+00 1.033080813789480246e+00
1.000000000000000000e+02 4.260000000000000000e+02 8.581647209490004258e+00 1.169908811894961875e+00
9.500000000000000000e+01 4.190000000000000000e+02 8.672453019037968502e+00 1.245683146577088118e+00
8.400000000000000000e+01 4.160000000000000000e+02 7.089153220392095278e+00 1.258813429622086533e+00
7.300000000000000000e+01 3.920000000000000000e+02 5.359970316193871653e+00 1.153462200660397619e+00
8.000000000000000000e+01 4.000000000000000000e+02 5.380799540380142076e+00 1.091989302345779400e+00
8.100000000000000000e+01 3.940000000000000000e+02 5.019527246217851513e+00 1.122286963151834849e+00
9.100000000000000000e+01 4.490000000000000000e+02 4.304783428118799549e+00 9.801915326888271940e-01
8.800000000000000000e+01 4.390000000000000000e+02 4.140669396349833775e+00 9.535326767771299394e-01
8.400000000000000000e+01 4.370000000000000000e+02 3.704296849548108561e+00 1.009785376267616996e+00
8.400000000000000000e+01 4.350000000000000000e+02 3.842421965752023993e+00 9.919365317361110712e-01
8.200000000000000000e+01 4.340000000000000000e+02 3.747833495190655118e+00 9.908537569213972107e-01
8.200000000000000000e+01 4.260000000000000000e+02 3.830519084719300249e+00 1.032851215455389493e+00
8.100000000000000000e+01 4.220000000000000000e+02 4.177017765845457475e+00 1.097543634730918871e+00
7.900000000000000000e+01 4.280000000000000000e+02 4.284433469944191941e+00 1.204827538227528416e+00
7.800000000000000000e+01 4.480000000000000000e+02 3.156224226203037997e+00 1.179593060937520699e+00
8.100000000000000000e+01 4.280000000000000000e+02 3.146507786847311916e+00 1.092422015432256366e+00
7.600000000000000000e+01 4.020000000000000000e+02 2.174731932079209340e+00 9.713363395549668988e-01
7.600000000000000000e+01 3.860000000000000000e+02 2.307621446339449101e+00 8.663972758639283400e-01
8.100000000000000000e+01 3.970000000000000000e+02 2.703127652888946297e+00 8.220132547340303075e-01
8.000000000000000000e+01 3.790000000000000000e+02 2.711952721345946671e+00 7.021675447311384044e-01
7.900000000000000000e+01 3.940000000000000000e+02 2.164861721236150949e+00 6.290041063226610163e-01
8.100000000000000000e+01 4.220000000000000000e+02 2.366924507635756125e+00 5.996349056038332570e-01
7.900000000000000000e+01 4.290000000000000000e+02 2.323715813561380017e+00 6.396906995731037604e-01
8.000000000000000000e+01 4.390000000000000000e+02 2.802480758904312808e+00 7.064005231101834203e-01
8.000000000000000000e+01 4.420000000000000000e+02 3.351130210832034440e+00 8.115050250019625322e-01
8.100000000000000000e+01 4.410000000000000000e+02 3.973501326303229497e+00 9.020815996350576293e-01
7.900000000000000000e+01 4.280000000000000000e+02 4.237558524673940674e+00 9.190762506363120421e-01
8.100000000000000000e+01 4.180000000000000000e+02 4.968102570261484274e+00 9.605626118118520962e-01
7.900000000000000000e+01 4.060000000000000000e+02 5.296629229816807616e+00 9.784615423445180982e-01
7.900000000000000000e+01 4.060000000000000000e+02 5.462193648948976410e+00 9.614828439329115017e-01
7.900000000000000000e+01 4.180000000000000000e+02 5.328675556213863906e+00 1.026673098861358602e+00
8.100000000000000000e+01 4.270000000000000000e+02 5.331065719357454213e+00 1.142256200522758336e+00
8.800000000000000000e+01 4.400000000000000000e+02 5.687040126558152053e+00 1.219003802768102052e+00
8.700000000000000000e+01 4.350000000000000000e+02 6.237451649657741015e+00 1.329685082705727606e+00
8.600000000000000000e+01 4.410000000000000000e+02 5.614534615121673511e+00 1.366478361905125061e+00
8.800000000000000000e+01 4.550000000000000000e+02 5.975328840275539122e+00 1.407644487512747400e+00
8.200000000000000000e+01 4.200000000000000000e+02 4.211191480372349361e+00 1.118863391643837302e+00
8.000000000000000000e+01 4.100000000000000000e+02 3.617587502665092547e+00 9.672984310460494006e-01
8.300000000000000000e+01 4.220000000000000000e+02 3.350528832244119126e+00 9.159566270696212209e-01
8.100000000000000000e+01 4.220000000000000000e+02 3.087865117139807491e+00 8.875574742297552833e-01
8.100000000000000000e+01 4.120000000000000000e+02 3.374927167305590725e+00 8.506445113767077126e-01
8.000000000000000000e+01 4.350000000000000000e+02 2.887002986274745719e+00 9.151021589888022056e-01
8.200000000000000000e+01 4.550000000000000000e+02 3.380619498470821771e+00 9.727184607893091250e-01
8.300000000000000000e+01 4.720000000000000000e+02 3.922453518551869855e+00 1.027716252417632870e+00
8.300000000000000000e+01 5.160000000000000000e+02 3.643881619128781502e+00 9.342255973422215476e-01
8.300000000000000000e+01 5.500000000000000000e+02 3.515479412996798114e+00 8.991467131829656845e-01
8.000000000000000000e+01 5.990000000000000000e+02 3.057732853465635614e+00 9.723582452285156608e-01
7.800000000000000000e+01 6.030000000000000000e+02 3.056394822463784688e+00 1.051720480139701319e+00
7.400000000000000000e+01 5.890000000000000000e+02 2.667404127631665123e+00 1.053530025649976443e+00
7.400000000000000000e+01 5.960000000000000000e+02 2.888353057035415006e+00 1.102253626572868628e+00
7.000000000000000000e+01 5.890000000000000000e+02 2.119242120846034805e+00 1.086225116136473101e+00
6.900000000000000000e+01 5.660000000000000000e+02 2.099511679402396247e+00 9.253796444214118511e-01
7.400000000000000000e+01 5.700000000000000000e+02 2.531025307764139587e+00 8.215956400259886161e-01
7.400000000000000000e+01 5.750000000000000000e+02 2.549893585164484389e+00 7.566885021929289357e-01
7.800000000000000000e+01 5.870000000000000000e+02 3.074401756939293406e+00 7.416560159598218904e-01
8.500000000000000000e+01 6.530000000000000000e+02 3.674931177899500856e+00 7.764362808124826154e-01
8.500000000000000000e+01 6.490000000000000000e+02 4.352246570550899030e+00 8.543871929815439747e-01
8.400000000000000000e+01 6.520000000000000000e+02 4.630382928072519277e+00 9.883759103951595959e-01
8.400000000000000000e+01 6.590000000000000000e+02 5.421057432456849234e+00 1.134338099936778921e+00
8.100000000000000000e+01 6.640000000000000000e+02 5.376235059465685140e+00 1.271862623847664908e+00
7.800000000000000000e+01 6.540000000000000000e+02 5.576795156168267376e+00 1.338625086085701410e+00
8.000000000000000000e+01 6.540000000000000000e+02 5.974393581703366429e+00 1.385491466482497547e+00
7.500000000000000000e+01 6.550000000000000000e+02 4.827478591687779819e+00 1.439597517738744115e+00
8.000000000000000000e+01 6.880000000000000000e+02 5.057832944822687082e+00 1.533906762800649970e+00
7.600000000000000000e+01 6.770000000000000000e+02 4.668630982104819971e+00 1.605691800214386289e+00
7.300000000000000000e+01 6.540000000000000000e+02 4.674301648197787706e+00 1.595749497152079588e+00
6.700000000000000000e+01 6.460000000000000000e+02 3.899386542701263725e+00 1.661113602312772830e+00
6.500000000000000000e+01 6.290000000000000000e+02 3.947144646015936509e+00 1.713318221147995812e+00
6.000000000000000000e+01 6.100000000000000000e+02 3.408499975770617141e+00 1.730796600797762874e+00
6.800000000000000000e+01 6.800000000000000000e+02 2.690368945800414746e+00 1.829560384413856378e+00
