0.000000000000000000e+00 0.000000000000000000e+00 0.000000000000000000e+00 0.000000000000000000e+00
5.000000000000000000e+00 2.000000000000000000e+00 1.091146135877075953e-03 9.893195246707083609e-05
8.000000000000000000e+00 4.000000000000000000e+00 2.117697629392102654e-03 2.192650086647403751e-04
3.200000000000000000e+01 3.500000000000000000e+01 8.074832174808657670e-03 1.800079314223854620e-03
4.400000000000000000e+01 6.300000000000000000e+01 1.343825079927587693e-02 3.574299728762737188e-03
5.000000000000000000e+01 8.100000000000000000e+01 1.930085662539373151e-02 5.236447046200184280e-03
5.800000000000000000e+01 1.420000000000000000e+02 2.755802169387859546e-02 9.382441909595352209e-03
5.900000000000000000e+01 1.460000000000000000e+02 3.702930892880915148e-02 1.160102289511923471e-02
5.900000000000000000e+01 1.470000000000000000e+02 4.938389243972484549e-02 1.414220973413739604e-02
6.100000000000000000e+01 1.590000000000000000e+02 6.617490046622760691e-02 1.776393630703550219e-02
6.600000000000000000e+01 1.770000000000000000e+02 8.899998998056002364e-02 2.244660056026525838e-02
7.000000000000000000e+01 1.930000000000000000e+02 1.188354295166706293e-01 2.801531850665950341e-02
7.600000000000000000e+01 2.380000000000000000e+02 1.584046038153273106e-01 3.618307214777693320e-02
7.700000000000000000e+01 2.510000000000000000e+02 2.090094740251793315e-01 4.447806523526139783e-02
7.700000000000000000e+01 2.550000000000000000e+02 2.745492869386583212e-01 5.404200250237128911e-02
7.700000000000000000e+01 2.570000000000000000e+02 3.592421418421193335e-01 6.546457341450374889e-02
7.800000000000000000e+01 2.960000000000000000e+02 4.682356127934403922e-01 8.103541142430135957e-02
8.200000000000000000e+01 3.030000000000000000e+02 6.079366311651482890e-01 9.818307068236804824e-02
8.500000000000000000e+01 3.120000000000000000e+02 7.846434564211082208e-01 1.188552018648645764e-01
8.900000000000000000e+01 3.420000000000000000e+02 1.006782804517936336e+00 1.446550344956535616e-01
8.900000000000000000e+01 3.460000000000000000e+02 1.282375373497393278e+00 1.742361546067292821e-01
9.100000000000000000e+01 3.790000000000000000e+02 1.622323382411595905e+00 2.109648793677104950e-01
9.700000000000000000e+01 4.100000000000000000e+02 2.037555935121251327e+00 2.546296443512507390e-01
1.000000000000000000e+02 4.270000000000000000e+02 2.537348258609842144e+00 3.058450988018800443e-01
1.000000000000000000e+02 4.310000000000000000e+02 3.131668358929861284e+00 3.659166581884542024e-01
1.040000000000000000e+02 4.780000000000000000e+02 3.830919896336451913e+00 4.390458718551087380e-01
1.090000000000000000e+02 5.410000000000000000e+02 4.642053369321033962e+00 5.261041285716542282e-01
1.090000000000000000e+02 5.590000000000000000e+02 5.568838864837515779e+00 6.263026891599232648e-01
1.100000000000000000e+02 5.780000000000000000e+02 6.614305080427874906e+00 7.437707489355234181e-01
1.130000000000000000e+02 6.510000000000000000e+02 7.777398204423824346e+00 8.836301446546915850e-01
1.130000000000000000e+02 6.600000000000000000e+02 9.052363019660171872e+00 1.043353537069590775e+00
1.090000000000000000e+02 6.700000000000000000e+02 9.563601225282161167e+00 1.228561657628162829e+00
1.070000000000000000e+02 6.710000000000000000e+02 1.051256166074226783e+01 1.417905148473124877e+00
9.600000000000000000e+01 6.590000000000000000e+02 9.500168151145196305e+00 1.458983554363762369e+00
8.300000000000000000e+01 6.430000000000000000e+02 7.286433773591017626e+00 1.484942984980605063e+00
7.200000000000000000e+01 6.250000000000000000e+02 5.619833375669100128e+00 1.522183335728475750e+00
6.400000000000000000e+01 5.870000000000000000e+02 4.198835796067737824e+00 1.327890538686335775e+00
6.600000000000000000e+01 5.720000000000000000e+02 4.588715993764916234e+00 1.216510682074007921e+00
6.400000000000000000e+01 5.600000000000000000e+02 4.639949295024893949e+00 1.255567599854275684e+00
8.500000000000000000e+01 6.630000000000000000e+02 4.334715643874512914e+00 1.337704731541107472e+00
8.300000000000000000e+01 6.860000000000000000e+02 4.012052309776955816e+00 1.382461771942735895e+00
8.000000000000000000e+01 6.850000000000000000e+02 3.804092187735154340e+00 1.429493787309120245e+00
7.400000000000000000e+01 6.560000000000000000e+02 3.060178360994064040e+00 1.333622968808388265e+00
7.400000000000000000e+01 6.500000000000000000e+02 3.034173310066904161e+00 1.284791978450096517e+00
7.600000000000000000e+01 6.690000000000000000e+02 2.754885054366675856e+00 1.362124126601226282e+00
7.600000000000000000e+01 6.640000000000000000e+02 3.245122204457444148e+00 1.479252201528509225e+00
7.500000000000000000e+01 6.440000000000000000e+02 3.570914742526348107e+00 1.465831443009302015e+00
7.400000000000000000e+01 6.370000000000000000e+02 3.492127231743761051e+00 1.527999096860428674e+00
7.100000000000000000e+01 6.270000000000000000e+02 3.372927885895685041e+00 1.632510470759027221e+00
7.100000000000000000e+01 6.160000000000000000e+02 3.690438311278484207e+00 1.644580923444151521e+00
6.800000000000000000e+01 6.140000000000000000e+02 3.507655020951743197e+00 1.782687764197411706e+00
7.800000000000000000e+01 6.520000000000000000e+02 3.566304117867784118e+00 1.819089968546129032e+00
7.500000000000000000e+01 6.240000000000000000e+02 3.426633870925640757e+00 1.796613447318525125e+00
7.100000000000000000e+01 6.120000000000000000e+02 3.022381205077300681e+00 1.839121737590215799e+00
6.900000000000000000e+01 6.040000000000000000e+02 2.982152470274821887e+00 1.970077346404177865e+00
7.000000000000000000e+01 5.830000000000000000e+02 2.725028103764463250e+00 1.952610849569529572e+00
6.900000000000000000e+01 5.430000000000000000e+02 2.468105442406513195e+00 1.737737820748602502e+00
6.900000000000000000e+01 5.180000000000000000e+02 2.409508576786736800e+00 1.625774442072476900e+00
7.600000000000000000e+01 5.150000000000000000e+02 2.621497580816346318e+00 1.558104555211818010e+00
8.000000000000000000e+01 4.730000000000000000e+02 3.084085568301424107e+00 1.213613253973596873e+00
8.100000000000000000e+01 4.560000000000000000e+02 2.824879674588220091e+00 1.073092269901220863e+00
8.200000000000000000e+01 4.400000000000000000e+02 3.347132016737542237e+00 9.807588148299062336e-01
8.000000000000000000e+01 4.340000000000000000e+02 3.312122683685521096e+00 1.012257639330287784e+00
8.700000000000000000e+01 4.590000000000000000e+02 3.934820967819192106e+00 1.057700545661106384e+00
9.500000000000000000e+01 4.980000000000000000e+02 4.412777593977511792e+00 1.142967979546321011e+00
9.500000000000000000e+01 5.060000000000000000e+02 4.914517601522029544e+00 1.293762014396076188e+00
9.700000000000000000e+01 5.120000000000000000e+02 5.699990883240411144e+00 1.472110038074827543e+00
9.500000000000000000e+01 5.230000000000000000e+02 5.874016328002594101e+00 1.651688248708388151e+00
9.800000000000000000e+01 5.330000000000000000e+02 6.711140249529234048e+00 1.876901797400041261e+00
8.500000000000000000e+01 4.760000000000000000e+02 4.733167071403533654e+00 1.570091395942298851e+00
7.900000000000000000e+01 4.260000000000000000e+02 3.961943956878592576e+00 1.246597139079478556e+00
7.900000000000000000e+01 3.990000000000000000e+02 3.468868576094222167e+00 1.057648327639685526e+00
7.700000000000000000e+01 3.900000000000000000e+02 3.150878932387346065e+00 1.017879692887891929e+00
7.900000000000000000e+01 3.800000000000000000e+02 3.124044611531167526e+00 9.737719845866533719e-01
8.800000000000000000e+01 4.060000000000000000e+02 3.172328937572586049e+00 8.372239719774090538e-01
9.200000000000000000e+01 4.090000000000000000e+02 3.104952884921125200e+00 8.125226991763818685e-01
9.000000000000000000e+01 4.090000000000000000e+02 2.851615522225593224e+00 8.616447423259034899e-01
9.300000000000000000e+01 4.370000000000000000e+02 3.162424045098811920e+00 9.004185105750730500e-01
9.400000000000000000e+01 4.590000000000000000e+02 3.493562586461939734e+00 9.827988586735442178e-01
9.300000000000000000e+01 4.610000000000000000e+02 3.891868986961621868e+00 1.051348186733964019e+00
9.500000000000000000e+01 4.610000000000000000e+02 4.554352992440533043e+00 1.120309762305752077e+00
9.100000000000000000e+01 4.420000000000000000e+02 3.985084447273557817e+00 9.244039378025425968e-01
9.000000000000000000e+01 4.400000000000000000e+02 3.936023705568715503e+00 8.578356272443907748e-01
8.700000000000000000e+01 4.380000000000000000e+02 3.824573317886887924e+00 8.506459157927553916e-01
9.300000000000000000e+01 4.540000000000000000e+02 4.505815275408006748e+00 8.604649079373937193e-01
1.030000000000000000e+02 5.720000000000000000e+02 5.045335549208892267e+00 8.823779341086820383e-01
9.900000000000000000e+01 5.680000000000000000e+02 4.938041745859476528e+00 9.537186673097687306e-01
9.600000000000000000e+01 5.710000000000000000e+02 5.029787659780284415e+00 1.025857341072957452e+00
9.500000000000000000e+01 6.640000000000000000e+02 4.518774399440760092e+00 1.042266450134108569e+00
