0.000000000000000000e+00 0.000000000000000000e+00 0.000000000000000000e+00 0.000000000000000000e+00
3.000000000000000000e+00 0.000000000000000000e+00 6.546876815262455285e-04 0.000000000000000000e+00
1.200000000000000000e+01 1.100000000000000000e+01 2.841869013298250427e-03 5.441257385688895443e-04
1.500000000000000000e+01 1.500000000000000000e+01 4.463820440012296852e-03 8.596957140213244350e-04
2.200000000000000000e+01 1.900000000000000000e+01 7.505357598582298138e-03 1.243185488655702657e-03
3.400000000000000000e+01 3.000000000000000000e+01 1.266212860511624523e-02 2.055233496590475398e-03
3.400000000000000000e+01 3.200000000000000000e+01 1.693263897818045316e-02 2.596626126024959014e-03
3.500000000000000000e+01 3.300000000000000000e+01 2.282874453354476196e-02 3.203652648929614880e-03
3.500000000000000000e+01 3.300000000000000000e+01 3.043450717906017247e-02 3.889497454225837071e-03
3.800000000000000000e+01 3.600000000000000000e+01 4.115169515682149531e-02 4.867686768236781890e-03
3.900000000000000000e+01 3.600000000000000000e+01 5.486521503903398628e-02 5.902775433840030603e-03
6.000000000000000000e+01 6.100000000000000000e+01 7.726502285923186886e-02 8.389433843273301841e-03
6.200000000000000000e+01 6.900000000000000000e+01 1.025979158153293436e-01 1.056051294970521311e-02
6.200000000000000000e+01 6.900000000000000000e+01 1.352575605577517048e-01 1.278729741826265497e-02
6.500000000000000000e+01 8.100000000000000000e+01 1.783631142622726651e-01 1.606392128989139745e-02
6.700000000000000000e+01 8.700000000000000000e+01 2.339064065608387755e-01 1.971756000659076469e-02
7.700000000000000000e+01 9.700000000000000000e+01 3.070708693207990225e-01 2.431127121957693885e-02
8.000000000000000000e+01 9.900000000000000000e+01 3.991157961754895345e-01 2.943738690164590666e-02
8.900000000000000000e+01 1.560000000000000000e+02 5.172128683670664806e-01 3.830412814326323440e-02
8.900000000000000000e+01 1.570000000000000000e+02 6.640260339563753833e-01 4.619934562822517604e-02
8.900000000000000000e+01 1.580000000000000000e+02 8.472498677769952913e-01 5.564100672473634712e-02
8.900000000000000000e+01 1.690000000000000000e+02 1.073806112143501190e+00 6.740474308858521169e-02
9.200000000000000000e+01 1.970000000000000000e+02 1.351832940938043182e+00 8.226935914709516962e-02
9.200000000000000000e+01 2.010000000000000000e+02 1.688088634062557825e+00 9.878683144602634636e-02
9.600000000000000000e+01 2.190000000000000000e+02 2.091887229558872630e+00 1.190769613767755919e-01
9.700000000000000000e+01 2.270000000000000000e+02 2.569718783614716173e+00 1.426187747524124416e-01
9.800000000000000000e+01 2.270000000000000000e+02 3.129238177799901433e+00 1.700232926081415574e-01
9.900000000000000000e+01 2.380000000000000000e+02 3.776662044180062239e+00 2.028240638075974323e-01
1.010000000000000000e+02 2.410000000000000000e+02 4.517142454822159259e+00 2.409446942596397967e-01
1.010000000000000000e+02 2.410000000000000000e+02 5.353483654795602398e+00 2.854036257315895053e-01
1.060000000000000000e+02 2.520000000000000000e+02 6.288748966381276340e+00 3.377940087607109176e-01
1.050000000000000000e+02 2.530000000000000000e+02 6.887234889802625659e+00 3.982139536444680439e-01
1.020000000000000000e+02 2.540000000000000000e+02 6.647226845431356779e+00 4.159390849380062982e-01
1.020000000000000000e+02 2.560000000000000000e+02 6.756057822481852604e+00 4.334779394527643603e-01
1.000000000000000000e+02 2.520000000000000000e+02 6.910828401685143341e+00 4.364155231941529989e-01
9.000000000000000000e+01 2.460000000000000000e+02 5.673163048954497079e+00 4.450679190636441795e-01
9.200000000000000000e+01 2.540000000000000000e+02 5.559150064414111192e+00 4.639677004714201636e-01
9.000000000000000000e+01 2.500000000000000000e+02 5.940427278356078311e+00 4.921229337705627094e-01
8.900000000000000000e+01 2.520000000000000000e+02 6.058349981264111506e+00 5.800335379640925160e-01
8.800000000000000000e+01 2.490000000000000000e+02 6.801662562780391497e+00 6.427550228277474353e-01
9.700000000000000000e+01 2.790000000000000000e+02 7.361569609970197270e+00 7.357027164082400317e-01
9.700000000000000000e+01 2.970000000000000000e+02 6.188292630376995618e+00 7.165248938236105092e-01
9.100000000000000000e+01 2.890000000000000000e+02 5.652661252463089703e+00 7.094201393820801504e-01
9.200000000000000000e+01 3.080000000000000000e+02 5.669072607978239198e+00 7.550278042345143215e-01
9.000000000000000000e+01 3.330000000000000000e+02 4.911612611352895286e+00 8.228529647835497451e-01
8.800000000000000000e+01 3.280000000000000000e+02 5.095539910295335595e+00 8.642908672044792295e-01
8.300000000000000000e+01 3.280000000000000000e+02 4.435221366335902360e+00 9.003788059023413171e-01
8.400000000000000000e+01 3.380000000000000000e+02 4.141195039816840229e+00 9.699064112569406593e-01
8.100000000000000000e+01 3.250000000000000000e+02 3.036780406704701285e+00 7.969999225568803469e-01
7.900000000000000000e+01 3.100000000000000000e+02 2.969425347777796098e+00 7.170401421619253535e-01
7.800000000000000000e+01 3.180000000000000000e+02 2.900595555694082339e+00 7.234113857213818610e-01
7.900000000000000000e+01 3.170000000000000000e+02 3.355528478798285974e+00 6.992631725513931418e-01
7.800000000000000000e+01 3.030000000000000000e+02 3.119934378140487574e+00 6.121258052845477415e-01
7.700000000000000000e+01 3.170000000000000000e+02 3.043166716428682417e+00 5.938013795918695159e-01
7.800000000000000000e+01 3.190000000000000000e+02 2.764611547923593537e+00 5.311393143530527272e-01
7.800000000000000000e+01 3.120000000000000000e+02 2.559740786289402159e+00 4.906427689766084121e-01
7.800000000000000000e+01 3.050000000000000000e+02 3.042427268462211565e+00 4.759398359498808739e-01
8.600000000000000000e+01 3.310000000000000000e+02 3.133408657210851711e+00 4.566033512807081696e-01
8.900000000000000000e+01 3.250000000000000000e+02 3.700228391177296405e+00 4.449974183319701515e-01
8.900000000000000000e+01 3.440000000000000000e+02 3.855844222294417367e+00 4.904199952707856136e-01
8.900000000000000000e+01 3.550000000000000000e+02 3.864218776751069839e+00 4.956530184412014095e-01
8.700000000000000000e+01 3.520000000000000000e+02 4.070431715009168450e+00 5.296676860997431291e-01
8.700000000000000000e+01 3.480000000000000000e+02 4.498790928218157958e+00 5.562535522449730818e-01
8.800000000000000000e+01 3.710000000000000000e+02 4.088432487791057390e+00 6.096012456943813440e-01
8.700000000000000000e+01 3.700000000000000000e+02 4.311945776913960415e+00 6.533613533192567102e-01
8.600000000000000000e+01 3.770000000000000000e+02 4.802860165287762939e+00 7.404278576664612421e-01
9.000000000000000000e+01 3.940000000000000000e+02 4.671984191717753809e+00 7.932769518597443392e-01
9.300000000000000000e+01 3.990000000000000000e+02 5.194483753548952976e+00 8.666732326556575439e-01
9.200000000000000000e+01 4.070000000000000000e+02 5.738877624451558468e+00 9.696681534493742927e-01
9.300000000000000000e+01 4.200000000000000000e+02 6.064497409774830317e+00 1.137189496398204325e+00
9.000000000000000000e+01 4.270000000000000000e+02 5.843264607568422697e+00 1.144042560804822806e+00
8.600000000000000000e+01 4.060000000000000000e+02 5.237551676565979086e+00 1.050094448587185259e+00
8.100000000000000000e+01 4.020000000000000000e+02 4.221246549259962677e+00 1.091327851240389224e+00
7.900000000000000000e+01 4.020000000000000000e+02 4.146339920191297601e+00 1.032758472182636167e+00
7.400000000000000000e+01 3.820000000000000000e+02 3.185797712984539842e+00 9.483742580271105060e-01
7.400000000000000000e+01 3.710000000000000000e+02 3.473906906139681450e+00 9.057028452305567745e-01
7.700000000000000000e+01 3.740000000000000000e+02 3.773090120874693643e+00 9.002224918402447207e-01
7.300000000000000000e+01 3.650000000000000000e+02 3.433242651233312071e+00 8.874272935765952219e-01
7.100000000000000000e+01 3.500000000000000000e+02 3.278828365674788525e+00 8.332758215316460326e-01
7.100000000000000000e+01 3.450000000000000000e+02 3.356116896300033847e+00 8.521717197114371256e-01
7.000000000000000000e+01 3.390000000000000000e+02 3.710739213124210067e+00 8.355088446764091792e-01
7.100000000000000000e+01 3.350000000000000000e+02 3.735555640495089591e+00 8.635162605460484642e-01
7.100000000000000000e+01 3.280000000000000000e+02 4.367564616183620352e+00 8.942345449480633146e-01
7.700000000000000000e+01 3.260000000000000000e+02 4.607736580508843716e+00 8.684113564053130840e-01
7.500000000000000000e+01 3.150000000000000000e+02 4.386014413056783745e+00 8.396483195878625683e-01
7.800000000000000000e+01 3.190000000000000000e+02 4.397034464862163539e+00 8.645580579970720825e-01
7.900000000000000000e+01 3.180000000000000000e+02 4.767720042004806480e+00 9.418564111817121498e-01
8.000000000000000000e+01 3.060000000000000000e+02 4.132661795408229644e+00 8.878906012291282179e-01
7.700000000000000000e+01 2.980000000000000000e+02 3.850942724101976911e+00 8.922570786295780376e-01
7.300000000000000000e+01 2.850000000000000000e+02 3.465763982805853072e+00 8.647277882209808419e-01
7.800000000000000000e+01 2.930000000000000000e+02 3.068807462737299208e+00 8.227937430302429966e-01
7.700000000000000000e+01 2.890000000000000000e+02 3.350958160559865284e+00 8.358269114212931727e-01
8.300000000000000000e+01 3.000000000000000000e+02 3.902713291143340424e+00 8.788848259403124752e-01
8.100000000000000000e+01 3.040000000000000000e+02 3.852575190804440108e+00 8.326673060781135671e-01
8.000000000000000000e+01 2.960000000000000000e+02 3.933078610251781626e+00 8.466998773022891278e-01
7.800000000000000000e+01 2.930000000000000000e+02 3.992459572300992132e+00 8.760102550294045498e-01
7.900000000000000000e+01 2.780000000000000000e+02 3.924760323699946873e+00 8.154487212675781693e-01
7.900000000000000000e+01 2.810000000000000000e+02 3.026987878085881878e+00 8.083299462764723664e-01
7.600000000000000000e+01 2.710000000000000000e+02 2.754868771985845566e+00 7.927984651985633402e-01
7.500000000000000000e+01 2.680000000000000000e+02 2.549505175484903408e+00 7.714149480973921946e-01
7.500000000000000000e+01 2.500000000000000000e+02 2.756280279647090214e+00 6.621684792236527395e-01
7.400000000000000000e+01 2.370000000000000000e+02 2.987633958216886043e+00 6.036465198423294209e-01
7.200000000000000000e+01 2.290000000000000000e+02 2.705704056045326045e+00 6.015196585661203299e-01
7.500000000000000000e+01 2.230000000000000000e+02 2.887369196603240429e+00 5.267127868560839143e-01
7.400000000000000000e+01 2.220000000000000000e+02 2.886573093816459767e+00 5.125047232129491537e-01
7.700000000000000000e+01 2.210000000000000000e+02 3.141331660238650958e+00 5.073124979814721547e-01
7.600000000000000000e+01 2.090000000000000000e+02 3.458989730946475660e+00 4.507194620124826967e-01
7.900000000000000000e+01 2.110000000000000000e+02 3.821342760451931664e+00 4.272220282696764793e-01
7.900000000000000000e+01 2.060000000000000000e+02 4.251396986322917293e+00 4.308108981961117356e-01
7.600000000000000000e+01 2.040000000000000000e+02 4.162103044697633258e+00 4.732774012499780802e-01
7.900000000000000000e+01 2.040000000000000000e+02 4.318732949086268924e+00 5.119999209798871131e-01
8.100000000000000000e+01 2.040000000000000000e+02 5.045819890817074160e+00 5.057928716532057445e-01
8.600000000000000000e+01 2.150000000000000000e+02 5.364733864793588047e+00 5.536719442108475331e-01
9.300000000000000000e+01 2.200000000000000000e+02 5.751029268717762655e+00 5.251219364467932804e-01
9.000000000000000000e+01 2.300000000000000000e+02 5.370538747020643378e+00 5.711783242521122350e-01
8.500000000000000000e+01 2.270000000000000000e+02 4.787865424057280883e+00 5.746286476894920670e-01
8.200000000000000000e+01 2.250000000000000000e+02 4.235066470337204514e+00 6.154136488549188932e-01
8.300000000000000000e+01 2.250000000000000000e+02 4.454717200621312934e+00 5.955723077065421256e-01
8.400000000000000000e+01 2.300000000000000000e+02 4.376088938027495878e+00 6.300039258192255964e-01
8.500000000000000000e+01 2.420000000000000000e+02 4.258891265653293345e+00 7.081170339200628661e-01
8.200000000000000000e+01 2.290000000000000000e+02 3.951700823979059418e+00 6.587422598491646797e-01
7.900000000000000000e+01 2.240000000000000000e+02 3.579908171310221210e+00 6.680374118426749552e-01
7.700000000000000000e+01 2.210000000000000000e+02 3.210139120639261545e+00 6.115856109196357027e-01
7.400000000000000000e+01 2.040000000000000000e+02 2.969995292215777294e+00 5.162110706788896053e-01
7.600000000000000000e+01 2.050000000000000000e+02 2.972080757941742313e+00 4.688442621399477317e-01
7.500000000000000000e+01 1.980000000000000000e+02 3.172341480946095693e+00 4.407634649198664545e-01
7.400000000000000000e+01 1.970000000000000000e+02 3.466419106490410851e+00 4.210155224339411362e-01
6.900000000000000000e+01 2.000000000000000000e+02 2.659116538669907825e+00 3.946446046738767421e-01
7.300000000000000000e+01 2.040000000000000000e+02 2.616405548629822331e+00 3.823196708733650473e-01
7.700000000000000000e+01 2.080000000000000000e+02 2.867740756892432241e+00 3.357345112385267116e-01
7.600000000000000000e+01 2.040000000000000000e+02 3.131180266688484704e+00 3.277320683069997465e-01
8.200000000000000000e+01 2.110000000000000000e+02 3.369758232529698194e+00 3.598510165255228710e-01
8.300000000000000000e+01 2.180000000000000000e+02 3.692955313116854654e+00 4.051896923217302993e-01
8.100000000000000000e+01 2.120000000000000000e+02 3.887196219242260220e+00 4.049818342118002290e-01
7.900000000000000000e+01 2.090000000000000000e+02 3.581271279398736684e+00 4.319799258687127552e-01
7.700000000000000000e+01 2.040000000000000000e+02 3.777413709732336144e+00 4.234645058139893670e-01
9.000000000000000000e+01 2.190000000000000000e+02 4.195515626046764979e+00 4.564434727690969695e-01
9.200000000000000000e+01 2.270000000000000000e+02 4.203011080622307105e+00 4.681726693391709548e-01
9.700000000000000000e+01 2.300000000000000000e+02 4.668501521936767595e+00 4.978711343588438920e-01
9.700000000000000000e+01 2.330000000000000000e+02 5.177293218712690326e+00 5.526408748647305691e-01
9.400000000000000000e+01 2.310000000000000000e+02 5.315495726069491944e+00 6.092705521589553141e-01
9.300000000000000000e+01 2.270000000000000000e+02 5.576629920578246136e+00 6.466291159282969714e-01
8.800000000000000000e+01 2.240000000000000000e+02 5.219534610262864582e+00 6.455315096377244322e-01
8.000000000000000000e+01 2.200000000000000000e+02 3.891603344389245933e+00 6.298008998238712186e-01
8.000000000000000000e+01 2.190000000000000000e+02 3.498185331899668515e+00 5.712155016696509602e-01
8.500000000000000000e+01 2.160000000000000000e+02 4.044687600847433728e+00 5.115668137949345162e-01
8.300000000000000000e+01 2.180000000000000000e+02 3.921909319653082093e+00 5.280101473612716090e-01
8.100000000000000000e+01 2.130000000000000000e+02 3.978396813063374449e+00 5.123702428012734122e-01
8.000000000000000000e+01 2.180000000000000000e+02 3.544573288930956245e+00 5.105106152478133819e-01
7.300000000000000000e+01 2.110000000000000000e+02 2.442677605606489166e+00 5.007346414707957161e-01
7.300000000000000000e+01 2.020000000000000000e+02 2.892453716047571621e+00 4.681195241350470382e-01
7.300000000000000000e+01 1.960000000000000000e+02 3.400390829115074620e+00 4.529035755537548225e-01
8.000000000000000000e+01 1.910000000000000000e+02 3.970808466348966892e+00 4.112256047305133944e-01
8.600000000000000000e+01 2.030000000000000000e+02 3.561839321269312464e+00 4.712156946679477154e-01
8.400000000000000000e+01 2.100000000000000000e+02 3.220137630217181801e+00 4.860420668426936874e-01
8.400000000000000000e+01 2.110000000000000000e+02 3.575608107671541358e+00 5.168414840285043832e-01
8.400000000000000000e+01 2.060000000000000000e+02 4.219300395538842174e+00 5.287222676155216572e-01
9.600000000000000000e+01 2.160000000000000000e+02 4.721054993530266586e+00 5.260291028759903620e-01
9.200000000000000000e+01 2.080000000000000000e+02 4.619264610757285894e+00 5.179876167676091825e-01
9.100000000000000000e+01 2.020000000000000000e+02 4.693343331267580965e+00 4.655764790957600541e-01
8.900000000000000000e+01 1.990000000000000000e+02 4.701776087054594377e+00 4.783469497899678347e-01
9.500000000000000000e+01 2.120000000000000000e+02 4.539864183970569123e+00 4.598188682728025500e-01
9.500000000000000000e+01 2.340000000000000000e+02 4.330205449844869214e+00 4.513609198929637856e-01
9.600000000000000000e+01 2.450000000000000000e+02 4.788801870673500716e+00 4.593147851499958523e-01
9.500000000000000000e+01 2.450000000000000000e+02 5.306516061163963904e+00 4.905020108222103992e-01
9.700000000000000000e+01 2.600000000000000000e+02 5.532512752565707181e+00 5.644990105885461240e-01
9.200000000000000000e+01 2.630000000000000000e+02 5.008923088524144696e+00 5.247342071329768043e-01
8.600000000000000000e+01 2.530000000000000000e+02 4.093902931108995169e+00 4.857748423819954753e-01
7.900000000000000000e+01 2.470000000000000000e+02 3.002959600649783845e+00 4.637315863213050671e-01
7.500000000000000000e+01 2.460000000000000000e+02 2.522112022852299962e+00 4.501817439665461440e-01
7.700000000000000000e+01 2.510000000000000000e+02 2.657064974820113612e+00 4.614457086511497552e-01
8.000000000000000000e+01 2.700000000000000000e+02 2.847374161995393838e+00 4.967595763149492694e-01
8.000000000000000000e+01 2.640000000000000000e+02 3.357198367995507748e+00 5.070001411176719985e-01
8.700000000000000000e+01 2.750000000000000000e+02 3.930113519342358419e+00 5.101017017381328511e-01
